 frequency       v(Zin_dm)       v(Zin_dm)       v(Zin_cm)       v(Zin_cm)      
 1.00000000e-02  3.62703349e+06 -8.14551586e+00  0.00000000e+00 -3.93091189e+16 
 1.02305973e-02  3.62703349e+06 -8.33334925e+00  0.00000000e+00 -3.84230928e+16 
 1.04665121e-02  3.62703349e+06 -8.52551404e+00  0.00000000e+00 -3.75570377e+16 
 1.07078670e-02  3.62703349e+06 -8.72211009e+00  0.00000000e+00 -3.67105034e+16 
 1.09547876e-02  3.62703349e+06 -8.92323959e+00  0.00000000e+00 -3.58830499e+16 
 1.12074020e-02  3.62703349e+06 -9.12900708e+00  0.00000000e+00 -3.50742473e+16 
 1.14658417e-02  3.62703349e+06 -9.33951952e+00  0.00000000e+00 -3.42836750e+16 
 1.17302409e-02  3.62703349e+06 -9.55488632e+00  0.00000000e+00 -3.35109222e+16 
 1.20007371e-02  3.62703349e+06 -9.77521941e+00  0.00000000e+00 -3.27555872e+16 
 1.22774708e-02  3.62703349e+06 -1.00006333e+01  0.00000000e+00 -3.20172774e+16 
 1.25605860e-02  3.62703349e+06 -1.02312452e+01  0.00000000e+00 -3.12956091e+16 
 1.28502297e-02  3.62703349e+06 -1.04671750e+01  0.00000000e+00 -3.05902072e+16 
 1.31465525e-02  3.62703349e+06 -1.07085452e+01  0.00000000e+00 -2.99007050e+16 
 1.34497085e-02  3.62703349e+06 -1.09554814e+01  0.00000000e+00 -2.92267442e+16 
 1.37598551e-02  3.62703349e+06 -1.12081118e+01  0.00000000e+00 -2.85679744e+16 
 1.40771537e-02  3.62703349e+06 -1.14665678e+01  0.00000000e+00 -2.79240533e+16 
 1.44017690e-02  3.62703349e+06 -1.17309838e+01  0.00000000e+00 -2.72946462e+16 
 1.47338699e-02  3.62703349e+06 -1.20014971e+01  0.00000000e+00 -2.66794258e+16 
 1.50736290e-02  3.62703349e+06 -1.22782484e+01  0.00000000e+00 -2.60780725e+16 
 1.54212228e-02  3.62703349e+06 -1.25613815e+01  0.00000000e+00 -2.54902737e+16 
 1.57768320e-02  3.62703349e+06 -1.28510436e+01  0.00000000e+00 -2.49157238e+16 
 1.61406415e-02  3.62703349e+06 -1.31473852e+01  0.00000000e+00 -2.43541243e+16 
 1.65128404e-02  3.62703349e+06 -1.34505603e+01  0.00000000e+00 -2.38051832e+16 
 1.68936220e-02  3.62703349e+06 -1.37607266e+01  0.00000000e+00 -2.32686152e+16 
 1.72831844e-02  3.62703349e+06 -1.40780452e+01  0.00000000e+00 -2.27441415e+16 
 1.76817299e-02  3.62703349e+06 -1.44026811e+01  0.00000000e+00 -2.22314893e+16 
 1.80894658e-02  3.62703349e+06 -1.47348031e+01  0.00000000e+00 -2.17303924e+16 
 1.85066040e-02  3.62703349e+06 -1.50745837e+01  0.00000000e+00 -2.12405901e+16 
 1.89333613e-02  3.62703349e+06 -1.54221995e+01  0.00000000e+00 -2.07618279e+16 
 1.93699595e-02  3.62703349e+06 -1.57778312e+01  0.00000000e+00 -2.02938571e+16 
 1.98166255e-02  3.62703349e+06 -1.61416638e+01  0.00000000e+00 -1.98364343e+16 
 2.02735916e-02  3.62703349e+06 -1.65138862e+01  0.00000000e+00 -1.93893218e+16 
 2.07410951e-02  3.62703349e+06 -1.68946919e+01  0.00000000e+00 -1.89522871e+16 
 2.12193792e-02  3.62703349e+06 -1.72842790e+01  0.00000000e+00 -1.85251033e+16 
 2.17086923e-02  3.62703349e+06 -1.76828498e+01  0.00000000e+00 -1.81075481e+16 
 2.22092889e-02  3.62703349e+06 -1.80906115e+01  0.00000000e+00 -1.76994046e+16 
 2.27214291e-02  3.62703349e+06 -1.85077761e+01  0.00000000e+00 -1.73004607e+16 
 2.32453791e-02  3.62703349e+06 -1.89345604e+01  0.00000000e+00 -1.69105089e+16 
 2.37814113e-02  3.62703349e+06 -1.93711863e+01  0.00000000e+00 -1.65293466e+16 
 2.43298042e-02  3.62703349e+06 -1.98178806e+01  0.00000000e+00 -1.61567757e+16 
 2.48908429e-02  3.62703349e+06 -2.02748756e+01  0.00000000e+00 -1.57926026e+16 
 2.54648190e-02  3.62703349e+06 -2.07424087e+01  0.00000000e+00 -1.54366379e+16 
 2.60520309e-02  3.62703349e+06 -2.12207231e+01  0.00000000e+00 -1.50886966e+16 
 2.66527837e-02  3.62703349e+06 -2.17100672e+01  0.00000000e+00 -1.47485980e+16 
 2.72673897e-02  3.62703349e+06 -2.22106955e+01  0.00000000e+00 -1.44161651e+16 
 2.78961683e-02  3.62703349e+06 -2.27228681e+01  0.00000000e+00 -1.40912252e+16 
 2.85394464e-02  3.62703349e+06 -2.32468514e+01  0.00000000e+00 -1.37736095e+16 
 2.91975583e-02  3.62703349e+06 -2.37829175e+01  0.00000000e+00 -1.34631529e+16 
 2.98708461e-02  3.62703349e+06 -2.43313451e+01  0.00000000e+00 -1.31596939e+16 
 3.05596598e-02  3.62703349e+06 -2.48924194e+01  0.00000000e+00 -1.28630749e+16 
 3.12643573e-02  3.62703349e+06 -2.54664318e+01  0.00000000e+00 -1.25731416e+16 
 3.19853049e-02  3.62703349e+06 -2.60536809e+01  0.00000000e+00 -1.22897434e+16 
 3.27228774e-02  3.62703349e+06 -2.66544717e+01  0.00000000e+00 -1.20127331e+16 
 3.34774581e-02  3.62703349e+06 -2.72691166e+01  0.00000000e+00 -1.17419665e+16 
 3.42494392e-02  3.62703349e+06 -2.78979351e+01  0.00000000e+00 -1.14773030e+16 
 3.50392221e-02  3.62703349e+06 -2.85412539e+01  0.00000000e+00 -1.12186050e+16 
 3.58472171e-02  3.62703349e+06 -2.91994076e+01  0.00000000e+00 -1.09657380e+16 
 3.66738442e-02  3.62703349e+06 -2.98727380e+01  0.00000000e+00 -1.07185707e+16 
 3.75195331e-02  3.62703349e+06 -3.05615953e+01  0.00000000e+00 -1.04769745e+16 
 3.83847234e-02  3.62703349e+06 -3.12663374e+01  0.00000000e+00 -1.02408239e+16 
 3.92698648e-02  3.62703349e+06 -3.19873307e+01  0.00000000e+00 -1.00099961e+16 
 4.01754173e-02  3.62703349e+06 -3.27249499e+01  0.00000000e+00 -9.78437112e+15 
 4.11018515e-02  3.62703349e+06 -3.34795784e+01  0.00000000e+00 -9.56383175e+15 
 4.20496491e-02  3.62703349e+06 -3.42516085e+01  0.00000000e+00 -9.34826333e+15 
 4.30193027e-02  3.62703349e+06 -3.50414413e+01  0.00000000e+00 -9.13755381e+15 
 4.40113162e-02  3.62703349e+06 -3.58494875e+01  0.00000000e+00 -8.93159368e+15 
 4.50262052e-02  3.62703349e+06 -3.66761670e+01  0.00000000e+00 -8.73027588e+15 
 4.60644974e-02  3.62703349e+06 -3.75219095e+01  0.00000000e+00 -8.53349577e+15 
 4.71267322e-02  3.62703349e+06 -3.83871546e+01  0.00000000e+00 -8.34115109e+15 
 4.82134619e-02  3.62703349e+06 -3.92723520e+01  0.00000000e+00 -8.15314184e+15 
 4.93252513e-02  3.62703349e+06 -4.01779619e+01  0.00000000e+00 -7.96937032e+15 
 5.04626783e-02  3.62703349e+06 -4.11044548e+01  0.00000000e+00 -7.78974100e+15 
 5.16263340e-02  3.62703349e+06 -4.20523124e+01  0.00000000e+00 -7.61416052e+15 
 5.28168234e-02  3.62703349e+06 -4.30220274e+01  0.00000000e+00 -7.44253762e+15 
 5.40347650e-02  3.62703349e+06 -4.40141038e+01  0.00000000e+00 -7.27478309e+15 
 5.52807921e-02  3.62703349e+06 -4.50290571e+01  0.00000000e+00 -7.11080975e+15 
 5.65555523e-02  3.62703349e+06 -4.60674150e+01  0.00000000e+00 -6.95053235e+15 
 5.78597080e-02  3.62703349e+06 -4.71297172e+01  0.00000000e+00 -6.79386761e+15 
 5.91939372e-02  3.62703349e+06 -4.82165157e+01  0.00000000e+00 -6.64073408e+15 
 6.05589334e-02  3.62703349e+06 -4.93283756e+01  0.00000000e+00 -6.49105218e+15 
 6.19554061e-02  3.62703349e+06 -5.04658746e+01  0.00000000e+00 -6.34474410e+15 
 6.33840810e-02  3.62703349e+06 -5.16296040e+01  0.00000000e+00 -6.20173380e+15 
 6.48457008e-02  3.62703349e+06 -5.28201688e+01  0.00000000e+00 -6.06194694e+15 
 6.63410251e-02  3.62703349e+06 -5.40381876e+01  0.00000000e+00 -5.92531088e+15 
 6.78708313e-02  3.62703349e+06 -5.52842936e+01  0.00000000e+00 -5.79175459e+15 
 6.94359143e-02  3.62703349e+06 -5.65591345e+01  0.00000000e+00 -5.66120866e+15 
 7.10370877e-02  3.62703349e+06 -5.78633729e+01  0.00000000e+00 -5.53360522e+15 
 7.26751838e-02  3.62703349e+06 -5.91976867e+01  0.00000000e+00 -5.40887796e+15 
 7.43510539e-02  3.62703349e+06 -6.05627694e+01  0.00000000e+00 -5.28696205e+15 
 7.60655691e-02  3.62703349e+06 -6.19593305e+01  0.00000000e+00 -5.16779412e+15 
 7.78196206e-02  3.62703349e+06 -6.33880959e+01  0.00000000e+00 -5.05131224e+15 
 7.96141200e-02  3.62703349e+06 -6.48498083e+01  0.00000000e+00 -4.93745584e+15 
 8.14500001e-02  3.62703349e+06 -6.63452274e+01  0.00000000e+00 -4.82616577e+15 
 8.33282151e-02  3.62703349e+06 -6.78751305e+01  0.00000000e+00 -4.71738418e+15 
 8.52497412e-02  3.62703349e+06 -6.94403127e+01  0.00000000e+00 -4.61105451e+15 
 8.72155772e-02  3.62703349e+06 -7.10415876e+01  0.00000000e+00 -4.50712152e+15 
 8.92267449e-02  3.62703349e+06 -7.26797874e+01  0.00000000e+00 -4.40553117e+15 
 9.12842895e-02  3.62703349e+06 -7.43557637e+01  0.00000000e+00 -4.30623066e+15 
 9.33892805e-02  3.62703349e+06 -7.60703876e+01  0.00000000e+00 -4.20916838e+15 
 9.55428121e-02  3.62703349e+06 -7.78245503e+01  0.00000000e+00 -4.11429389e+15 
 9.77460036e-02  3.62703349e+06 -7.96191634e+01  0.00000000e+00 -4.02155786e+15 
 1.00000000e-01  3.62703349e+06 -8.14551599e+01  0.00000000e+00 -3.93091209e+15 
 1.02305973e-01  3.62703349e+06 -8.33334939e+01  0.00000000e+00 -3.84230949e+15 
 1.04665121e-01  3.62703349e+06 -8.52551418e+01  0.00000000e+00 -3.75570398e+15 
 1.07078670e-01  3.62703349e+06 -8.72211025e+01  0.00000000e+00 -3.67105055e+15 
 1.09547876e-01  3.62703349e+06 -8.92323976e+01  0.00000000e+00 -3.58830521e+15 
 1.12074020e-01  3.62703349e+06 -9.12900727e+01  0.00000000e+00 -3.50742495e+15 
 1.14658417e-01  3.62703349e+06 -9.33951972e+01  0.00000000e+00 -3.42836773e+15 
 1.17302409e-01  3.62703349e+06 -9.55488653e+01  0.00000000e+00 -3.35109245e+15 
 1.20007371e-01  3.62703349e+06 -9.77521964e+01  0.00000000e+00 -3.27555896e+15 
 1.22774708e-01  3.62703349e+06 -1.00006336e+02  0.00000000e+00 -3.20172799e+15 
 1.25605860e-01  3.62703349e+06 -1.02312455e+02  0.00000000e+00 -3.12956116e+15 
 1.28502297e-01  3.62703349e+06 -1.04671753e+02  0.00000000e+00 -3.05902098e+15 
 1.31465525e-01  3.62703349e+06 -1.07085455e+02  0.00000000e+00 -2.99007077e+15 
 1.34497085e-01  3.62703349e+06 -1.09554817e+02  0.00000000e+00 -2.92267469e+15 
 1.37598551e-01  3.62703349e+06 -1.12081122e+02  0.00000000e+00 -2.85679772e+15 
 1.40771537e-01  3.62703349e+06 -1.14665682e+02  0.00000000e+00 -2.79240561e+15 
 1.44017690e-01  3.62703349e+06 -1.17309842e+02  0.00000000e+00 -2.72946490e+15 
 1.47338699e-01  3.62703349e+06 -1.20014975e+02  0.00000000e+00 -2.66794288e+15 
 1.50736290e-01  3.62703349e+06 -1.22782489e+02  0.00000000e+00 -2.60780755e+15 
 1.54212228e-01  3.62703349e+06 -1.25613820e+02  0.00000000e+00 -2.54902768e+15 
 1.57768320e-01  3.62703349e+06 -1.28510441e+02  0.00000000e+00 -2.49157270e+15 
 1.61406415e-01  3.62703349e+06 -1.31473857e+02  0.00000000e+00 -2.43541275e+15 
 1.65128404e-01  3.62703349e+06 -1.34505609e+02  0.00000000e+00 -2.38051865e+15 
 1.68936220e-01  3.62703349e+06 -1.37607272e+02  0.00000000e+00 -2.32686186e+15 
 1.72831844e-01  3.62703349e+06 -1.40780459e+02  0.00000000e+00 -2.27441449e+15 
 1.76817299e-01  3.62703349e+06 -1.44026819e+02  0.00000000e+00 -2.22314929e+15 
 1.80894658e-01  3.62703349e+06 -1.47348039e+02  0.00000000e+00 -2.17303960e+15 
 1.85066040e-01  3.62703349e+06 -1.50745845e+02  0.00000000e+00 -2.12405938e+15 
 1.89333613e-01  3.62703349e+06 -1.54222004e+02  0.00000000e+00 -2.07618317e+15 
 1.93699595e-01  3.62703349e+06 -1.57778322e+02  0.00000000e+00 -2.02938610e+15 
 1.98166255e-01  3.62703349e+06 -1.61416648e+02  0.00000000e+00 -1.98364382e+15 
 2.02735916e-01  3.62703349e+06 -1.65138873e+02  0.00000000e+00 -1.93893258e+15 
 2.07410951e-01  3.62703349e+06 -1.68946931e+02  0.00000000e+00 -1.89522913e+15 
 2.12193792e-01  3.62703349e+06 -1.72842802e+02  0.00000000e+00 -1.85251075e+15 
 2.17086923e-01  3.62703348e+06 -1.76828511e+02  0.00000000e+00 -1.81075524e+15 
 2.22092889e-01  3.62703348e+06 -1.80906129e+02  0.00000000e+00 -1.76994090e+15 
 2.27214291e-01  3.62703348e+06 -1.85077777e+02  0.00000000e+00 -1.73004652e+15 
 2.32453791e-01  3.62703348e+06 -1.89345621e+02  0.00000000e+00 -1.69105135e+15 
 2.37814113e-01  3.62703348e+06 -1.93711880e+02  0.00000000e+00 -1.65293514e+15 
 2.43298042e-01  3.62703348e+06 -1.98178825e+02  0.00000000e+00 -1.61567806e+15 
 2.48908429e-01  3.62703348e+06 -2.02748776e+02  0.00000000e+00 -1.57926076e+15 
 2.54648190e-01  3.62703348e+06 -2.07424109e+02  0.00000000e+00 -1.54366430e+15 
 2.60520309e-01  3.62703348e+06 -2.12207254e+02  0.00000000e+00 -1.50887018e+15 
 2.66527837e-01  3.62703348e+06 -2.17100697e+02  0.00000000e+00 -1.47486033e+15 
 2.72673897e-01  3.62703348e+06 -2.22106982e+02  0.00000000e+00 -1.44161705e+15 
 2.78961683e-01  3.62703348e+06 -2.27228710e+02  0.00000000e+00 -1.40912308e+15 
 2.85394464e-01  3.62703348e+06 -2.32468544e+02  0.00000000e+00 -1.37736152e+15 
 2.91975583e-01  3.62703348e+06 -2.37829207e+02  0.00000000e+00 -1.34631587e+15 
 2.98708461e-01  3.62703348e+06 -2.43313486e+02  0.00000000e+00 -1.31596999e+15 
 3.05596598e-01  3.62703348e+06 -2.48924231e+02  0.00000000e+00 -1.28630810e+15 
 3.12643573e-01  3.62703348e+06 -2.54664359e+02  0.00000000e+00 -1.25731479e+15 
 3.19853049e-01  3.62703347e+06 -2.60536852e+02  0.00000000e+00 -1.22897498e+15 
 3.27228774e-01  3.62703347e+06 -2.66544770e+02  0.00000000e+00 -1.20127396e+15 
 3.34774581e-01  3.62703347e+06 -2.72691222e+02  0.00000000e+00 -1.17419732e+15 
 3.42494392e-01  3.62703347e+06 -2.78979411e+02  0.00000000e+00 -1.14773098e+15 
 3.50392221e-01  3.62703347e+06 -2.85412603e+02  0.00000000e+00 -1.12186120e+15 
 3.58472171e-01  3.62703347e+06 -2.91994143e+02  0.00000000e+00 -1.09657452e+15 
 3.66738442e-01  3.62703347e+06 -2.98727452e+02  0.00000000e+00 -1.07185780e+15 
 3.75195331e-01  3.62703347e+06 -3.05616030e+02  0.00000000e+00 -1.04769820e+15 
 3.83847234e-01  3.62703347e+06 -3.12663453e+02  0.00000000e+00 -1.02408316e+15 
 3.92698648e-01  3.62703347e+06 -3.19873392e+02  0.00000000e+00 -1.00100039e+15 
 4.01754173e-01  3.62703346e+06 -3.27249589e+02  0.00000000e+00 -9.78437916e+14 
 4.11018515e-01  3.62703346e+06 -3.34795881e+02  0.00000000e+00 -9.56383997e+14 
 4.20496491e-01  3.62703346e+06 -3.42516188e+02  0.00000000e+00 -9.34827174e+14 
 4.30193027e-01  3.62703346e+06 -3.50414523e+02  0.00000000e+00 -9.13756242e+14 
 4.40113162e-01  3.62703346e+06 -3.58494993e+02  0.00000000e+00 -8.93160248e+14 
 4.50262052e-01  3.62703346e+06 -3.66761796e+02  0.00000000e+00 -8.73028488e+14 
 4.60644974e-01  3.62703345e+06 -3.75219229e+02  0.00000000e+00 -8.53350499e+14 
 4.71267322e-01  3.62703345e+06 -3.83871690e+02  0.00000000e+00 -8.34116052e+14 
 4.82134619e-01  3.62703345e+06 -3.92723674e+02  0.00000000e+00 -8.15315149e+14 
 4.93252513e-01  3.62703345e+06 -4.01779783e+02  0.00000000e+00 -7.96938019e+14 
 5.04626783e-01  3.62703345e+06 -4.11044714e+02  0.00000000e+00 -7.78975110e+14 
 5.16263340e-01  3.62703344e+06 -4.20523302e+02  0.00000000e+00 -7.61417085e+14 
 5.28168234e-01  3.62703344e+06 -4.30220475e+02  0.00000000e+00 -7.44254819e+14 
 5.40347650e-01  3.62703344e+06 -4.40141252e+02  0.00000000e+00 -7.27479390e+14 
 5.52807921e-01  3.62703344e+06 -4.50290811e+02  0.00000000e+00 -7.11082081e+14 
 5.65555523e-01  3.62703343e+06 -4.60674406e+02  0.00000000e+00 -6.95054367e+14 
 5.78597080e-01  3.62703343e+06 -4.71297441e+02  0.00000000e+00 -6.79387918e+14 
 5.91939372e-01  3.62703343e+06 -4.82165445e+02  0.00000000e+00 -6.64074592e+14 
 6.05589334e-01  3.62703343e+06 -4.93284063e+02  0.00000000e+00 -6.49106429e+14 
 6.19554061e-01  3.62703342e+06 -5.04659075e+02  0.00000000e+00 -6.34475649e+14 
 6.33840810e-01  3.62703342e+06 -5.16296392e+02  0.00000000e+00 -6.20174648e+14 
 6.48457008e-01  3.62703342e+06 -5.28202063e+02  0.00000000e+00 -6.06195992e+14 
 6.63410251e-01  3.62703341e+06 -5.40382277e+02  0.00000000e+00 -5.92532415e+14 
 6.78708313e-01  3.62703341e+06 -5.52843365e+02  0.00000000e+00 -5.79176817e+14 
 6.94359143e-01  3.62703341e+06 -5.65591804e+02  0.00000000e+00 -5.66122255e+14 
 7.10370877e-01  3.62703340e+06 -5.78634233e+02  0.00000000e+00 -5.53361943e+14 
 7.26751838e-01  3.62703340e+06 -5.91977399e+02  0.00000000e+00 -5.40889250e+14 
 7.43510539e-01  3.62703339e+06 -6.05628263e+02  0.00000000e+00 -5.28697693e+14 
 7.60655691e-01  3.62703339e+06 -6.19593913e+02  0.00000000e+00 -5.16780934e+14 
 7.78196206e-01  3.62703338e+06 -6.33881609e+02  0.00000000e+00 -5.05132780e+14 
 7.96141200e-01  3.62703338e+06 -6.48498778e+02  0.00000000e+00 -4.93747177e+14 
 8.14500001e-01  3.62703337e+06 -6.63453017e+02  0.00000000e+00 -4.82618207e+14 
 8.33282151e-01  3.62703337e+06 -6.78752082e+02  0.00000000e+00 -4.71740085e+14 
 8.52497412e-01  3.62703336e+06 -6.94403969e+02  0.00000000e+00 -4.61107157e+14 
 8.72155772e-01  3.62703335e+06 -7.10416776e+02  0.00000000e+00 -4.50713897e+14 
 8.92267449e-01  3.62703335e+06 -7.26798855e+02  0.00000000e+00 -4.40554902e+14 
 9.12842895e-01  3.62703334e+06 -7.43558685e+02  0.00000000e+00 -4.30624892e+14 
 9.33892805e-01  3.62703333e+06 -7.60704996e+02  0.00000000e+00 -4.20918707e+14 
 9.55428121e-01  3.62703333e+06 -7.78246711e+02  0.00000000e+00 -4.11431300e+14 
 9.77460036e-01  3.62703332e+06 -7.96192925e+02  0.00000000e+00 -4.02157741e+14 
 1.00000000e+00  3.62703331e+06 -8.14552979e+02  0.00000000e+00 -3.93093210e+14 
 1.02305973e+00  3.62703330e+06 -8.33336414e+02  0.00000000e+00 -3.84232995e+14 
 1.04665121e+00  3.62703329e+06 -8.52552987e+02  0.00000000e+00 -3.75572492e+14 
 1.07078670e+00  3.62703328e+06 -8.72212701e+02  0.00000000e+00 -3.67107197e+14 
 1.09547876e+00  3.62703327e+06 -8.92325769e+02  0.00000000e+00 -3.58832713e+14 
 1.12074020e+00  3.62703326e+06 -9.12902665e+02  0.00000000e+00 -3.50744737e+14 
 1.14658417e+00  3.62703325e+06 -9.33954057e+02  0.00000000e+00 -3.42839067e+14 
 1.17302409e+00  3.62703324e+06 -9.55490881e+02  0.00000000e+00 -3.35111592e+14 
 1.20007371e+00  3.62703323e+06 -9.77524346e+02  0.00000000e+00 -3.27558297e+14 
 1.22774708e+00  3.62703322e+06 -1.00006592e+03  0.00000000e+00 -3.20175255e+14 
 1.25605860e+00  3.62703320e+06 -1.02312726e+03  0.00000000e+00 -3.12958629e+14 
 1.28502297e+00  3.62703319e+06 -1.04672042e+03  0.00000000e+00 -3.05904669e+14 
 1.31465525e+00  3.62703318e+06 -1.07085767e+03  0.00000000e+00 -2.99009707e+14 
 1.34497085e+00  3.62703316e+06 -1.09555153e+03  0.00000000e+00 -2.92268495e+14 
 1.37598551e+00  3.62703315e+06 -1.12081479e+03  0.00000000e+00 -2.85680898e+14 
 1.40771537e+00  3.62703313e+06 -1.14666064e+03  0.00000000e+00 -2.79243378e+14 
 1.44017690e+00  3.62703311e+06 -1.17310250e+03  0.00000000e+00 -2.72949372e+14 
 1.47338699e+00  3.62703310e+06 -1.20015414e+03  0.00000000e+00 -2.66797235e+14 
 1.50736290e+00  3.62703308e+06 -1.22782959e+03  0.00000000e+00 -2.60783771e+14 
 1.54212228e+00  3.62703306e+06 -1.25614325e+03  0.00000000e+00 -2.54905853e+14 
 1.57768320e+00  3.62703304e+06 -1.28510978e+03  0.00000000e+00 -2.49160426e+14 
 1.61406415e+00  3.62703302e+06 -1.31474433e+03  0.00000000e+00 -2.43544504e+14 
 1.65128404e+00  3.62703299e+06 -1.34506231e+03  0.00000000e+00 -2.38055169e+14 
 1.68936220e+00  3.62703297e+06 -1.37607932e+03  0.00000000e+00 -2.32689566e+14 
 1.72831844e+00  3.62703295e+06 -1.40781167e+03  0.00000000e+00 -2.27444907e+14 
 1.76817299e+00  3.62703292e+06 -1.44027577e+03  0.00000000e+00 -2.22318466e+14 
 1.80894658e+00  3.62703289e+06 -1.47348850e+03  0.00000000e+00 -2.17307579e+14 
 1.85066040e+00  3.62703287e+06 -1.50746714e+03  0.00000000e+00 -2.12409640e+14 
 1.89333613e+00  3.62703284e+06 -1.54222935e+03  0.00000000e+00 -2.07622105e+14 
 1.93699595e+00  3.62703281e+06 -1.57779320e+03  0.00000000e+00 -2.02942485e+14 
 1.98166255e+00  3.62703277e+06 -1.61417717e+03  0.00000000e+00 -1.98368347e+14 
 2.02735916e+00  3.62703274e+06 -1.65140014e+03  0.00000000e+00 -1.93897314e+14 
 2.07410951e+00  3.62703271e+06 -1.68948158e+03  0.00000000e+00 -1.89527062e+14 
 2.12193792e+00  3.62703267e+06 -1.72844116e+03  0.00000000e+00 -1.85255320e+14 
 2.17086923e+00  3.62703263e+06 -1.76829918e+03  0.00000000e+00 -1.81079868e+14 
 2.22092889e+00  3.62703259e+06 -1.80907636e+03  0.00000000e+00 -1.76997526e+14 
 2.27214291e+00  3.62703255e+06 -1.85079388e+03  0.00000000e+00 -1.73008212e+14 
 2.32453791e+00  3.62703250e+06 -1.89347341e+03  0.00000000e+00 -1.69108823e+14 
 2.37814113e+00  3.62703246e+06 -1.93713727e+03  0.00000000e+00 -1.65297330e+14 
 2.43298042e+00  3.62703241e+06 -1.98180800e+03  0.00000000e+00 -1.61571754e+14 
 2.48908429e+00  3.62703236e+06 -2.02750895e+03  0.00000000e+00 -1.57930156e+14 
 2.54648190e+00  3.62703231e+06 -2.07426370e+03  0.00000000e+00 -1.54370645e+14 
 2.60520309e+00  3.62703225e+06 -2.12209679e+03  0.00000000e+00 -1.50891371e+14 
 2.66527837e+00  3.62703219e+06 -2.17103291e+03  0.00000000e+00 -1.47490525e+14 
 2.72673897e+00  3.62703213e+06 -2.22109761e+03  0.00000000e+00 -1.44166340e+14 
 2.78961683e+00  3.62703207e+06 -2.27231688e+03  0.00000000e+00 -1.40917087e+14 
 2.85394464e+00  3.62703200e+06 -2.32471734e+03  0.00000000e+00 -1.37741078e+14 
 2.91975583e+00  3.62703792e+06 -2.37833403e+03  0.00000000e+00 -1.34636662e+14 
 2.98708461e+00  3.62703784e+06 -2.43317943e+03  0.00000000e+00 -1.31602225e+14 
 3.05596598e+00  3.62703777e+06 -2.48928966e+03  0.00000000e+00 -1.28636191e+14 
 3.12643573e+00  3.62703769e+06 -2.54669387e+03  0.00000000e+00 -1.25737018e+14 
 3.19853049e+00  3.62703760e+06 -2.60542196e+03  0.00000000e+00 -1.22903198e+14 
 3.27228774e+00  3.62703752e+06 -2.66550449e+03  0.00000000e+00 -1.20133259e+14 
 3.34774581e+00  3.62703743e+06 -2.72697261e+03  0.00000000e+00 -1.17425092e+14 
 3.42494392e+00  3.62703733e+06 -2.78985837e+03  0.00000000e+00 -1.14778643e+14 
 3.50392221e+00  3.62703723e+06 -2.85419430e+03  0.00000000e+00 -1.12191852e+14 
 3.58472171e+00  3.62704311e+06 -2.92002374e+03  0.00000000e+00 -1.09663375e+14 
 3.66738442e+00  3.62704300e+06 -2.98736183e+03  0.00000000e+00 -1.07192507e+14 
 3.75195331e+00  3.62704288e+06 -3.05625276e+03  0.00000000e+00 -1.04776730e+14 
 3.83847234e+00  3.62704276e+06 -3.12673269e+03  0.00000000e+00 -1.02415412e+14 
 3.92698648e+00  3.62704264e+06 -3.19883801e+03  0.00000000e+00 -1.00107326e+14 
 4.01754173e+00  3.62704251e+06 -3.27260632e+03  0.00000000e+00 -9.78512725e+13 
 4.11018515e+00  3.62704237e+06 -3.34807613e+03  0.00000000e+00 -9.56460786e+13 
 4.20496491e+00  3.62704222e+06 -3.42528632e+03  0.00000000e+00 -9.34905982e+13 
 4.30193027e+00  3.62704207e+06 -3.50427748e+03  0.00000000e+00 -9.13837110e+13 
 4.40113162e+00  3.62704191e+06 -3.58509044e+03  0.00000000e+00 -8.93243219e+13 
 4.50262052e+00  3.62704175e+06 -3.66776717e+03  0.00000000e+00 -8.73108631e+13 
 4.60644974e+00  3.62704756e+06 -3.75236326e+03  0.00000000e+00 -8.53432944e+13 
 4.71267322e+00  3.62704738e+06 -3.83889820e+03  0.00000000e+00 -8.34200841e+13 
 4.82134619e+00  3.62704719e+06 -3.92742923e+03  0.00000000e+00 -8.15402327e+13 
 4.93252513e+00  3.62704699e+06 -4.01800207e+03  0.00000000e+00 -7.97027632e+13 
 5.04626783e+00  3.62705276e+06 -4.11067748e+03  0.00000000e+00 -7.79067204e+13 
 5.16263340e+00  3.62705255e+06 -4.20547719e+03  0.00000000e+00 -7.61511708e+13 
 5.28168234e+00  3.62705232e+06 -4.30246348e+03  0.00000000e+00 -7.44352019e+13 
 5.40347650e+00  3.62705208e+06 -4.40168683e+03  0.00000000e+00 -7.27575075e+13 
 5.52807921e+00  3.62705183e+06 -4.50319899e+03  0.00000000e+00 -7.11180539e+13 
 5.65555523e+00  3.62705157e+06 -4.60705263e+03  0.00000000e+00 -6.95155651e+13 
 5.78597080e+00  3.62705130e+06 -4.71330207e+03  0.00000000e+00 -6.79492080e+13 
 5.91939372e+00  3.62705699e+06 -4.82201804e+03  0.00000000e+00 -6.64181686e+13 
 6.05589334e+00  3.62705670e+06 -4.93322618e+03  0.00000000e+00 -6.49216511e+13 
 6.19554061e+00  3.62705638e+06 -5.04699969e+03  0.00000000e+00 -6.34581546e+13 
 6.33840810e+00  3.62705605e+06 -5.16339780e+03  0.00000000e+00 -6.20280277e+13 
 6.48457008e+00  3.62705571e+06 -5.28248113e+03  0.00000000e+00 -6.06305025e+13 
 6.63410251e+00  3.62706134e+06 -5.40432952e+03  0.00000000e+00 -5.92644908e+13 
 6.78708313e+00  3.62706096e+06 -5.52897120e+03  0.00000000e+00 -5.79292829e+13 
 6.94359143e+00  3.62706655e+06 -5.65650701e+03  0.00000000e+00 -5.66241846e+13 
 7.10370877e+00  3.62706614e+06 -5.78696666e+03  0.00000000e+00 -5.53485176e+13 
 7.26751838e+00  3.62706571e+06 -5.92043600e+03  0.00000000e+00 -5.41016188e+13 
 7.43510539e+00  3.62707124e+06 -6.05700515e+03  0.00000000e+00 -5.28828402e+13 
 7.60655691e+00  3.62707077e+06 -6.19670525e+03  0.00000000e+00 -5.16912538e+13 
 7.78196206e+00  3.62707027e+06 -6.33962837e+03  0.00000000e+00 -5.05268361e+13 
 7.96141200e+00  3.62706976e+06 -6.48584964e+03  0.00000000e+00 -4.93886804e+13 
 8.14500001e+00  3.62707520e+06 -6.63546669e+03  0.00000000e+00 -4.82759203e+13 
 8.33282151e+00  3.62708061e+06 -6.78853678e+03  0.00000000e+00 -4.71882649e+13 
 8.52497412e+00  3.62708002e+06 -6.94511668e+03  0.00000000e+00 -4.61254113e+13 
 8.72155772e+00  3.62707940e+06 -7.10531000e+03  0.00000000e+00 -4.50865322e+13 
 8.92267449e+00  3.62708473e+06 -7.26922399e+03  0.00000000e+00 -4.40708364e+13 
 9.12842895e+00  3.62709003e+06 -7.43692194e+03  0.00000000e+00 -4.30785495e+13 
 9.33892805e+00  3.62708932e+06 -7.60846551e+03  0.00000000e+00 -4.21081624e+13 
 9.55428121e+00  3.62710054e+06 -7.78401938e+03  0.00000000e+00 -4.11601416e+13 
 9.77460036e+00  3.62709976e+06 -7.96357410e+03  0.00000000e+00 -4.02330453e+13 
 1.00000000e+01  3.62710493e+06 -8.14730025e+03  0.00000000e+00 -3.93270953e+13 
 1.02305973e+01  3.62711006e+06 -8.33526823e+03  0.00000000e+00 -3.84411481e+13 
 1.04665121e+01  3.62710916e+06 -8.52754765e+03  0.00000000e+00 -3.75756295e+13 
 1.07078670e+01  3.62711421e+06 -8.72429473e+03  0.00000000e+00 -3.67296414e+13 
 1.09547876e+01  3.62711922e+06 -8.92558463e+03  0.00000000e+00 -3.59025396e+13 
 1.12074020e+01  3.62712417e+06 -9.13152258e+03  0.00000000e+00 -3.50943081e+13 
 1.14658417e+01  3.62712310e+06 -9.34218534e+03  0.00000000e+00 -3.43041219e+13 
 1.17302409e+01  3.62713394e+06 -9.55777587e+03  0.00000000e+00 -3.35317748e+13 
 1.20007371e+01  3.62713277e+06 -9.77828148e+03  0.00000000e+00 -3.27768651e+13 
 1.22774708e+01  3.62713752e+06 -1.00039122e+04  0.00000000e+00 -3.20393655e+13 
 1.25605860e+01  3.62714820e+06 -1.02347888e+04  0.00000000e+00 -3.13181535e+13 
 1.28502297e+01  3.62714685e+06 -1.04709297e+04  0.00000000e+00 -3.06132278e+13 
 1.31465525e+01  3.62715142e+06 -1.07125611e+04  0.00000000e+00 -2.99242219e+13 
 1.34497085e+01  3.62716191e+06 -1.09598112e+04  0.00000000e+00 -2.92509441e+13 
 1.37598551e+01  3.62716635e+06 -1.12127379e+04  0.00000000e+00 -2.85927070e+13 
 1.40771537e+01  3.62717669e+06 -1.14715466e+04  0.00000000e+00 -2.79491796e+13 
 1.44017690e+01  3.62718098e+06 -1.17362987e+04  0.00000000e+00 -2.73203496e+13 
 1.47338699e+01  3.62719117e+06 -1.20072094e+04  0.00000000e+00 -2.67058792e+13 
 1.50736290e+01  3.62719530e+06 -1.22843419e+04  0.00000000e+00 -2.61052867e+13 
 1.54212228e+01  3.62721131e+06 -1.25679635e+04  0.00000000e+00 -2.55176840e+13 
 1.57768320e+01  3.62722124e+06 -1.28581016e+04  0.00000000e+00 -2.49439400e+13 
 1.61406415e+01  3.62722509e+06 -1.31549056e+04  0.00000000e+00 -2.43828831e+13 
 1.65128404e+01  3.62723483e+06 -1.34586174e+04  0.00000000e+00 -2.38346483e+13 
 1.68936220e+01  3.62724447e+06 -1.37693535e+04  0.00000000e+00 -2.32988082e+13 
 1.72831844e+01  3.62725399e+06 -1.40872780e+04  0.00000000e+00 -2.27750842e+13 
 1.76817299e+01  3.62726340e+06 -1.44125581e+04  0.00000000e+00 -2.22630770e+13 
 1.80894658e+01  3.62727269e+06 -1.47453651e+04  0.00000000e+00 -2.17627773e+13 
 1.85066040e+01  3.62728186e+06 -1.50858731e+04  0.00000000e+00 -2.12736736e+13 
 1.89333613e+01  3.62729688e+06 -1.54343140e+04  0.00000000e+00 -2.07956384e+13 
 1.93699595e+01  3.62731176e+06 -1.57908218e+04  0.00000000e+00 -2.03286551e+13 
 1.98166255e+01  3.62732650e+06 -1.61555847e+04  0.00000000e+00 -1.98718980e+13 
 2.02735916e+01  3.62733511e+06 -1.65287415e+04  0.00000000e+00 -1.94255961e+13 
 2.07410951e+01  3.62734954e+06 -1.69105964e+04  0.00000000e+00 -1.89894014e+13 
 2.12193792e+01  3.62736979e+06 -1.73013559e+04  0.00000000e+00 -1.85631927e+13 
 2.17086923e+01  3.62738388e+06 -1.77011129e+04  0.00000000e+00 -1.81464306e+13 
 2.22092889e+01  3.62739779e+06 -1.81101360e+04  0.00000000e+00 -1.77391148e+13 
 2.27214291e+01  3.62741750e+06 -1.85287011e+04  0.00000000e+00 -1.73412312e+13 
 2.32453791e+01  3.62743103e+06 -1.89569105e+04  0.00000000e+00 -1.69520756e+13 
 2.37814113e+01  3.62745033e+06 -1.93951154e+04  0.00000000e+00 -1.65718434e+13 
 2.43298042e+01  3.62746942e+06 -1.98434886e+04  0.00000000e+00 -1.62003308e+13 
 2.48908429e+01  3.62748828e+06 -2.03022652e+04  0.00000000e+00 -1.58371570e+13 
 2.54648190e+01  3.62750690e+06 -2.07716916e+04  0.00000000e+00 -1.54822275e+13 
 2.60520309e+01  3.62753724e+06 -2.12521578e+04  0.00000000e+00 -1.51355307e+13 
 2.66527837e+01  3.62755536e+06 -2.17436435e+04  0.00000000e+00 -1.47963672e+13 
 2.72673897e+01  3.62759115e+06 -2.22467677e+04  0.00000000e+00 -1.44651620e+13 
 2.78961683e+01  3.62761469e+06 -2.27614380e+04  0.00000000e+00 -1.41439090e+13 
 2.85394464e+01  3.62764391e+06 -2.32881525e+04  0.00000000e+00 -1.38275350e+13 
 2.91975583e+01  3.62766684e+06 -2.38270388e+04  0.00000000e+00 -1.35181239e+13 
 2.98708461e+01  3.62770141e+06 -2.43786229e+04  0.00000000e+00 -1.32157576e+13 
 3.05596598e+01  3.62772965e+06 -2.49429664e+04  0.00000000e+00 -1.29203522e+13 
 3.12643573e+01  3.62776351e+06 -2.55205344e+04  0.00000000e+00 -1.26316766e+13 
 3.19853049e+01  3.62779700e+06 -2.61115573e+04  0.00000000e+00 -1.23495100e+13 
 3.27228774e+01  3.62782411e+06 -2.67162675e+04  0.00000000e+00 -1.20738485e+13 
 3.34774581e+01  3.62786277e+06 -2.73352549e+04  0.00000000e+00 -1.18044085e+13 
 3.42494392e+01  3.62790101e+06 -2.79686829e+04  0.00000000e+00 -1.15411205e+13 
 3.50392221e+01  3.62794477e+06 -2.86169892e+04  0.00000000e+00 -1.12838473e+13 
 3.58472171e+01  3.62798208e+06 -2.92803386e+04  0.00000000e+00 -1.10323919e+13 
 3.66738442e+01  3.62802487e+06 -2.99592808e+04  0.00000000e+00 -1.07866276e+13 
 3.75195331e+01  3.62807313e+06 -3.06541986e+04  0.00000000e+00 -1.05465513e+13 
 3.83847234e+01  3.62812084e+06 -3.13653692e+04  0.00000000e+00 -1.03118565e+13 
 3.92698648e+01  3.62817397e+06 -3.20932887e+04  0.00000000e+00 -1.00827181e+13 
 4.01754173e+01  3.62822052e+06 -3.28381473e+04  0.00000000e+00 -9.85872224e+12 
 4.11018515e+01  3.62828439e+06 -3.36007900e+04  0.00000000e+00 -9.63987055e+12 
 4.20496491e+01  3.62833564e+06 -3.43810909e+04  0.00000000e+00 -9.42583250e+12 
 4.30193027e+01  3.62839818e+06 -3.51799291e+04  0.00000000e+00 -9.21698748e+12 
 4.40113162e+01  3.62846598e+06 -3.59976452e+04  0.00000000e+00 -9.01274289e+12 
 4.50262052e+01  3.62853302e+06 -3.68345742e+04  0.00000000e+00 -8.81325945e+12 
 4.60644974e+01  3.62859928e+06 -3.76911849e+04  0.00000000e+00 -8.61842984e+12 
 4.71267322e+01  3.62867668e+06 -3.85682076e+04  0.00000000e+00 -8.42795532e+12 
 4.82134619e+01  3.62874722e+06 -3.94657580e+04  0.00000000e+00 -8.24193607e+12 
 4.93252513e+01  3.62882883e+06 -4.03847263e+04  0.00000000e+00 -8.06017918e+12 
 5.04626783e+01  3.62890351e+06 -4.13252423e+04  0.00000000e+00 -7.88263844e+12 
 5.16263340e+01  3.62900113e+06 -4.22885132e+04  0.00000000e+00 -7.70913246e+12 
 5.28168234e+01  3.62908573e+06 -4.32742709e+04  0.00000000e+00 -7.53970716e+12 
 5.40347650e+01  3.62917523e+06 -4.42834872e+04  0.00000000e+00 -7.37418629e+12 
 5.52807921e+01  3.62928753e+06 -4.53171935e+04  0.00000000e+00 -7.21244477e+12 
 5.65555523e+01  3.62938664e+06 -4.63750984e+04  0.00000000e+00 -7.05579060e+12 
 5.78597080e+01  3.62949049e+06 -4.74582596e+04  0.00000000e+00 -6.90158312e+12 
 5.91939372e+01  3.62960499e+06 -4.85674639e+04  0.00000000e+00 -6.75091422e+12 
 6.05589334e+01  3.62971810e+06 -4.97030337e+04  0.00000000e+00 -6.60374885e+12 
 6.19554061e+01  3.62984174e+06 -5.08659628e+04  0.00000000e+00 -6.45997542e+12 
 6.33840810e+01  3.62996985e+06 -5.20567709e+04  0.00000000e+00 -6.31956064e+12 
 6.48457008e+01  3.63010235e+06 -5.32761612e+04  0.00000000e+00 -6.18250561e+12 
 6.63410251e+01  3.63023916e+06 -5.45248514e+04  0.00000000e+00 -6.04863133e+12 
 6.78708313e+01  3.63039220e+06 -5.58039472e+04  0.00000000e+00 -5.91801048e+12 
 6.94359143e+01  3.63054339e+06 -5.71136661e+04  0.00000000e+00 -5.79026813e+12 
 7.10370877e+01  3.63070463e+06 -5.84551679e+04  0.00000000e+00 -5.66571449e+12 
 7.26751838e+01  3.63086385e+06 -5.98288643e+04  0.00000000e+00 -5.54404995e+12 
 7.43510539e+01  3.63103893e+06 -6.12361735e+04  0.00000000e+00 -5.42629848e+12 
 7.60655691e+01  3.63121777e+06 -6.26775576e+04  0.00000000e+00 -5.31041100e+12 
 7.78196206e+01  3.63140626e+06 -6.41540995e+04  0.00000000e+00 -5.19717893e+12 
 7.96141200e+01  3.63160429e+06 -6.56667237e+04  0.00000000e+00 -5.08676208e+12 
 8.14500001e+01  3.63181774e+06 -6.72165514e+04  0.00000000e+00 -4.97898279e+12 
 8.33282151e+01  3.63201649e+06 -6.88034409e+04  0.00000000e+00 -4.87376066e+12 
 8.52497412e+01  3.63224840e+06 -7.04301806e+04  0.00000000e+00 -4.77113108e+12 
 8.72155772e+01  3.63247733e+06 -7.20964110e+04  0.00000000e+00 -4.67098613e+12 
 8.92267449e+01  3.63272714e+06 -7.38041257e+04  0.00000000e+00 -4.57417074e+12 
 9.12842895e+01  3.63297367e+06 -7.55534321e+04  0.00000000e+00 -4.47883595e+12 
 9.33892805e+01  3.63324078e+06 -7.73464241e+04  0.00000000e+00 -4.38587249e+12 
 9.55428121e+01  3.63351627e+06 -7.91837505e+04  0.00000000e+00 -4.29520923e+12 
 9.77460036e+01  3.63379999e+06 -8.10665758e+04  0.00000000e+00 -4.20680317e+12 
 1.00000000e+02  3.63409774e+06 -8.29963840e+04  0.00000000e+00 -4.12066227e+12 
 1.02305973e+02  3.63440933e+06 -8.49744278e+04  0.00000000e+00 -4.03741987e+12 
 1.04665121e+02  3.63473455e+06 -8.70020081e+04  0.00000000e+00 -3.95557427e+12 
 1.07078670e+02  3.63507920e+06 -8.90807431e+04  0.00000000e+00 -3.87575608e+12 
 1.09547876e+02  3.63543103e+06 -9.12114700e+04  0.00000000e+00 -3.79804695e+12 
 1.12074020e+02  3.63579581e+06 -9.33958144e+04  0.00000000e+00 -3.72303934e+12 
 1.14658417e+02  3.63618530e+06 -9.56358931e+04  0.00000000e+00 -3.64929234e+12 
 1.17302409e+02  3.63658722e+06 -9.79326189e+04  0.00000000e+00 -3.57748566e+12 
 1.20007371e+02  3.63700730e+06 -1.00287864e+05  0.00000000e+00 -3.50760982e+12 
 1.22774708e+02  3.63743925e+06 -1.02702899e+05  0.00000000e+00 -3.44030821e+12 
 1.25605860e+02  3.63790077e+06 -1.05180431e+05  0.00000000e+00 -3.37409011e+12 
 1.28502297e+02  3.63837352e+06 -1.07721164e+05  0.00000000e+00 -3.30978090e+12 
 1.31465525e+02  3.63886316e+06 -1.10327192e+05  0.00000000e+00 -3.24789400e+12 
 1.34497085e+02  3.63938136e+06 -1.13001112e+05  0.00000000e+00 -3.18713085e+12 
 1.37598551e+02  3.63991570e+06 -1.15744106e+05  0.00000000e+00 -3.12808354e+12 
 1.40771537e+02  3.64047180e+06 -1.18558531e+05  0.00000000e+00 -3.07138552e+12 
 1.44017690e+02  3.64105526e+06 -1.21446831e+05  0.00000000e+00 -3.01572110e+12 
 1.47338699e+02  3.64165962e+06 -1.24410747e+05  0.00000000e+00 -2.96177424e+12 
 1.50736290e+02  3.64229644e+06 -1.27453300e+05  0.00000000e+00 -2.91010050e+12 
 1.54212228e+02  3.64294715e+06 -1.30575535e+05  0.00000000e+00 -2.85940445e+12 
 1.57768320e+02  3.64362930e+06 -1.33781126e+05  0.00000000e+00 -2.81094335e+12 
 1.61406415e+02  3.64434235e+06 -1.37072511e+05  0.00000000e+00 -2.76352637e+12 
 1.65128404e+02  3.64507968e+06 -1.40451823e+05  0.00000000e+00 -2.71829594e+12 
 1.68936220e+02  3.64586479e+06 -1.43923623e+05  0.00000000e+00 -2.67402152e+12 
 1.72831844e+02  3.64666083e+06 -1.47487862e+05  0.00000000e+00 -2.63193181e+12 
 1.76817299e+02  3.64750935e+06 -1.51150820e+05  0.00000000e+00 -2.59084308e+12 
 1.80894658e+02  3.64837340e+06 -1.54912512e+05  0.00000000e+00 -2.55189752e+12 
 1.85066040e+02  3.64928239e+06 -1.58778628e+05  0.00000000e+00 -2.51454635e+12 
 1.89333613e+02  3.65022946e+06 -1.62752060e+05  0.00000000e+00 -2.47819230e+12 
 1.93699595e+02  3.65121979e+06 -1.66836563e+05  0.00000000e+00 -2.44399784e+12 
 1.98166255e+02  3.65224036e+06 -1.71034706e+05  0.00000000e+00 -2.41138704e+12 
 2.02735916e+02  3.65330834e+06 -1.75351908e+05  0.00000000e+00 -2.38039727e+12 
 2.07410951e+02  3.65441662e+06 -1.79791472e+05  0.00000000e+00 -2.35052492e+12 
 2.12193792e+02  3.65557623e+06 -1.84358705e+05  0.00000000e+00 -2.32284786e+12 
 2.17086923e+02  3.65677386e+06 -1.89056602e+05  0.00000000e+00 -2.29688604e+12 
 2.22092889e+02  3.65803251e+06 -1.93892147e+05  0.00000000e+00 -2.27263558e+12 
 2.27214291e+02  3.65932053e+06 -1.98866819e+05  0.00000000e+00 -2.25016377e+12 
 2.32453791e+02  3.66068504e+06 -2.03990802e+05  0.00000000e+00 -2.22951353e+12 
 2.37814113e+02  3.66208205e+06 -2.09264362e+05  0.00000000e+00 -2.21080466e+12 
 2.43298042e+02  3.66354639e+06 -2.14697080e+05  0.00000000e+00 -2.19403405e+12 
 2.48908429e+02  3.66506419e+06 -2.20293170e+05  0.00000000e+00 -2.17929375e+12 
 2.54648190e+02  3.66662752e+06 -2.26057775e+05  0.00000000e+00 -2.16729730e+12 
 2.60520309e+02  3.66826486e+06 -2.32000801e+05  0.00000000e+00 -2.15705137e+12 
 2.66527837e+02  3.66996195e+06 -2.38127227e+05  0.00000000e+00 -2.14919606e+12 
 2.72673897e+02  3.67172875e+06 -2.44445522e+05  0.00000000e+00 -2.14453584e+12 
 2.78961683e+02  3.67355675e+06 -2.50962079e+05  0.00000000e+00 -2.14206263e+12 
 2.85394464e+02  3.67545563e+06 -2.57685907e+05  0.00000000e+00 -2.14316044e+12 
 2.91975583e+02  3.67742873e+06 -2.64625952e+05  0.00000000e+00 -2.14696683e+12 
 2.98708461e+02  3.67945475e+06 -2.71787782e+05  0.00000000e+00 -2.15495723e+12 
 3.05596598e+02  3.68157950e+06 -2.79187361e+05  0.00000000e+00 -2.16688813e+12 
 3.12643573e+02  3.68376898e+06 -2.86829355e+05  0.00000000e+00 -2.18327868e+12 
 3.19853049e+02  3.68601945e+06 -2.94723491e+05  0.00000000e+00 -2.20318778e+12 
 3.27228774e+02  3.68835773e+06 -3.02884369e+05  0.00000000e+00 -2.23014143e+12 
 3.34774581e+02  3.69078571e+06 -3.11324112e+05  0.00000000e+00 -2.26430991e+12 
 3.42494392e+02  3.69328039e+06 -3.20050852e+05  0.00000000e+00 -2.30522004e+12 
 3.50392221e+02  3.69586150e+06 -3.29080369e+05  9.02707616e+11 -4.21493156e+11 
 3.58472171e+02  3.69851753e+06 -3.38424196e+05  9.10697135e+11 -4.14671939e+11 
 3.66738442e+02  3.70125509e+06 -3.48097629e+05  9.19871656e+11 -4.06504266e+11 
 3.75195331e+02  3.70406801e+06 -3.58114209e+05  9.30126644e+11 -3.96925039e+11 
 3.83847234e+02  3.70696813e+06 -3.68492058e+05  9.41375386e+11 -3.85831007e+11 
 3.92698648e+02  3.70993582e+06 -3.79243854e+05  9.53860451e+11 -3.72734352e+11 
 4.01754173e+02  3.71300659e+06 -3.90394569e+05  9.67430671e+11 -3.57462121e+11 
 4.11018515e+02  3.71612863e+06 -4.01951688e+05  0.00000000e+00 -3.17814882e+12 
 4.20496491e+02  3.71934229e+06 -4.13943662e+05  0.00000000e+00 -3.43855628e+12 
 4.30193027e+02  3.72260042e+06 -4.26380302e+05  0.00000000e+00 -3.77641859e+12 
 4.40113162e+02  3.72593561e+06 -4.39291003e+05  0.00000000e+00 -4.23594092e+12 
 4.50262052e+02  3.72933622e+06 -4.52695905e+05  0.00000000e+00 -4.88088615e+12 
 4.60644974e+02  3.73278321e+06 -4.66614903e+05  1.06212361e+12 -1.99275425e+11 
 4.71267322e+02  3.73628776e+06 -4.81076023e+05  1.07635576e+12 -1.57873230e+11 
 4.82134619e+02  3.73982231e+06 -4.96099366e+05  1.08814110e+12 -1.11232812e+11 
 4.93252513e+02  3.74339549e+06 -5.11715705e+05  1.09633619e+12 -5.90029002e+10 
 5.04626783e+02  3.74698321e+06 -5.27948845e+05  1.09950819e+12 -1.94486703e+09 
 5.16263340e+02  3.75057879e+06 -5.44827971e+05  1.09623282e+12  5.99527949e+10 
 5.28168234e+02  3.75416738e+06 -5.62382476e+05  1.08510647e+12  1.25024502e+11 
 5.40347650e+02  3.75771987e+06 -5.80638496e+05  1.06467916e+12  1.92575705e+11 
 5.52807921e+02  3.76123027e+06 -5.99630704e+05  1.03429433e+12  2.59718845e+11 
 5.65555523e+02  3.76467152e+06 -6.19389376e+05  9.93475729e+11  3.24567546e+11 
 5.78597080e+02  3.76803939e+06 -6.39953843e+05  9.42659408e+11  3.84523369e+11 
 5.91939372e+02  3.77129582e+06 -6.61353823e+05  8.83722539e+11  4.36689456e+11 
 6.05589334e+02  3.77439980e+06 -6.83619797e+05  8.17840995e+11  4.79960197e+11 
 6.19554061e+02  3.77732639e+06 -7.06789107e+05  7.47858792e+11  5.12822255e+11 
 6.33840810e+02  3.78004742e+06 -7.30900046e+05  6.76528787e+11  5.34939313e+11 
 6.48457008e+02  3.78249988e+06 -7.55979154e+05  6.05622484e+11  5.46909837e+11 
 6.63410251e+02  3.78466125e+06 -7.82069763e+05  5.37566961e+11  5.49620675e+11 
 6.78708313e+02  3.78649846e+06 -8.09214325e+05  4.73996078e+11  5.44510714e+11 
 6.94359143e+02  3.78793089e+06 -8.37435232e+05  4.15342428e+11  5.33070818e+11 
 7.10370877e+02  3.78889845e+06 -8.66764612e+05  3.62557683e+11  5.16902616e+11 
 7.26751838e+02  3.78934908e+06 -8.97239027e+05  3.15357339e+11  4.97281419e+11 
 7.43510539e+02  3.78921331e+06 -9.28888135e+05  2.73858137e+11  4.75512278e+11 
 7.60655691e+02  3.78841070e+06 -9.61735914e+05  2.37447359e+11  4.52432187e+11 
 7.78196206e+02  3.78688615e+06 -9.95820356e+05 -0.00000000e+00  5.27781187e+11 
 7.96141200e+02  3.78452446e+06 -1.03114600e+06 -0.00000000e+00  4.84225827e+11 
 8.14500001e+02  3.78123576e+06 -1.06772952e+06  1.54981436e+11  3.82602464e+11 
 8.33282151e+02  3.77693673e+06 -1.10559046e+06  1.34649908e+11  3.60442148e+11 
 8.52497412e+02  3.77152659e+06 -1.14473600e+06 -0.00000000e+00  3.79721437e+11 
 8.72155772e+02  3.76486446e+06 -1.18514272e+06 -0.00000000e+00  3.51841795e+11 
 8.92267449e+02  3.75686339e+06 -1.22681890e+06 -0.00000000e+00  3.26607348e+11 
 9.12842895e+02  3.74740252e+06 -1.26974504e+06 -0.00000000e+00  3.03788240e+11 
 9.33892805e+02  3.73633472e+06 -1.31387435e+06 -0.00000000e+00  2.83092838e+11 
 9.55428121e+02  3.72353861e+06 -1.35917018e+06 -0.00000000e+00  2.64242304e+11 
 9.77460036e+02  3.70890604e+06 -1.40559932e+06 -0.00000000e+00  2.47033106e+11 
 1.00000000e+03  3.69225257e+06 -1.45304969e+06 -0.00000000e+00  2.31288886e+11 
 1.02305973e+03  3.67349041e+06 -1.50148072e+06 -4.11680425e+10  2.08734122e+11 
 1.04665121e+03  3.65246902e+06 -1.55078050e+06 -3.64650899e+10  1.96885976e+11 
 1.07078670e+03  3.62903822e+06 -1.60081460e+06 -3.23568367e+10  1.85821832e+11 
 1.09547876e+03  3.60310217e+06 -1.65148490e+06 -2.87741104e+10  1.75526407e+11 
 1.12074020e+03  3.57451861e+06 -1.70261961e+06 -2.56334839e+10  1.65913345e+11 
 1.14658417e+03  3.54319278e+06 -1.75407345e+06 -4.30778139e+10  1.47738216e+11 
 1.17302409e+03  3.50900637e+06 -1.80564066e+06 -3.87703113e+10  1.40751792e+11 
 1.20007371e+03  3.47187426e+06 -1.85712195e+06 -3.49282518e+10  1.34097079e+11 
 1.22774708e+03  3.43174351e+06 -1.90832742e+06 -5.37729368e+10  1.09038817e+11 
 1.25605860e+03  3.38854596e+06 -1.95900133e+06 -4.92698425e+10  1.05430896e+11 
 1.28502297e+03  3.34227143e+06 -2.00893683e+06 -4.51345288e+10  1.01830050e+11 
 1.31465525e+03  3.29289967e+06 -2.05785754e+06 -4.76641800e+10  9.06067877e+10 
 1.34497085e+03  3.24045899e+06 -2.10552402e+06 -4.39610737e+10  8.79463833e+10 
 1.37598551e+03  3.18499081e+06 -2.15166282e+06 -4.49897255e+10  7.88693793e+10 
 1.40771537e+03  3.12657520e+06 -2.19602623e+06 -4.17295255e+10  7.68483124e+10 
 1.44017690e+03  3.06531411e+06 -2.23835180e+06 -4.19323828e+10  6.94847047e+10 
 1.47338699e+03  3.00134695e+06 -2.27840992e+06 -3.90621569e+10  6.78952250e+10 
 1.50736290e+03  2.93482418e+06 -2.31593372e+06 -4.06224246e+10  5.75549938e+10 
 1.54212228e+03  2.86594373e+06 -2.35073331e+06 -3.81490640e+10  5.66148584e+10 
 1.57768320e+03  2.79491299e+06 -2.38259546e+06 -3.72173258e+10  5.20284433e+10 
 1.61406415e+03  2.72196765e+06 -2.41134746e+06 -3.50397992e+10  5.12335743e+10 
 1.65128404e+03  2.64735896e+06 -2.43681245e+06 -3.41126166e+10  4.73927899e+10 
 1.68936220e+03  2.57135854e+06 -2.45889500e+06 -3.30801576e+10  4.40080068e+10 
 1.72831844e+03  2.49424540e+06 -2.47748748e+06 -3.24891950e+10  3.86786935e+10 
 1.76817299e+03  2.41630801e+06 -2.49252487e+06 -3.12706978e+10  3.62534115e+10 
 1.80894658e+03  2.33783722e+06 -2.50397333e+06 -3.00814736e+10  3.40923462e+10 
 1.85066040e+03  2.25912255e+06 -2.51183501e+06 -2.89250087e+10  3.21579093e+10 
 1.89333613e+03  2.18045024e+06 -2.51613154e+06 -2.78117710e+10  3.04197146e+10 
 1.93699595e+03  2.10209508e+06 -2.51692325e+06 -2.68104634e+10  2.74794444e+10 
 1.98166255e+03  2.02432192e+06 -2.51429192e+06 -2.57642416e+10  2.61755649e+10 
 2.02735916e+03  1.94737817e+06 -2.50835248e+06 -2.47695651e+10  2.49879380e+10 
 2.07410951e+03  1.87149708e+06 -2.49922263e+06 -2.38216708e+10  2.39022903e+10 
 2.12193792e+03  1.79688854e+06 -2.48705653e+06 -2.28443436e+10  2.10760131e+10 
 2.17086923e+03  1.72374228e+06 -2.47201834e+06 -2.19873911e+10  2.02962935e+10 
 2.22092889e+03  1.65223152e+06 -2.45427321e+06 -2.11721014e+10  1.95738082e+10 
 2.27214291e+03  1.58249259e+06 -2.43402810e+06 -2.02471496e+10  1.75550906e+10 
 2.32453791e+03  1.51465861e+06 -2.41145184e+06 -1.94308404e+10  1.64270984e+10 
 2.37814113e+03  1.44882197e+06 -2.38675812e+06 -1.86531051e+10  1.54286046e+10 
 2.43298042e+03  1.38507341e+06 -2.36012127e+06 -1.79142225e+10  1.45406042e+10 
 2.48908429e+03  1.32347085e+06 -2.33174042e+06 -1.72133571e+10  1.37473535e+10 
 2.54648190e+03  1.26404911e+06 -2.30181800e+06 -1.64515914e+10  1.26502512e+10 
 2.60520309e+03  1.20684000e+06 -2.27052506e+06 -1.58270372e+10  1.20418086e+10 
 2.66527837e+03  1.15184715e+06 -2.23804773e+06 -1.51415249e+10  1.11782380e+10 
 2.72673897e+03  1.09906803e+06 -2.20455075e+06 -1.44011752e+10  1.01529223e+10 
 2.78961683e+03  1.04848470e+06 -2.17019530e+06 -1.38855744e+10  9.75981765e+09 
 2.85394464e+03  1.00006334e+06 -2.13513860e+06 -1.32270615e+10  8.95492026e+09 
 2.91975583e+03  9.53772465e+05 -2.09951390e+06 -1.26923931e+10  8.45539595e+09 
 2.98708461e+03  9.09558262e+05 -2.06346161e+06 -1.21895747e+10  8.00959547e+09 
 3.05596598e+03  8.67370181e+05 -2.02710025e+06 -1.16438464e+10  7.45007349e+09 
 3.12643573e+03  8.27147849e+05 -1.99054344e+06 -1.12025904e+10  7.10383820e+09 
 3.19853049e+03  7.88828434e+05 -1.95389290e+06 -1.07222466e+10  6.65938527e+09 
 3.27228774e+03  7.52344880e+05 -1.91724224e+06 -1.02128579e+10  6.15132093e+09 
 3.34774581e+03  7.17632266e+05 -1.88067176e+06 -9.73957038e+09  5.71192931e+09 
 3.42494392e+03  6.84616158e+05 -1.84426073e+06 -9.35298180e+09  5.42052561e+09 
 3.50392221e+03  6.53230001e+05 -1.80807261e+06 -8.99023441e+09  5.15944713e+09 
 3.58472171e+03  6.23400542e+05 -1.77216872e+06 -8.60326895e+09  4.84801936e+09 
 3.66738442e+03  5.95055738e+05 -1.73660274e+06 -8.15738922e+09  4.43833001e+09 
 3.75195331e+03  5.68129549e+05 -1.70141749e+06 -7.78697263e+09  4.14707263e+09 
 3.83847234e+03  5.42553716e+05 -1.66665263e+06 -7.48034149e+09  3.94510036e+09 
 3.92698648e+03  5.18260733e+05 -1.63234270e+06 -7.15884692e+09  3.71516396e+09 
 4.01754173e+03  4.95189546e+05 -1.59851382e+06 -6.85966512e+09  3.51184257e+09 
 4.11018515e+03  4.73272850e+05 -1.56519337e+06 -6.55150823e+09  3.29164096e+09 
 4.20496491e+03  4.52455094e+05 -1.53239764e+06 -6.23910637e+09  3.06320087e+09 
 4.30193027e+03  4.32676079e+05 -1.50014400e+06 -5.97599498e+09  2.89585573e+09 
 4.40113162e+03  4.13882985e+05 -1.46844308e+06 -5.70819790e+09  2.71890856e+09 
 4.50262052e+03  3.96019052e+05 -1.43730630e+06 -5.46026247e+09  2.56342000e+09 
 4.60644974e+03  3.79037386e+05 -1.40673789e+06 -5.21077079e+09  2.40310152e+09 
 4.71267322e+03  3.62889827e+05 -1.37674186e+06 -4.99825935e+09  2.28325450e+09 
 4.82134619e+03  3.47530697e+05 -1.34731994e+06 -4.76694473e+09  2.13886268e+09 
 4.93252513e+03  3.32916043e+05 -1.31847247e+06 -4.55360227e+09  2.01259565e+09 
 5.04626783e+03  3.19005731e+05 -1.29019713e+06 -4.34246818e+09  1.88650619e+09 
 5.16263340e+03  3.05761784e+05 -1.26249032e+06 -4.16070082e+09  1.78971871e+09 
 5.28168234e+03  2.93145660e+05 -1.23534860e+06 -3.96807649e+09  1.67931464e+09 
 5.40347650e+03  2.81126219e+05 -1.20876475e+06 -3.77986018e+09  1.57185318e+09 
 5.52807921e+03  2.69668965e+05 -1.18273339e+06 -3.61674272e+09  1.48794570e+09 
 5.65555523e+03  2.58742741e+05 -1.15724760e+06 -3.44747775e+09  1.39606289e+09 
 5.78597080e+03  2.48320480e+05 -1.13229877e+06 -3.30006782e+09  1.32373729e+09 
 5.91939372e+03  2.38373888e+05 -1.10787921e+06 -3.15572328e+09  1.25253102e+09 
 6.05589334e+03  2.28878986e+05 -1.08397956e+06 -3.00816338e+09  1.17674998e+09 
 6.19554061e+03  2.19811604e+05 -1.06059098e+06 -2.87248517e+09  1.11054310e+09 
 6.33840810e+03  2.11148067e+05 -1.03770477e+06 -2.74731962e+09  1.05240868e+09 
 6.48457008e+03  2.02868011e+05 -1.01531120e+06 -2.62609938e+09  9.96366562e+08 
 6.63410251e+03  1.94952622e+05 -9.93400374e+05 -2.50420963e+09  9.38425387e+08 
 6.78708313e+03  1.87380364e+05 -9.71963947e+05 -2.39207182e+09  8.87788044e+08 
 6.94359143e+03  1.80137590e+05 -9.50990810e+05 -2.28446497e+09  8.39801455e+08 
 7.10370877e+03  1.73204193e+05 -9.30472868e+05 -2.18143942e+09  7.94512537e+08 
 7.26751838e+03  1.66567069e+05 -9.10399730e+05 -2.08295981e+09  7.51950436e+08 
 7.43510539e+03  1.60210126e+05 -8.90762605e+05 -1.98585913e+09  7.09478579e+08 
 7.60655691e+03  1.54119671e+05 -8.71552183e+05 -1.89945449e+09  6.74720915e+08 
 7.78196206e+03  1.48284388e+05 -8.52758710e+05 -1.81159054e+09  6.37791779e+08 
 7.96141200e+03  1.42689428e+05 -8.34374136e+05 -1.73074043e+09  6.05536135e+08 
 8.14500001e+03  1.37325459e+05 -8.16388793e+05 -1.65388683e+09  5.75512383e+08 
 8.33282151e+03  1.32180053e+05 -7.98794519e+05 -1.57885629e+09  5.46042790e+08 
 8.52497412e+03  1.27243509e+05 -7.81582525e+05 -1.50784313e+09  5.18832134e+08 
 8.72155772e+03  1.22505571e+05 -7.64744593e+05 -1.43894669e+09  4.92443483e+08 
 8.92267449e+03  1.17957088e+05 -7.48272461e+05 -1.37392075e+09  4.68224472e+08 
 9.12842895e+03  1.13589877e+05 -7.32157869e+05 -1.31112034e+09  4.44942880e+08 
 9.33892805e+03  1.09394768e+05 -7.16393191e+05 -1.25195131e+09  4.23662329e+08 
 9.55428121e+03  1.05364277e+05 -7.00970555e+05 -1.19499635e+09  4.03331973e+08 
 9.77460036e+03  1.01490444e+05 -6.85882520e+05 -1.14138211e+09  3.84800000e+08 
 1.00000000e+04  9.77674031e+04 -6.71121286e+05 -1.08893639e+09  3.66444712e+08 
 1.02305973e+04  9.41865839e+04 -6.56680116e+05 -1.03967593e+09  3.49821065e+08 
 1.04665121e+04  9.07430261e+04 -6.42551450e+05 -9.91765518e+08  3.33523949e+08 
 1.07078670e+04  8.74304726e+04 -6.28728363e+05 -9.46105391e+08  3.18270876e+08 
 1.09547876e+04  8.42421751e+04 -6.15204284e+05 -9.02638822e+08  3.04022236e+08 
 1.12074020e+04  8.11731539e+04 -6.01972372e+05 -8.61291490e+08  2.90739586e+08 
 1.14658417e+04  7.82187989e+04 -5.89025893e+05 -8.21982114e+08  2.78378305e+08 
 1.17302409e+04  7.53731973e+04 -5.76358676e+05 -7.83633532e+08  2.66132337e+08 
 1.20007371e+04  7.26320004e+04 -5.63964333e+05 -7.47330219e+08  2.54834929e+08 
 1.22774708e+04  6.99909180e+04 -5.51836642e+05 -7.12952716e+08  2.44421273e+08 
 1.25605860e+04  6.74452224e+04 -5.39969694e+05 -6.79647473e+08  2.34244888e+08 
 1.28502297e+04  6.49914931e+04 -5.28357421e+05 -6.47851560e+08  2.24648142e+08 
 1.31465525e+04  6.26252300e+04 -5.16994206e+05 -6.17527894e+08  2.15632609e+08 
 1.34497085e+04  6.03431672e+04 -5.05874297e+05 -5.88366378e+08  2.06954635e+08 
 1.37598551e+04  5.81419541e+04 -4.94992128e+05 -5.60646142e+08  1.98854896e+08 
 1.40771537e+04  5.60175674e+04 -4.84342464e+05 -5.34079205e+08  1.91120999e+08 
 1.44017690e+04  5.39677946e+04 -4.73919800e+05 -5.08464085e+08  1.83597281e+08 
 1.47338699e+04  5.19895739e+04 -4.63718991e+05 -4.84216207e+08  1.76646543e+08 
 1.50736290e+04  5.00794606e+04 -4.53735132e+05 -4.60925115e+08  1.69934727e+08 
 1.54212228e+04  4.82354148e+04 -4.43963150e+05 -4.38756848e+08  1.63625958e+08 
 1.57768320e+04  4.64548416e+04 -4.34398252e+05 -4.17265068e+08  1.57345376e+08 
 1.61406415e+04  4.47350427e+04 -4.25035810e+05 -3.96893681e+08  1.51494825e+08 
 1.65128404e+04  4.30741927e+04 -4.15871150e+05 -3.77474675e+08  1.45946826e+08 
 1.68936220e+04  4.14699862e+04 -4.06899849e+05 -3.58786460e+08  1.40514033e+08 
 1.72831844e+04  3.99206035e+04 -3.98117515e+05 -3.40859864e+08  1.35235636e+08 
 1.76817299e+04  3.84238761e+04 -3.89519970e+05 -3.23868151e+08  1.30295464e+08 
 1.80894658e+04  3.69782207e+04 -3.81103044e+05 -3.07478209e+08  1.25392392e+08 
 1.85066040e+04  3.55817197e+04 -3.72862770e+05 -2.91862157e+08  1.20704666e+08 
 1.89333613e+04  3.42330987e+04 -3.64795181e+05 -2.77003770e+08  1.16239143e+08 
 1.93699595e+04  3.29303994e+04 -3.56896564e+05 -2.62779361e+08  1.11889555e+08 
 1.98166255e+04  3.16725039e+04 -3.49163170e+05 -2.49197449e+08  1.07679870e+08 
 2.02735916e+04  3.04579187e+04 -3.41591438e+05 -2.36174000e+08  1.03538361e+08 
 2.07410951e+04  2.92852111e+04 -3.34177909e+05 -2.23799737e+08  9.95802031e+07 
 2.12193792e+04  2.81532939e+04 -3.26919171e+05 -2.11959138e+08  9.56982487e+07 
 2.17086923e+04  2.70608073e+04 -3.19811970e+05 -2.00720448e+08  9.19891966e+07 
 2.22092889e+04  2.60067103e+04 -3.12853097e+05 -1.89963092e+08  8.83333898e+07 
 2.27214291e+04  2.49897557e+04 -3.06039478e+05 -1.79791068e+08  8.48748501e+07 
 2.32453791e+04  2.40090635e+04 -2.99368072e+05 -1.70035951e+08  8.14299531e+07 
 2.37814113e+04  2.30633906e+04 -2.92835988e+05 -1.60771689e+08  7.81078475e+07 
 2.43298042e+04  2.21518032e+04 -2.86440374e+05 -1.51956764e+08  7.48790997e+07 
 2.48908429e+04  2.12733338e+04 -2.80178462e+05 -1.43575110e+08  7.17428745e+07 
 2.54648190e+04  2.04270248e+04 -2.74047566e+05 -1.35611477e+08  6.86995785e+07 
 2.60520309e+04  1.96118978e+04 -2.68045073e+05 -1.28050475e+08  6.57507573e+07 
 2.66527837e+04  1.88271787e+04 -2.62168415e+05 -1.20877846e+08  6.28975895e+07 
 2.72673897e+04  1.80718117e+04 -2.56415131e+05 -1.14061692e+08  6.01167469e+07 
 2.78961683e+04  1.73450333e+04 -2.50782779e+05 -1.07586059e+08  5.74055742e+07 
 2.85394464e+04  1.66459339e+04 -2.45269003e+05 -1.01470992e+08  5.48143016e+07 
 2.91975583e+04  1.59736730e+04 -2.39871489e+05 -9.56684056e+07  5.22934824e+07 
 2.98708461e+04  1.53274436e+04 -2.34587977e+05 -9.01815400e+07  4.98692057e+07 
 3.05596598e+04  1.47065392e+04 -2.29416243e+05 -8.49752815e+07  4.75070109e+07 
 3.12643573e+04  1.41100158e+04 -2.24354141e+05 -8.00532808e+07  4.52321205e+07 
 3.19853049e+04  1.35371158e+04 -2.19399550e+05 -7.54017129e+07  4.30438836e+07 
 3.27228774e+04  1.29871076e+04 -2.14550385e+05 -7.10051996e+07  4.09363383e+07 
 3.34774581e+04  1.24592237e+04 -2.09804611e+05 -6.68501279e+07  3.89060705e+07 
 3.42494392e+04  1.19526894e+04 -2.05160231e+05 -6.29219399e+07  3.69470862e+07 
 3.50392221e+04  1.14668567e+04 -2.00615272e+05 -5.92166035e+07  3.50713105e+07 
 3.58472171e+04  1.10009530e+04 -1.96167809e+05 -5.57166261e+07  3.32658953e+07 
 3.66738442e+04  1.05542610e+04 -1.91815948e+05 -5.24115426e+07  3.15290028e+07 
 3.75195331e+04  1.01261112e+04 -1.87557823e+05 -4.92957185e+07  2.98680913e+07 
 3.83847234e+04  9.71584468e+03 -1.83391596e+05 -4.63563823e+07  2.82755798e+07 
 3.92698648e+04  9.32277053e+03 -1.79315468e+05 -4.35846595e+07  2.67512130e+07 
 4.01754173e+04  8.94627385e+03 -1.75327660e+05 -4.09706151e+07  2.52908987e+07 
 4.11018515e+04  8.58569682e+03 -1.71426426e+05 -3.85078774e+07  2.38972897e+07 
 4.20496491e+04  8.24045326e+03 -1.67610045e+05 -3.61861332e+07  2.25643975e+07 
 4.30193027e+04  7.90996852e+03 -1.63876820e+05 -3.39987661e+07  2.12924181e+07 
 4.40113162e+04  7.59361029e+03 -1.60225090e+05 -3.19369001e+07  2.00767717e+07 
 4.50262052e+04  7.29082709e+03 -1.56653213e+05 -2.99951309e+07  1.89187352e+07 
 4.60644974e+04  7.00109262e+03 -1.53159571e+05 -2.81662212e+07  1.78152665e+07 
 4.71267322e+04  6.72385280e+03 -1.49742576e+05 -2.64434089e+07  1.67635631e+07 
 4.82134619e+04  6.45859345e+03 -1.46400664e+05 -2.48210474e+07  1.57625711e+07 
 4.93252513e+04  6.20483556e+03 -1.43132294e+05 -2.32931083e+07  1.48096053e+07 
 5.04626783e+04  5.96205997e+03 -1.39935953e+05 -2.18545473e+07  1.39035230e+07 
 5.16263340e+04  5.72984674e+03 -1.36810147e+05 -2.04996074e+07  1.30410716e+07 
 5.28168234e+04  5.50771938e+03 -1.33753412e+05 -1.92246252e+07  1.22228383e+07 
 5.40347650e+04  5.29522960e+03 -1.30764309e+05 -1.80241715e+07  1.14452384e+07 
 5.52807921e+04  5.09199201e+03 -1.27841416e+05 -1.68940688e+07  1.07067293e+07 
 5.65555523e+04  4.89756728e+03 -1.24983343e+05 -1.58301997e+07  1.00054869e+07 
 5.78597080e+04  4.71158502e+03 -1.22188720e+05 -1.48293799e+07  9.34115561e+06 
 5.91939372e+04  4.53368042e+03 -1.19456201e+05 -1.38871224e+07  8.71032880e+06 
 6.05589334e+04  4.36348325e+03 -1.16784463e+05 -1.30003961e+07  8.11220530e+06 
 6.19554061e+04  4.20065134e+03 -1.14172210e+05 -1.21662035e+07  7.54563734e+06 
 6.33840810e+04  4.04483909e+03 -1.11618167e+05 -1.13813032e+07  7.00880052e+06 
 6.48457008e+04  3.89573870e+03 -1.09121081e+05 -1.06429307e+07  6.50040609e+06 
 6.63410251e+04  3.75303852e+03 -1.06679725e+05 -9.94829965e+06  6.01888222e+06 
 6.78708313e+04  3.61647563e+03 -1.04292891e+05 -9.29502603e+06  5.56323109e+06 
 6.94359143e+04  3.48571431e+03 -1.01959400e+05 -8.68069436e+06  5.13213643e+06 
 7.10370877e+04  3.36053538e+03 -9.96780868e+04 -8.10309362e+06  4.72445718e+06 
 7.26751838e+04  3.24065422e+03 -9.74478162e+04 -7.56005337e+06  4.33892977e+06 
 7.43510539e+04  3.12582714e+03 -9.52674713e+04 -7.04960693e+06  3.97452314e+06 
 7.60655691e+04  3.01583315e+03 -9.31359566e+04 -6.56989888e+06  3.63022780e+06 
 7.78196206e+04  2.91044457e+03 -9.10521992e+04 -6.11912598e+06  3.30499620e+06 
 7.96141200e+04  2.80943020e+03 -8.90151485e+04 -5.69572620e+06  2.99802496e+06 
 8.14500001e+04  2.71260273e+03 -8.70237724e+04 -5.29803089e+06  2.70827228e+06 
 8.33282151e+04  2.61975853e+03 -8.50770612e+04 -4.92462572e+06  2.43496709e+06 
 8.52497412e+04  2.53070152e+03 -8.31740258e+04 -4.57406618e+06  2.17722585e+06 
 8.72155772e+04  2.44526431e+03 -8.13136960e+04 -4.24506722e+06  1.93430780e+06 
 8.92267449e+04  2.36327495e+03 -7.94951220e+04 -3.93639842e+06  1.70547793e+06 
 9.12842895e+04  2.28456469e+03 -7.77173741e+04 -3.64687430e+06  1.49001246e+06 
 9.33892805e+04  2.20898190e+03 -7.59795411e+04 -3.37539121e+06  1.28723842e+06 
 9.55428121e+04  2.13637981e+03 -7.42807310e+04 -3.12090666e+06  1.09651656e+06 
 9.77460036e+04  2.06661904e+03 -7.26200704e+04 -2.88244134e+06  9.17237534e+05 
 1.00000000e+05  1.99956275e+03 -7.09967043e+04 -2.65907053e+06  7.48824965e+05 
 1.02305973e+05  1.93508159e+03 -6.94097960e+04 -2.44993077e+06  5.90730574e+05 
 1.04665121e+05  1.87305747e+03 -6.78585260e+04 -2.25417012e+06  4.42413678e+05 
 1.07078670e+05  1.81337627e+03 -6.63420924e+04 -2.07102073e+06  3.03380621e+05 
 1.09547876e+05  1.75592030e+03 -6.48597111e+04 -1.89974639e+06  1.73154888e+05 
 1.12074020e+05  1.70059566e+03 -6.34106135e+04 -1.73965444e+06  5.12828915e+04 
 1.14658417e+05  1.64729495e+03 -6.19940490e+04 -1.59008593e+06 -6.26674226e+04 
 1.17302409e+05  1.59593103e+03 -6.06092821e+04 -1.45042527e+06 -1.69107100e+05 
 1.20007371e+05  1.54640965e+03 -5.92555941e+04 -1.32008600e+06 -2.68426542e+05 
 1.22774708e+05  1.49865005e+03 -5.79322813e+04 -1.19851727e+06 -3.60997192e+05 
 1.25605860e+05  1.45256973e+03 -5.66386560e+04 -1.08520130e+06 -4.47174325e+05 
 1.28502297e+05  1.40809251e+03 -5.53740453e+04 -9.79644123e+05 -5.27293039e+05 
 1.31465525e+05  1.36514789e+03 -5.41377912e+04 -8.81384143e+05 -6.01672328e+05 
 1.34497085e+05  1.32366539e+03 -5.29292504e+04 -7.89985447e+05 -6.70618120e+05 
 1.37598551e+05  1.28358125e+03 -5.17477939e+04 -7.05035287e+05 -7.34419218e+05 
 1.40771537e+05  1.24483993e+03 -5.05928062e+04 -6.26144551e+05 -7.93351525e+05 
 1.44017690e+05  1.20737726e+03 -4.94636866e+04 -5.52948219e+05 -8.47671997e+05 
 1.47338699e+05  1.17114199e+03 -4.83598472e+04 -4.85098648e+05 -8.97633360e+05 
 1.50736290e+05  1.13608231e+03 -4.72807135e+04 -4.22270967e+05 -9.43469657e+05 
 1.54212228e+05  1.10215324e+03 -4.62257242e+04 -3.64155547e+05 -9.85406380e+05 
 1.57768320e+05  1.06930722e+03 -4.51943308e+04 -3.10466038e+05 -1.02365319e+06 
 1.61406415e+05  1.03749945e+03 -4.41859972e+04 -2.60925972e+05 -1.05841472e+06 
 1.65128404e+05  1.00669195e+03 -4.32001996e+04 -2.15277435e+05 -1.08988254e+06 
 1.68936220e+05  9.76845180e+02 -4.22364265e+04 -1.73277337e+05 -1.11823860e+06 
 1.72831844e+05  9.47926376e+02 -4.12941779e+04 -1.34697857e+05 -1.14365547e+06 
 1.76817299e+05  9.19898054e+02 -4.03729657e+04 -9.93177354e+04 -1.16629852e+06 
 1.80894658e+05  8.92729881e+02 -3.94723130e+04 -6.69356295e+04 -1.18632276e+06 
 1.85066040e+05  8.66391341e+02 -3.85917539e+04 -3.73619062e+04 -1.20387601e+06 
 1.89333613e+05  8.40856514e+02 -3.77308335e+04 -1.04115046e+04 -1.21909925e+06 
 1.93699595e+05  8.16096489e+02 -3.68891077e+04  1.40894785e+04 -1.23212576e+06 
 1.98166255e+05  7.92086089e+02 -3.60661427e+04  3.62972574e+04 -1.24308214e+06 
 2.02735916e+05  7.68803271e+02 -3.52615148e+04  5.63704586e+04 -1.25208837e+06 
 2.07410951e+05  7.46223738e+02 -3.44748106e+04  7.44468920e+04 -1.25925906e+06 
 2.12193792e+05  7.24326197e+02 -3.37056260e+04  9.06658690e+04 -1.26470234e+06 
 2.17086923e+05  7.03090387e+02 -3.29535669e+04  1.05156642e+05 -1.26852095e+06 
 2.22092889e+05  6.82499326e+02 -3.22182481e+04  1.18033609e+05 -1.27081382e+06 
 2.27214291e+05  6.62531032e+02 -3.14992938e+04  1.29417808e+05 -1.27167268e+06 
 2.32453791e+05  6.43169595e+02 -3.07963370e+04  1.39411695e+05 -1.27118685e+06 
 2.37814113e+05  6.24399874e+02 -3.01090191e+04  1.48117216e+05 -1.26944025e+06 
 2.43298042e+05  6.06203040e+02 -2.94369905e+04  1.55632941e+05 -1.26651201e+06 
 2.48908429e+05  5.88564208e+02 -2.87799093e+04  1.62044829e+05 -1.26247901e+06 
 2.54648190e+05  5.71469520e+02 -2.81374418e+04  1.67439287e+05 -1.25741310e+06 
 2.60520309e+05  5.54903904e+02 -2.75092624e+04  1.71896519e+05 -1.25138287e+06 
 2.66527837e+05  5.38853345e+02 -2.68950527e+04  1.75488795e+05 -1.24445448e+06 
 2.72673897e+05  5.23304396e+02 -2.62945020e+04  1.78284686e+05 -1.23669080e+06 
 2.78961683e+05  5.08242897e+02 -2.57073069e+04  1.80355972e+05 -1.22814952e+06 
 2.85394464e+05  4.93657616e+02 -2.51331708e+04  1.81762971e+05 -1.21888757e+06 
 2.91975583e+05  4.79534992e+02 -2.45718042e+04  1.82560875e+05 -1.20895966e+06 
 2.98708461e+05  4.65863327e+02 -2.40229242e+04  1.82805718e+05 -1.19841656e+06 
 3.05596598e+05  4.52631177e+02 -2.34862543e+04  1.82548547e+05 -1.18730702e+06 
 3.12643573e+05  4.39825396e+02 -2.29615246e+04  1.81840141e+05 -1.17567652e+06 
 3.19853049e+05  4.27434285e+02 -2.24484713e+04  1.80719626e+05 -1.16357100e+06 
 3.27228774e+05  4.15447549e+02 -2.19468363e+04  1.79233984e+05 -1.15103080e+06 
 3.34774581e+05  4.03853297e+02 -2.14563678e+04  1.77417239e+05 -1.13809749e+06 
 3.42494392e+05  3.92641411e+02 -2.09768194e+04  1.75309436e+05 -1.12480788e+06 
 3.50392221e+05  3.81799754e+02 -2.05079504e+04  1.72942451e+05 -1.11119871e+06 
 3.58472171e+05  3.71318475e+02 -2.00495255e+04  1.70349168e+05 -1.09730382e+06 
 3.66738442e+05  3.61186413e+02 -1.96013145e+04  1.67557836e+05 -1.08315609e+06 
 3.75195331e+05  3.51393910e+02 -1.91630926e+04  1.64595418e+05 -1.06878645e+06 
 3.83847234e+05  3.41930296e+02 -1.87346397e+04  1.61485531e+05 -1.05422466e+06 
 3.92698648e+05  3.32785506e+02 -1.83157408e+04  1.58251531e+05 -1.03949839e+06 
 4.01754173e+05  3.23948972e+02 -1.79061857e+04  1.54916343e+05 -1.02463342e+06 
 4.11018515e+05  3.15412001e+02 -1.75057685e+04  1.51498678e+05 -1.00965489e+06 
 4.20496491e+05  3.07164088e+02 -1.71142881e+04  1.48015181e+05 -9.94586697e+05 
 4.30193027e+05  2.99195751e+02 -1.67315478e+04  1.44482276e+05 -9.79451023e+05 
 4.40113162e+05  2.91497759e+02 -1.63573550e+04  1.40915207e+05 -9.64268694e+05 
 4.50262052e+05  2.84060770e+02 -1.59915215e+04  1.37328866e+05 -9.49059032e+05 
 4.60644974e+05  2.76876067e+02 -1.56338631e+04  1.33734586e+05 -9.33840880e+05 
 4.71267322e+05  2.69934619e+02 -1.52841996e+04  1.30142796e+05 -9.18631850e+05 
 4.82134619e+05  2.63227599e+02 -1.49423546e+04  1.26563057e+05 -9.03448399e+05 
 4.93252513e+05  2.56746292e+02 -1.46081557e+04  1.23005495e+05 -8.88305476e+05 
 5.04626783e+05  2.50482771e+02 -1.42814340e+04  1.19478564e+05 -8.73217248e+05 
 5.16263340e+05  2.44428272e+02 -1.39620246e+04  1.15988545e+05 -8.58197282e+05 
 5.28168234e+05  2.38575030e+02 -1.36497657e+04  1.12541716e+05 -8.43257974e+05 
 5.40347650e+05  2.32915310e+02 -1.33444991e+04  1.09143053e+05 -8.28410992e+05 
 5.52807921e+05  2.27441220e+02 -1.30460703e+04  1.05799330e+05 -8.13666481e+05 
 5.65555523e+05  2.22145381e+02 -1.27543277e+04  1.02512458e+05 -7.99034900e+05 
 5.78597080e+05  2.17020595e+02 -1.24691232e+04  9.92885031e+04 -7.84524680e+05 
 5.91939372e+05  2.12059653e+02 -1.21903118e+04  9.61278947e+04 -7.70144842e+05 
 6.05589334e+05  2.07255773e+02 -1.19177514e+04  9.30350404e+04 -7.55902538e+05 
 6.19554061e+05  2.02602012e+02 -1.16513034e+04  9.00116754e+04 -7.41804823e+05 
 6.33840810e+05  1.98092231e+02 -1.13908316e+04  8.70577491e+04 -7.27858440e+05 
 6.48457008e+05  1.93719628e+02 -1.11362031e+04  8.41776637e+04 -7.14068347e+05 
 6.63410251e+05  1.89478599e+02 -1.08872878e+04  8.13693046e+04 -7.00440423e+05 
 6.78708313e+05  1.85362888e+02 -1.06439582e+04  7.86349245e+04 -6.86978869e+05 
 6.94359143e+05  1.81367052e+02 -1.04060896e+04  7.59746276e+04 -6.73687822e+05 
 7.10370877e+05  1.77485353e+02 -1.01735600e+04  7.33875090e+04 -6.60571099e+05 
 7.26751838e+05  1.73712591e+02 -9.94625008e+03  7.08744645e+04 -6.47631591e+05 
 7.43510539e+05  1.70043822e+02 -9.72404286e+03  6.84345770e+04 -6.34872121e+05 
 7.60655691e+05  1.66473857e+02 -9.50682404e+03  6.60675212e+04 -6.22294931e+05 
 7.78196206e+05  1.62998187e+02 -9.29448169e+03  6.37727711e+04 -6.09901886e+05 
 7.96141200e+05  1.59612399e+02 -9.08690630e+03  6.15486582e+04 -5.97694706e+05 
 8.14500001e+05  1.56311980e+02 -8.88399073e+03  5.93947427e+04 -5.85674484e+05 
 8.33282151e+05  1.53092867e+02 -8.68563010e+03  5.73097949e+04 -5.73842139e+05 
 8.52497412e+05  1.49951359e+02 -8.49172183e+03  5.52925053e+04 -5.62198294e+05 
 8.72155772e+05  1.46883550e+02 -8.30216552e+03  5.33420432e+04 -5.50743182e+05 
 8.92267449e+05  1.43886098e+02 -8.11686297e+03  5.14561224e+04 -5.39477055e+05 
 9.12842895e+05  1.40955545e+02 -7.93571809e+03  4.96343041e+04 -5.28399550e+05 
 9.33892805e+05  1.38088844e+02 -7.75863688e+03  4.78744985e+04 -5.17510398e+05 
 9.55428121e+05  1.35283043e+02 -7.58552738e+03  4.61756002e+04 -5.06808926e+05 
 9.77460036e+05  1.32535376e+02 -7.41629966e+03  4.45355211e+04 -4.96294450e+05 
 1.00000000e+06  1.29843277e+02 -7.25086573e+03  4.29535180e+04 -4.85965862e+05 
 1.02305973e+06  1.27204416e+02 -7.08913955e+03  4.14270679e+04 -4.75822209e+05 
 1.04665121e+06  1.24616456e+02 -6.93103698e+03  3.99551631e+04 -4.65862117e+05 
 1.07078670e+06  1.22077457e+02 -6.77647574e+03  3.85365171e+04 -4.56084131e+05 
 1.09547876e+06  1.19585399e+02 -6.62537536e+03  3.71692565e+04 -4.46486772e+05 
 1.12074020e+06  1.17138642e+02 -6.47765718e+03  3.58519069e+04 -4.37068381e+05 
 1.14658417e+06  1.14735644e+02 -6.33324429e+03  3.45828240e+04 -4.27827225e+05 
 1.17302409e+06  1.12374875e+02 -6.19206153e+03  3.33600758e+04 -4.18761528e+05 
 1.20007371e+06  1.10055130e+02 -6.05403539e+03  3.21830295e+04 -4.09869223e+05 
 1.22774708e+06  1.07775159e+02 -5.91909408e+03  3.10494746e+04 -4.01148426e+05 
 1.25605860e+06  1.05534065e+02 -5.78716739e+03  2.99581754e+04 -3.92597030e+05 
 1.28502297e+06  1.03330871e+02 -5.65818675e+03  2.89078853e+04 -3.84212881e+05 
 1.31465525e+06  1.01164801e+02 -5.53208515e+03  2.78968408e+04 -3.75993852e+05 
 1.34497085e+06  9.90352005e+01 -5.40879711e+03  2.69240992e+04 -3.67937652e+05 
 1.37598551e+06  9.69414599e+01 -5.28825868e+03  2.59880894e+04 -3.60042049e+05 
 1.40771537e+06  9.48830861e+01 -5.17040738e+03  2.50871932e+04 -3.52304787e+05 
 1.44017690e+06  9.28596681e+01 -5.05518219e+03  2.42207355e+04 -3.44723450e+05 
 1.47338699e+06  9.08709167e+01 -4.94252353e+03  2.33868401e+04 -3.37295776e+05 
 1.50736290e+06  8.89165429e+01 -4.83237318e+03  2.25846538e+04 -3.30019343e+05 
 1.54212228e+06  8.69963375e+01 -4.72467431e+03  2.18128259e+04 -3.22891789e+05 
 1.57768320e+06  8.51101811e+01 -4.61937144e+03  2.10701574e+04 -3.15910725e+05 
 1.61406415e+06  8.32579373e+01 -4.51641037e+03  2.03557519e+04 -3.09073720e+05 
 1.65128404e+06  8.14395668e+01 -4.41573821e+03  1.96682969e+04 -3.02378398e+05 
 1.68936220e+06  7.96550416e+01 -4.31730330e+03  1.90067110e+04 -2.95822359e+05 
 1.72831844e+06  7.79043355e+01 -4.22105523e+03  1.83701814e+04 -2.89403172e+05 
 1.76817299e+06  7.61874547e+01 -4.12694476e+03  1.77575329e+04 -2.83118467e+05 
 1.80894658e+06  7.45044599e+01 -4.03492384e+03  1.71678653e+04 -2.76965847e+05 
 1.85066040e+06  7.28553179e+01 -3.94494555e+03  1.66001052e+04 -2.70942954e+05 
 1.89333613e+06  7.12400878e+01 -3.85696410e+03  1.60534944e+04 -2.65047406e+05 
 1.93699595e+06  6.96588014e+01 -3.77093477e+03  1.55272272e+04 -2.59276846e+05 
 1.98166255e+06  6.81114520e+01 -3.68681391e+03  1.50202315e+04 -2.53628970e+05 
 2.02735916e+06  6.65980569e+01 -3.60455891e+03  1.45317889e+04 -2.48101451e+05 
 2.07410951e+06  6.51185739e+01 -3.52412815e+03  1.40611492e+04 -2.42691990e+05 
 2.12193792e+06  6.36729946e+01 -3.44548101e+03  1.36074907e+04 -2.37398323e+05 
 2.17086923e+06  6.22612493e+01 -3.36857782e+03  1.31702342e+04 -2.32218180e+05 
 2.22092889e+06  6.08832230e+01 -3.29337984e+03  1.27485304e+04 -2.27149351e+05 
 2.27214291e+06  5.95388449e+01 -3.21984925e+03  1.23417685e+04 -2.22189626e+05 
 2.32453791e+06  5.82279684e+01 -3.14794910e+03  1.19493196e+04 -2.17336825e+05 
 2.37814113e+06  5.69504028e+01 -3.07764331e+03  1.15705033e+04 -2.12588803e+05 
 2.43298042e+06  5.57059452e+01 -3.00889663e+03  1.12047613e+04 -2.07943433e+05 
 2.48908429e+06  5.44943657e+01 -2.94167462e+03  1.08515993e+04 -2.03398609e+05 
 2.54648190e+06  5.33154223e+01 -2.87594365e+03  1.05103626e+04 -1.98952276e+05 
 2.60520309e+06  5.21687964e+01 -2.81167086e+03  1.01805145e+04 -1.94602397e+05 
 2.66527837e+06  5.10541794e+01 -2.74882412e+03  9.86168307e+03 -1.90346950e+05 
 2.72673897e+06  4.99712062e+01 -2.68737207e+03  9.55328467e+03 -1.86183966e+05 
 2.78961683e+06  4.89195126e+01 -2.62728401e+03  9.25496284e+03 -1.82111488e+05 
 2.85394464e+06  4.78986764e+01 -2.56852999e+03  8.96619990e+03 -1.78127607e+05 
 2.91975583e+06  4.69082711e+01 -2.51108069e+03  8.68662947e+03 -1.74230431e+05 
 2.98708461e+06  4.59478302e+01 -2.45490747e+03  8.41595648e+03 -1.70418097e+05 
 3.05596598e+06  4.50168777e+01 -2.39998234e+03  8.15361690e+03 -1.66688801e+05 
 3.12643573e+06  4.41149124e+01 -2.34627790e+03  7.89939237e+03 -1.63040738e+05 
 3.19853049e+06  4.32414140e+01 -2.29376739e+03  7.65288078e+03 -1.59472155e+05 
 3.27228774e+06  4.23958541e+01 -2.24242463e+03  7.41386798e+03 -1.55981316e+05 
 3.34774581e+06  4.15776646e+01 -2.19222401e+03  7.18197453e+03 -1.52566533e+05 
 3.42494392e+06  4.07862833e+01 -2.14314051e+03  6.95695515e+03 -1.49226139e+05 
 3.50392221e+06  4.00211331e+01 -2.09514963e+03  6.73851918e+03 -1.45958508e+05 
 3.58472171e+06  3.92816288e+01 -2.04822742e+03  6.52645324e+03 -1.42762036e+05 
 3.66738442e+06  3.85671686e+01 -2.00235045e+03  6.32048345e+03 -1.39635160e+05 
 3.75195331e+06  3.78771516e+01 -1.95749581e+03  6.12044245e+03 -1.36576342e+05 
 3.83847234e+06  3.72109717e+01 -1.91364107e+03  5.92607089e+03 -1.33584082e+05 
 3.92698648e+06  3.65680086e+01 -1.87076431e+03  5.73719325e+03 -1.30656909e+05 
 4.01754173e+06  3.59476572e+01 -1.82884407e+03  5.55361340e+03 -1.27793384e+05 
 4.11018515e+06  3.53493022e+01 -1.78785935e+03  5.37517708e+03 -1.24992095e+05 
 4.20496491e+06  3.47723228e+01 -1.74778963e+03  5.20171030e+03 -1.22251667e+05 
 4.30193027e+06  3.42161160e+01 -1.70861481e+03  5.03306353e+03 -1.19570752e+05 
 4.40113162e+06  3.36800730e+01 -1.67031524e+03  4.86909552e+03 -1.16948033e+05 
 4.50262052e+06  3.31635846e+01 -1.63287167e+03  4.70968441e+03 -1.14382222e+05 
 4.60644974e+06  3.26660607e+01 -1.59626530e+03  4.55465638e+03 -1.11872065e+05 
 4.71267322e+06  3.21868993e+01 -1.56047770e+03  4.40392804e+03 -1.09416329e+05 
 4.82134619e+06  3.17255291e+01 -1.52549087e+03  4.25738451e+03 -1.07013816e+05 
 4.93252513e+06  3.12813614e+01 -1.49128718e+03  4.11492617e+03 -1.04663352e+05 
 5.04626783e+06  3.08538333e+01 -1.45784938e+03  3.97639942e+03 -1.02363797e+05 
 5.16263340e+06  3.04423857e+01 -1.42516060e+03  3.84175447e+03 -1.00114029e+05 
 5.28168234e+06  3.00464643e+01 -1.39320434e+03  3.71091115e+03 -9.79129572e+04 
 5.40347650e+06  2.96655367e+01 -1.36196443e+03  3.58374010e+03 -9.57595183e+04 
 5.52807921e+06  2.92990712e+01 -1.33142509e+03  3.46018518e+03 -9.36526707e+04 
 5.65555523e+06  2.89465454e+01 -1.30157083e+03  3.34016487e+03 -9.15913995e+04 
 5.78597080e+06  2.86074577e+01 -1.27238655e+03  3.22358488e+03 -8.95747148e+04 
 5.91939372e+06  2.82813067e+01 -1.24385743e+03  3.11037606e+03 -8.76016490e+04 
 6.05589334e+06  2.79676108e+01 -1.21596901e+03  3.00046945e+03 -8.56712574e+04 
 6.19554061e+06  2.76658986e+01 -1.18870712e+03  2.89380274e+03 -8.37826174e+04 
 6.33840810e+06  2.73757038e+01 -1.16205789e+03  2.79030065e+03 -8.19348294e+04 
 6.48457008e+06  2.70965776e+01 -1.13600778e+03  2.68987186e+03 -8.01270160e+04 
 6.63410251e+06  2.68280820e+01 -1.11054352e+03  2.59249090e+03 -7.83583162e+04 
 6.78708313e+06  2.65697906e+01 -1.08565214e+03  2.49807233e+03 -7.66278932e+04 
 6.94359143e+06  2.63212835e+01 -1.06132095e+03  2.40653927e+03 -7.49349288e+04 
 7.10370877e+06  2.60821594e+01 -1.03753754e+03  2.31786108e+03 -7.32786213e+04 
 7.26751838e+06  2.58520219e+01 -1.01428976e+03  2.23195959e+03 -7.16581902e+04 
 7.43510539e+06  2.56304916e+01 -9.91565736e+02  2.14876363e+03 -7.00728723e+04 
 7.60655691e+06  2.54171937e+01 -9.69353852e+02  2.06822490e+03 -6.85219206e+04 
 7.78196206e+06  2.52117659e+01 -9.47642743e+02  1.99027250e+03 -6.70046061e+04 
 7.96141200e+06  2.50138594e+01 -9.26421295e+02  1.91486839e+03 -6.55202142e+04 
 8.14500001e+06  2.48231309e+01 -9.05678636e+02  1.84192969e+03 -6.40680491e+04 
 8.33282151e+06  2.46392491e+01 -8.85404134e+02  1.77140946e+03 -6.26474278e+04 
 8.52497412e+06  2.44618929e+01 -8.65587390e+02  1.70324509e+03 -6.12576836e+04 
 8.72155772e+06  2.42907494e+01 -8.46218232e+02  1.63738116e+03 -5.98981637e+04 
 8.92267449e+06  2.41255132e+01 -8.27286714e+02  1.57375873e+03 -5.85682297e+04 
 9.12842895e+06  2.39658903e+01 -8.08783108e+02  1.51231918e+03 -5.72672567e+04 
 9.33892805e+06  2.38115947e+01 -7.90697899e+02  1.45300996e+03 -5.59946330e+04 
 9.55428121e+06  2.36623474e+01 -7.73021783e+02  1.39576988e+03 -5.47497604e+04 
 9.77460036e+06  2.35178771e+01 -7.55745660e+02  1.34054666e+03 -5.35320527e+04 
 1.00000000e+07  2.33779221e+01 -7.38860633e+02  1.28728030e+03 -5.23409364e+04 
 1.02305973e+07  2.32422254e+01 -7.22357998e+02  1.23592395e+03 -5.11758494e+04 
 1.04665121e+07  2.31105373e+01 -7.06229246e+02  1.18642079e+03 -5.00362418e+04 
 1.07078670e+07  2.29826170e+01 -6.90466055e+02  1.13871499e+03 -4.89215748e+04 
 1.09547876e+07  2.28582277e+01 -6.75060286e+02  1.09275586e+03 -4.78313208e+04 
 1.12074020e+07  2.27371407e+01 -6.60003981e+02  1.04848709e+03 -4.67649630e+04 
 1.14658417e+07  2.26191308e+01 -6.45289358e+02  1.00586329e+03 -4.57219949e+04 
 1.17302409e+07  2.25039804e+01 -6.30908805e+02  9.64837048e+02 -4.47019202e+04 
 1.20007371e+07  2.23914760e+01 -6.16854881e+02  9.25349022e+02 -4.37042536e+04 
 1.22774708e+07  2.22814100e+01 -6.03120308e+02  8.87355660e+02 -4.27285186e+04 
 1.25605860e+07  2.21735792e+01 -5.89697969e+02  8.50810249e+02 -4.17742488e+04 
 1.28502297e+07  2.20677838e+01 -5.76580904e+02  8.15663758e+02 -4.08409871e+04 
 1.31465525e+07  2.19638297e+01 -5.63762307e+02  7.81874248e+02 -3.99282857e+04 
 1.34497085e+07  2.18615272e+01 -5.51235523e+02  7.49390348e+02 -3.90357059e+04 
 1.37598551e+07  2.17606888e+01 -5.38994043e+02  7.18176005e+02 -3.81628175e+04 
 1.40771537e+07  2.16611318e+01 -5.27031502e+02  6.88179613e+02 -3.73091995e+04 
 1.44017690e+07  2.15626766e+01 -5.15341674e+02  6.59366565e+02 -3.64744390e+04 
 1.47338699e+07  2.14651465e+01 -5.03918472e+02  6.31688150e+02 -3.56581318e+04 
 1.50736290e+07  2.13683686e+01 -4.92755941e+02  6.05112383e+02 -3.48598813e+04 
 1.54212228e+07  2.12721715e+01 -4.81848257e+02  5.79596404e+02 -3.40792993e+04 
 1.57768320e+07  2.11763880e+01 -4.71189726e+02  5.55105104e+02 -3.33160054e+04 
 1.61406415e+07  2.10808529e+01 -4.60774776e+02  5.31597178e+02 -3.25696271e+04 
 1.65128404e+07  2.09854026e+01 -4.50597958e+02  5.09039570e+02 -3.18397992e+04 
 1.68936220e+07  2.08898771e+01 -4.40653941e+02  4.87396264e+02 -3.11261640e+04 
 1.72831844e+07  2.07941176e+01 -4.30937512e+02  4.66634156e+02 -3.04283710e+04 
 1.76817299e+07  2.06979676e+01 -4.21443568e+02  4.46721040e+02 -2.97460771e+04 
 1.80894658e+07  2.06012731e+01 -4.12167120e+02  4.27624838e+02 -2.90789460e+04 
 1.85066040e+07  2.05038818e+01 -4.03103285e+02  4.09312295e+02 -2.84266485e+04 
 1.89333613e+07  2.04056427e+01 -3.94247285e+02  3.91757177e+02 -2.77888619e+04 
 1.93699595e+07  2.03064079e+01 -3.85594445e+02  3.74927549e+02 -2.71652704e+04 
 1.98166255e+07  2.02060302e+01 -3.77140191e+02  3.58797425e+02 -2.65555645e+04 
 2.02735916e+07  2.01043652e+01 -3.68880045e+02  3.43338958e+02 -2.59594412e+04 
 2.07410951e+07  2.00012700e+01 -3.60809626e+02  3.28524755e+02 -2.53766040e+04 
 2.12193792e+07  1.98966040e+01 -3.52924644e+02  3.14331330e+02 -2.48067622e+04 
 2.17086923e+07  1.97902283e+01 -3.45220900e+02  3.00733626e+02 -2.42496314e+04 
 2.22092889e+07  1.96820066e+01 -3.37694284e+02  2.87708056e+02 -2.37049329e+04 
 2.27214291e+07  1.95718049e+01 -3.30340770e+02  2.75231379e+02 -2.31723942e+04 
 2.32453791e+07  1.94594913e+01 -3.23156418e+02  2.63282650e+02 -2.26517482e+04 
 2.37814113e+07  1.93449370e+01 -3.16137369e+02  2.51839316e+02 -2.21427336e+04 
 2.43298042e+07  1.92280157e+01 -3.09279842e+02  2.40881960e+02 -2.16450944e+04 
 2.48908429e+07  1.91086045e+01 -3.02580134e+02  2.30390530e+02 -2.11585802e+04 
 2.54648190e+07  1.89865837e+01 -2.96034620e+02  2.20345768e+02 -2.06829460e+04 
 2.60520309e+07  1.88618369e+01 -2.89639745e+02  2.10730668e+02 -2.02179516e+04 
 2.66527837e+07  1.87342521e+01 -2.83392027e+02  2.01526212e+02 -1.97633622e+04 
 2.72673897e+07  1.86037211e+01 -2.77288055e+02  1.92715993e+02 -1.93189481e+04 
 2.78961683e+07  1.84701406e+01 -2.71324485e+02  1.84284173e+02 -1.88844842e+04 
 2.85394464e+07  1.83334117e+01 -2.65498040e+02  1.76214533e+02 -1.84597504e+04 
 2.91975583e+07  1.81934414e+01 -2.59805508e+02  1.68492155e+02 -1.80445312e+04 
 2.98708461e+07  1.80501417e+01 -2.54243740e+02  1.61102685e+02 -1.76386160e+04 
 3.05596598e+07  1.79034313e+01 -2.48809647e+02  1.54033135e+02 -1.72417983e+04 
 3.12643573e+07  1.77532350e+01 -2.43500205e+02  1.47268315e+02 -1.68538764e+04 
 3.19853049e+07  1.75994847e+01 -2.38312445e+02  1.40796355e+02 -1.64746528e+04 
 3.27228774e+07  1.74421198e+01 -2.33243457e+02  1.34605024e+02 -1.61039343e+04 
 3.34774581e+07  1.72810874e+01 -2.28290389e+02  1.28682348e+02 -1.57415319e+04 
 3.42494392e+07  1.71163429e+01 -2.23450442e+02  1.23017064e+02 -1.53872606e+04 
 3.50392221e+07  1.69478507e+01 -2.18720873e+02  1.17597737e+02 -1.50409395e+04 
 3.58472171e+07  1.67755840e+01 -2.14098993e+02  1.12414845e+02 -1.47023917e+04 
 3.66738442e+07  1.65995258e+01 -2.09582165e+02  1.07457814e+02 -1.43714440e+04 
 3.75195331e+07  1.64196694e+01 -2.05167804e+02  1.02716751e+02 -1.40479271e+04 
 3.83847234e+07  1.62360182e+01 -2.00853375e+02  9.81828915e+01 -1.37316754e+04 
 3.92698648e+07  1.60485865e+01 -1.96636394e+02  9.38472791e+01 -1.34225266e+04 
 4.01754173e+07  1.58573999e+01 -1.92514428e+02  8.97011832e+01 -1.31203225e+04 
 4.11018515e+07  1.56624952e+01 -1.88485092e+02  8.57367153e+01 -1.28249080e+04 
 4.20496491e+07  1.54639211e+01 -1.84546051e+02  8.19459965e+01 -1.25361314e+04 
 4.30193027e+07  1.52617383e+01 -1.80695016e+02  7.83214855e+01 -1.22538444e+04 
 4.40113162e+07  1.50560193e+01 -1.76929750e+02  7.48560947e+01 -1.19779021e+04 
 4.50262052e+07  1.48468490e+01 -1.73248060e+02  7.15428986e+01 -1.17081626e+04 
 4.60644974e+07  1.46343246e+01 -1.69647803e+02  6.83752696e+01 -1.14444871e+04 
 4.71267322e+07  1.44185554e+01 -1.66126883e+02  6.53470936e+01 -1.11867401e+04 
 4.82134619e+07  1.41996627e+01 -1.62683251e+02  6.24520543e+01 -1.09347888e+04 
 4.93252513e+07  1.39777801e+01 -1.59314907e+02  5.96844501e+01 -1.06885035e+04 
 5.04626783e+07  1.37530526e+01 -1.56019895e+02  5.70388120e+01 -1.04477573e+04 
 5.16263340e+07  1.35256368e+01 -1.52796309e+02  5.45098939e+01 -1.02124263e+04 
 5.28168234e+07  1.32957003e+01 -1.49642288e+02  5.20923934e+01 -9.98238895e+03 
 5.40347650e+07  1.30634213e+01 -1.46556020e+02  4.97816962e+01 -9.75752675e+03 
 5.52807921e+07  1.28289879e+01 -1.43535739e+02  4.75729396e+01 -9.53772369e+03 
 5.65555523e+07  1.25925976e+01 -1.40579725e+02  4.54617329e+01 -9.32286632e+03 
 5.78597080e+07  1.23544569e+01 -1.37686306e+02  4.34438658e+01 -9.11284375e+03 
 5.91939372e+07  1.21147800e+01 -1.34853856e+02  4.15152295e+01 -8.90754751e+03 
 6.05589334e+07  1.18737884e+01 -1.32080797e+02  3.96718951e+01 -8.70687159e+03 
 6.19554061e+07  1.16317096e+01 -1.29365594e+02  3.79101057e+01 -8.51071229e+03 
 6.33840810e+07  1.13887771e+01 -1.26706761e+02  3.62262063e+01 -8.31896826e+03 
 6.48457008e+07  1.11452281e+01 -1.24102857e+02  3.46169506e+01 -8.13154036e+03 
 6.63410251e+07  1.09013038e+01 -1.21552485e+02  3.30789807e+01 -7.94833171e+03 
 6.78708313e+07  1.06572474e+01 -1.19054293e+02  3.16092039e+01 -7.76924754e+03 
 6.94359143e+07  1.04133036e+01 -1.16606974e+02  3.02045513e+01 -7.59419523e+03 
 7.10370877e+07  1.01697175e+01 -1.14209265e+02  2.88621464e+01 -7.42308421e+03 
 7.26751838e+07  9.92673330e+00 -1.11859944e+02  2.75791915e+01 -7.25582594e+03 
 7.43510539e+07  9.68459349e+00 -1.09557832e+02  2.63532471e+01 -7.09233383e+03 
 7.60655691e+07  9.44353773e+00 -1.07301791e+02  2.51816940e+01 -6.93252326e+03 
 7.78196206e+07  9.20380187e+00 -1.05090725e+02  2.40621243e+01 -6.77631148e+03 
 7.96141200e+07  8.96561699e+00 -1.02923575e+02  2.29921968e+01 -6.62361759e+03 
 8.14500001e+07  8.72920851e+00 -1.00799321e+02  2.19698311e+01 -6.47436251e+03 
 8.33282151e+07  8.49479526e+00 -9.87169807e+01  2.09928413e+01 -6.32846892e+03 
 8.52497412e+07  8.26258872e+00 -9.66756071e+01  2.00592872e+01 -6.18586124e+03 
 8.72155772e+07  8.03279226e+00 -9.46742884e+01  1.91671723e+01 -6.04646555e+03 
 8.92267449e+07  7.80560046e+00 -9.27121462e+01  1.83146926e+01 -5.91020964e+03 
 9.12842895e+07  7.58119850e+00 -9.07883344e+01  1.75001198e+01 -5.77702286e+03 
 9.33892805e+07  7.35976159e+00 -8.89020376e+01  1.67217110e+01 -5.64683619e+03 
 9.55428121e+07  7.14145458e+00 -8.70524702e+01  1.59779470e+01 -5.51958212e+03 
 9.77460036e+07  6.92643151e+00 -8.52388749e+01  1.52672322e+01 -5.39519468e+03 
 1.00000000e+08  6.71483537e+00 -8.34605210e+01  1.45880999e+01 -5.27360936e+03 
 1.02305973e+08  6.50679779e+00 -8.17167039e+01  1.39392207e+01 -5.15476310e+03 
 1.04665121e+08  6.30243898e+00 -8.00067426e+01  1.33191528e+01 -5.03859428e+03 
 1.07078670e+08  6.10186757e+00 -7.83299796e+01  1.27266636e+01 -4.92504262e+03 
 1.09547876e+08  5.90518067e+00 -7.66857788e+01  1.21605268e+01 -4.81404922e+03 
 1.12074020e+08  5.71246388e+00 -7.50735245e+01  1.16196110e+01 -4.70555650e+03 
 1.14658417e+08  5.52379144e+00 -7.34926203e+01  1.11027333e+01 -4.59950817e+03 
 1.17302409e+08  5.33922640e+00 -7.19424878e+01  1.06088818e+01 -4.49584920e+03 
 1.20007371e+08  5.15882085e+00 -7.04225653e+01  1.01369767e+01 -4.39452579e+03 
 1.22774708e+08  4.98261621e+00 -6.89323073e+01  9.68609396e+00 -4.29548537e+03 
 1.25605860e+08  4.81064357e+00 -6.74711827e+01  9.25526383e+00 -4.19867653e+03 
 1.28502297e+08  4.64292403e+00 -6.60386744e+01  8.84359463e+00 -4.10404902e+03 
 1.31465525e+08  4.47946911e+00 -6.46342783e+01  8.45029294e+00 -4.01155374e+03 
 1.34497085e+08  4.32028120e+00 -6.32575021e+01  8.07446686e+00 -3.92114265e+03 
 1.37598551e+08  4.16535397e+00 -6.19078649e+01  7.71535405e+00 -3.83276883e+03 
 1.40771537e+08  4.01467286e+00 -6.05848960e+01  7.37223692e+00 -3.74638640e+03 
 1.44017690e+08  3.86821559e+00 -5.92881347e+01  7.04440197e+00 -3.66195050e+03 
 1.47338699e+08  3.72595258e+00 -5.80171295e+01  6.73115591e+00 -3.57941730e+03 
 1.50736290e+08  3.58784753e+00 -5.67714370e+01  6.43186024e+00 -3.49874395e+03 
 1.54212228e+08  3.45385785e+00 -5.55506223e+01  6.14589278e+00 -3.41988855e+03 
 1.57768320e+08  3.32393520e+00 -5.43542577e+01  5.87264898e+00 -3.34281015e+03 
 1.61406415e+08  3.19802595e+00 -5.31819225e+01  5.61155263e+00 -3.26746873e+03 
 1.65128404e+08  3.07607167e+00 -5.20332028e+01  5.36211944e+00 -3.19382516e+03 
 1.68936220e+08  2.95800961e+00 -5.09076910e+01  5.12375508e+00 -3.12184119e+03 
 1.72831844e+08  2.84377315e+00 -4.98049854e+01  4.89601157e+00 -3.05147944e+03 
 1.76817299e+08  2.73329224e+00 -4.87246901e+01  4.67840650e+00 -2.98270336e+03 
 1.80894658e+08  2.62649382e+00 -4.76664144e+01  4.47050333e+00 -2.91547723e+03 
 1.85066040e+08  2.52330223e+00 -4.66297731e+01  4.27184601e+00 -2.84976614e+03 
 1.89333613e+08  2.42363962e+00 -4.56143859e+01  4.08201601e+00 -2.78553594e+03 
 1.93699595e+08  2.32742628e+00 -4.46198775e+01  3.90065484e+00 -2.72275328e+03 
 1.98166255e+08  2.23458101e+00 -4.36458773e+01  3.72735101e+00 -2.66138553e+03 
 2.02735916e+08  2.14502147e+00 -4.26920194e+01  3.56177121e+00 -2.60140084e+03 
 2.07410951e+08  2.05866444e+00 -4.17579422e+01  3.40355246e+00 -2.54276802e+03 
 2.12193792e+08  1.97542614e+00 -4.08432890e+01  3.25238416e+00 -2.48545662e+03 
 2.17086923e+08  1.89522249e+00 -3.99477071e+01  3.10794576e+00 -2.42943687e+03 
 2.22092889e+08  1.81796935e+00 -3.90708485e+01  2.96993184e+00 -2.37467966e+03 
 2.27214291e+08  1.74358277e+00 -3.82123693e+01  2.83806110e+00 -2.32115654e+03 
 2.32453791e+08  1.67197916e+00 -3.73719299e+01  2.71205011e+00 -2.26883971e+03 
 2.37814113e+08  1.60307550e+00 -3.65491952e+01  2.59165618e+00 -2.21770199e+03 
 2.43298042e+08  1.53678954e+00 -3.57438341e+01  2.47660657e+00 -2.16771680e+03 
 2.48908429e+08  1.47303990e+00 -3.49555200e+01  2.36668448e+00 -2.11885818e+03 
 2.54648190e+08  1.41174626e+00 -3.41839304e+01  2.26164880e+00 -2.07110073e+03 
 2.60520309e+08  1.35282945e+00 -3.34287471e+01  2.16128195e+00 -2.02441965e+03 
 2.66527837e+08  1.29621159e+00 -3.26896563e+01  2.06538322e+00 -1.97879068e+03 
 2.72673897e+08  1.24181613e+00 -3.19663483e+01  1.97375308e+00 -1.93419010e+03 
 2.78961683e+08  1.18956802e+00 -3.12585177e+01  1.88618790e+00 -1.89059475e+03 
 2.85394464e+08  1.13939370e+00 -3.05658635e+01  1.80251981e+00 -1.84798197e+03 
 2.91975583e+08  1.09122120e+00 -2.98880889e+01  1.72257184e+00 -1.80632961e+03 
 2.98708461e+08  1.04498020e+00 -2.92249014e+01  1.64617253e+00 -1.76561604e+03 
 3.05596598e+08  1.00060204e+00 -2.85760129e+01  1.57317778e+00 -1.72582010e+03 
 3.12643573e+08  9.58019754e-01 -2.79411395e+01  1.50341964e+00 -1.68692110e+03 
 3.19853049e+08  9.17168122e-01 -2.73200017e+01  1.43676449e+00 -1.64889883e+03 
 3.27228774e+08  8.77983658e-01 -2.67123241e+01  1.37306914e+00 -1.61173354e+03 
 3.34774581e+08  8.40404628e-01 -2.61178358e+01  1.31220422e+00 -1.57540591e+03 
 3.42494392e+08  8.04371052e-01 -2.55362702e+01  1.25404365e+00 -1.53989707e+03 
 3.50392221e+08  7.69824704e-01 -2.49673648e+01  1.19846286e+00 -1.50518855e+03 
 3.58472171e+08  7.36709100e-01 -2.44108616e+01  1.14535128e+00 -1.47126233e+03 
 3.66738442e+08  7.04969483e-01 -2.38665067e+01  1.09460084e+00 -1.43810076e+03 
 3.75195331e+08  6.74552815e-01 -2.33340504e+01  1.04610263e+00 -1.40568663e+03 
 3.83847234e+08  6.45407751e-01 -2.28132475e+01  9.99756558e-01 -1.37400308e+03 
 3.92698648e+08  6.17484613e-01 -2.23038566e+01  9.55465325e-01 -1.34303364e+03 
 4.01754173e+08  5.90735370e-01 -2.18056408e+01  9.13144028e-01 -1.31276223e+03 
 4.11018515e+08  5.65113607e-01 -2.13183673e+01  8.72697215e-01 -1.28317311e+03 
 4.20496491e+08  5.40574492e-01 -2.08418072e+01  8.34047589e-01 -1.25425090e+03 
 4.30193027e+08  5.17074748e-01 -2.03757359e+01  7.97112309e-01 -1.22598058e+03 
 4.40113162e+08  4.94572616e-01 -1.99199328e+01  7.61813908e-01 -1.19834744e+03 
 4.50262052e+08  4.73027822e-01 -1.94741813e+01  7.28081036e-01 -1.17133714e+03 
 4.60644974e+08  4.52401540e-01 -1.90382689e+01  6.95845345e-01 -1.14493562e+03 
 4.71267322e+08  4.32656356e-01 -1.86119868e+01  6.65040226e-01 -1.11912918e+03 
 4.82134619e+08  4.13756230e-01 -1.81951304e+01  6.35599866e-01 -1.09390439e+03 
 4.93252513e+08  3.95666458e-01 -1.77874986e+01  6.07464797e-01 -1.06924815e+03 
 5.04626783e+08  3.78353639e-01 -1.73888945e+01  5.80577055e-01 -1.04514765e+03 
 5.16263340e+08  3.61785632e-01 -1.69991248e+01  5.54881255e-01 -1.02159036e+03 
 5.28168234e+08  3.45931518e-01 -1.66179998e+01  5.30325384e-01 -9.98564031e+02 
 5.40347650e+08  3.30761567e-01 -1.62453337e+01  5.06859618e-01 -9.76056701e+02 
 5.52807921e+08  3.16247199e-01 -1.58809442e+01  4.84430443e-01 -9.54056673e+02 
 5.65555523e+08  3.02360946e-01 -1.55246527e+01  4.62998475e-01 -9.32552512e+02 
 5.78597080e+08  2.89076415e-01 -1.51762840e+01  4.42515387e-01 -9.11533042e+02 
 5.91939372e+08  2.76368257e-01 -1.48356664e+01  4.22940582e-01 -8.90987339e+02 
 6.05589334e+08  2.64212126e-01 -1.45026318e+01  4.04232999e-01 -8.70904723e+02 
 6.19554061e+08  2.52584648e-01 -1.41770152e+01  3.86354816e-01 -8.51274759e+02 
 6.33840810e+08  2.41463388e-01 -1.38586553e+01  3.69269176e-01 -8.32087243e+02 
 6.48457008e+08  2.30826812e-01 -1.35473937e+01  3.52940260e-01 -8.13332204e+02 
 6.63410251e+08  2.20654263e-01 -1.32430754e+01  3.37336225e-01 -7.94999893e+02 
 6.78708313e+08  2.10925920e-01 -1.29455487e+01  3.22423118e-01 -7.77080783e+02 
 6.94359143e+08  2.01622774e-01 -1.26546648e+01  3.08171871e-01 -7.59565561e+02 
 7.10370877e+08  1.92726596e-01 -1.23702782e+01  2.94550989e-01 -7.42445124e+02 
 7.26751838e+08  1.84219907e-01 -1.20922461e+01  2.81535444e-01 -7.25710573e+02 
 7.43510539e+08  1.76085952e-01 -1.18204290e+01  2.69096352e-01 -7.09353211e+02 
 7.60655691e+08  1.68308669e-01 -1.15546901e+01  2.57208998e-01 -6.93364537e+02 
 7.78196206e+08  1.60872668e-01 -1.12948957e+01  2.45847977e-01 -6.77736240e+02 
 7.96141200e+08  1.53763198e-01 -1.10409146e+01  2.34991527e-01 -6.62460198e+02 
 8.14500001e+08  1.46966127e-01 -1.07926185e+01  2.24616352e-01 -6.47528471e+02 
 8.33282151e+08  1.40467919e-01 -1.05498820e+01  2.14701760e-01 -6.32933300e+02 
 8.52497412e+08  1.34255606e-01 -1.03125822e+01  2.05226149e-01 -6.18667098e+02 
 8.72155772e+08  1.28316767e-01 -1.00805986e+01  1.96171017e-01 -6.04722450e+02 
 8.92267449e+08  1.22639509e-01 -9.85381368e+00  1.87518239e-01 -5.91092110e+02 
 9.12842895e+08  1.17212442e-01 -9.63211218e+00  1.79248899e-01 -5.77768992e+02 
 9.33892805e+08  1.12024662e-01 -9.41538137e+00  1.71346214e-01 -5.64746173e+02 
 9.55428121e+08  1.07065727e-01 -9.20351093e+00  1.63794669e-01 -5.52016883e+02 
 9.77460036e+08  1.02325645e-01 -8.99639293e+00  1.56578009e-01 -5.39574507e+02 
 1.00000000e+09  9.77948491e-02 -8.79392177e+00  1.49682047e-01 -5.27412579e+02 
