 frequency       v(PSRR_dB)     
 1.00000000e-02  1.16181965e+02 
 1.02305973e-02  1.16181969e+02 
 1.04665121e-02  1.16181973e+02 
 1.07078670e-02  1.16181978e+02 
 1.09547876e-02  1.16181982e+02 
 1.12074020e-02  1.16181987e+02 
 1.14658417e-02  1.16181992e+02 
 1.17302409e-02  1.16181997e+02 
 1.20007371e-02  1.16182002e+02 
 1.22774708e-02  1.16182008e+02 
 1.25605860e-02  1.16182014e+02 
 1.28502297e-02  1.16182020e+02 
 1.31465525e-02  1.16182026e+02 
 1.34497085e-02  1.16182033e+02 
 1.37598551e-02  1.16182040e+02 
 1.40771537e-02  1.16182047e+02 
 1.44017690e-02  1.16182055e+02 
 1.47338699e-02  1.16182063e+02 
 1.50736290e-02  1.16182072e+02 
 1.54212228e-02  1.16182081e+02 
 1.57768320e-02  1.16182090e+02 
 1.61406415e-02  1.16182099e+02 
 1.65128404e-02  1.16182109e+02 
 1.68936220e-02  1.16182120e+02 
 1.72831844e-02  1.16182131e+02 
 1.76817299e-02  1.16182143e+02 
 1.80894658e-02  1.16182155e+02 
 1.85066040e-02  1.16182168e+02 
 1.89333613e-02  1.16182181e+02 
 1.93699595e-02  1.16182195e+02 
 1.98166255e-02  1.16182210e+02 
 2.02735916e-02  1.16182225e+02 
 2.07410951e-02  1.16182241e+02 
 2.12193792e-02  1.16182258e+02 
 2.17086923e-02  1.16182275e+02 
 2.22092889e-02  1.16182294e+02 
 2.27214291e-02  1.16182313e+02 
 2.32453791e-02  1.16182333e+02 
 2.37814113e-02  1.16182354e+02 
 2.43298042e-02  1.16182376e+02 
 2.48908429e-02  1.16182399e+02 
 2.54648190e-02  1.16182424e+02 
 2.60520309e-02  1.16182449e+02 
 2.66527837e-02  1.16182475e+02 
 2.72673897e-02  1.16182503e+02 
 2.78961683e-02  1.16182532e+02 
 2.85394464e-02  1.16182562e+02 
 2.91975583e-02  1.16182594e+02 
 2.98708461e-02  1.16182627e+02 
 3.05596598e-02  1.16182662e+02 
 3.12643573e-02  1.16182699e+02 
 3.19853049e-02  1.16182737e+02 
 3.27228774e-02  1.16182777e+02 
 3.34774581e-02  1.16182818e+02 
 3.42494392e-02  1.16182862e+02 
 3.50392221e-02  1.16182908e+02 
 3.58472171e-02  1.16182956e+02 
 3.66738442e-02  1.16183006e+02 
 3.75195331e-02  1.16183058e+02 
 3.83847234e-02  1.16183113e+02 
 3.92698648e-02  1.16183171e+02 
 4.01754173e-02  1.16183231e+02 
 4.11018515e-02  1.16183294e+02 
 4.20496491e-02  1.16183360e+02 
 4.30193027e-02  1.16183429e+02 
 4.40113162e-02  1.16183501e+02 
 4.50262052e-02  1.16183576e+02 
 4.60644974e-02  1.16183656e+02 
 4.71267322e-02  1.16183738e+02 
 4.82134619e-02  1.16183825e+02 
 4.93252513e-02  1.16183915e+02 
 5.04626783e-02  1.16184010e+02 
 5.16263340e-02  1.16184110e+02 
 5.28168234e-02  1.16184214e+02 
 5.40347650e-02  1.16184323e+02 
 5.52807921e-02  1.16184437e+02 
 5.65555523e-02  1.16184556e+02 
 5.78597080e-02  1.16184681e+02 
 5.91939372e-02  1.16184811e+02 
 6.05589334e-02  1.16184948e+02 
 6.19554061e-02  1.16185091e+02 
 6.33840810e-02  1.16185241e+02 
 6.48457008e-02  1.16185398e+02 
 6.63410251e-02  1.16185562e+02 
 6.78708313e-02  1.16185733e+02 
 6.94359143e-02  1.16185913e+02 
 7.10370877e-02  1.16186101e+02 
 7.26751838e-02  1.16186298e+02 
 7.43510539e-02  1.16186504e+02 
 7.60655691e-02  1.16186720e+02 
 7.78196206e-02  1.16186945e+02 
 7.96141200e-02  1.16187182e+02 
 8.14500001e-02  1.16187429e+02 
 8.33282151e-02  1.16187688e+02 
 8.52497412e-02  1.16187959e+02 
 8.72155772e-02  1.16188242e+02 
 8.92267449e-02  1.16188539e+02 
 9.12842895e-02  1.16188850e+02 
 9.33892805e-02  1.16189175e+02 
 9.55428121e-02  1.16189516e+02 
 9.77460036e-02  1.16189872e+02 
 1.00000000e-01  1.16190245e+02 
 1.02305973e-01  1.16190636e+02 
 1.04665121e-01  1.16191044e+02 
 1.07078670e-01  1.16175608e+02 
 1.09547876e-01  1.16176055e+02 
 1.12074020e-01  1.16176522e+02 
 1.14658417e-01  1.16177012e+02 
 1.17302409e-01  1.16177524e+02 
 1.20007371e-01  1.16178061e+02 
 1.22774708e-01  1.16178622e+02 
 1.25605860e-01  1.16179210e+02 
 1.28502297e-01  1.16179825e+02 
 1.31465525e-01  1.16180468e+02 
 1.34497085e-01  1.16181142e+02 
 1.37598551e-01  1.16181848e+02 
 1.40771537e-01  1.16182586e+02 
 1.44017690e-01  1.16183359e+02 
 1.47338699e-01  1.16184168e+02 
 1.50736290e-01  1.16185015e+02 
 1.54212228e-01  1.16185901e+02 
 1.57768320e-01  1.16186829e+02 
 1.61406415e-01  1.16154104e+02 
 1.65128404e-01  1.16155117e+02 
 1.68936220e-01  1.16156177e+02 
 1.72831844e-01  1.16175133e+02 
 1.76817299e-01  1.16176297e+02 
 1.80894658e-01  1.16177515e+02 
 1.85066040e-01  1.16178791e+02 
 1.89333613e-01  1.16146459e+02 
 1.93699595e-01  1.16147852e+02 
 1.98166255e-01  1.16149309e+02 
 2.02735916e-01  1.16150835e+02 
 2.07410951e-01  1.16186122e+02 
 2.12193792e-01  1.16187801e+02 
 2.17086923e-01  1.16173698e+02 
 2.22092889e-01  1.16175534e+02 
 2.27214291e-01  1.16177457e+02 
 2.32453791e-01  1.16179469e+02 
 2.37814113e-01  1.16181576e+02 
 2.43298042e-01  1.16183782e+02 
 2.48908429e-01  1.16186091e+02 
 2.54648190e-01  1.16172650e+02 
 2.60520309e-01  1.16175176e+02 
 2.66527837e-01  1.16177821e+02 
 2.72673897e-01  1.16180591e+02 
 2.78961683e-01  1.16149811e+02 
 2.85394464e-01  1.16170672e+02 
 2.91975583e-01  1.16173844e+02 
 2.98708461e-01  1.16177166e+02 
 3.05596598e-01  1.16180644e+02 
 3.12643573e-01  1.16184287e+02 
 3.19853049e-01  1.16172243e+02 
 3.27228774e-01  1.16176229e+02 
 3.34774581e-01  1.16180403e+02 
 3.42494392e-01  1.16168922e+02 
 3.50392221e-01  1.16189351e+02 
 3.58472171e-01  1.16194144e+02 
 3.66738442e-01  1.16183286e+02 
 3.75195331e-01  1.16154835e+02 
 3.83847234e-01  1.16160309e+02 
 3.92698648e-01  1.16183906e+02 
 4.01754173e-01  1.16189923e+02 
 4.11018515e-01  1.16180353e+02 
 4.20496491e-01  1.16186943e+02 
 4.30193027e-01  1.16160125e+02 
 4.40113162e-01  1.16151508e+02 
 4.50262052e-01  1.16192753e+02 
 4.60644974e-01  1.16184792e+02 
 4.71267322e-01  1.16177207e+02 
 4.82134619e-01  1.16152179e+02 
 4.93252513e-01  1.16179072e+02 
 5.04626783e-01  1.16154863e+02 
 5.16263340e-01  1.16182629e+02 
 5.28168234e-01  1.16177163e+02 
 5.40347650e-01  1.16172186e+02 
 5.52807921e-01  1.16183566e+02 
 5.65555523e-01  1.16179623e+02 
 5.78597080e-01  1.16192102e+02 
 5.91939372e-01  1.16189293e+02 
 6.05589334e-01  1.16187095e+02 
 6.19554061e-01  1.16185535e+02 
 6.33840810e-01  1.16184643e+02 
 6.48457008e-01  1.16184450e+02 
 6.63410251e-01  1.16184987e+02 
 6.78708313e-01  1.16186290e+02 
 6.94359143e-01  1.16188394e+02 
 7.10370877e-01  1.16175475e+02 
 7.26751838e-01  1.16195161e+02 
 7.43510539e-01  1.16166164e+02 
 7.60655691e-01  1.16189727e+02 
 7.78196206e-01  1.16162710e+02 
 7.96141200e-01  1.16188323e+02 
 8.14500001e-01  1.16181318e+02 
 8.33282151e-01  1.16175470e+02 
 8.52497412e-01  1.16202568e+02 
 8.72155772e-01  1.16165443e+02 
 8.92267449e-01  1.16197119e+02 
 9.12842895e-01  1.16180571e+02 
 9.33892805e-01  1.16147677e+02 
 9.55428121e-01  1.16149959e+02 
 9.77460036e-01  1.16153821e+02 
 1.00000000e+00  1.16193055e+02 
 1.02305973e+00  1.16184464e+02 
 1.04665121e+00  1.16177699e+02 
 1.07078670e+00  1.16204584e+02 
 1.09547876e+00  1.16167963e+02 
 1.12074020e+00  1.16185045e+02 
 1.14658417e+00  1.16152759e+02 
 1.17302409e+00  1.16156433e+02 
 1.20007371e+00  1.16162493e+02 
 1.22774708e+00  1.16188929e+02 
 1.25605860e+00  1.16166405e+02 
 1.28502297e+00  1.16198222e+02 
 1.31465525e+00  1.16149628e+02 
 1.34497085e+00  1.16169390e+02 
 1.37598551e+00  1.16160649e+02 
 1.40771537e+00  1.16204774e+02 
 1.44017690e+00  1.16168997e+02 
 1.47338699e+00  1.16170575e+02 
 1.50736290e+00  1.16160090e+02 
 1.54212228e+00  1.16169373e+02 
 1.57768320e+00  1.16166953e+02 
 1.61406415e+00  1.16168852e+02 
 1.65128404e+00  1.16159444e+02 
 1.68936220e+00  1.16204339e+02 
 1.72831844e+00  1.16170859e+02 
 1.76817299e+00  1.16160483e+02 
 1.80894658e+00  1.16171356e+02 
 1.85066040e+00  1.16172079e+02 
 1.89333613e+00  1.16178747e+02 
 1.93699595e+00  1.16191654e+02 
 1.98166255e+00  1.16179361e+02 
 2.02735916e+00  1.16173900e+02 
 2.07410951e+00  1.16175576e+02 
 2.12193792e+00  1.16184724e+02 
 2.17086923e+00  1.16185844e+02 
 2.22092889e+00  1.16179298e+02 
 2.27214291e+00  1.16197186e+02 
 2.32453791e+00  1.16192318e+02 
 2.37814113e+00  1.16196851e+02 
 2.43298042e+00  1.16195348e+02 
 2.48908429e+00  1.16204147e+02 
 2.54648190e+00  1.16191968e+02 
 2.60520309e+00  1.16206954e+02 
 2.66527837e+00  1.16168262e+02 
 2.72673897e+00  1.16209390e+02 
 2.78961683e+00  1.16180085e+02 
 2.85394464e+00  1.16200082e+02 
 2.91975583e+00  1.16182615e+02 
 2.98708461e+00  1.16181988e+02 
 3.05596598e+00  1.16181009e+02 
 3.12643573e+00  1.16180402e+02 
 3.19853049e+00  1.16196778e+02 
 3.27228774e+00  1.16182355e+02 
 3.34774581e+00  1.16187545e+02 
 3.42494392e+00  1.16180505e+02 
 3.50392221e+00  1.16193837e+02 
 3.58472171e+00  1.16179939e+02 
 3.66738442e+00  1.16189364e+02 
 3.75195331e+00  1.16207331e+02 
 3.83847234e+00  1.16201162e+02 
 3.92698648e+00  1.16182663e+02 
 4.01754173e+00  1.16181336e+02 
 4.11018515e+00  1.16192187e+02 
 4.20496491e+00  1.16200691e+02 
 4.30193027e+00  1.16208212e+02 
 4.40113162e+00  1.16200311e+02 
 4.50262052e+00  1.16210226e+02 
 4.60644974e+00  1.16207789e+02 
 4.71267322e+00  1.16226406e+02 
 4.82134619e+00  1.16211691e+02 
 4.93252513e+00  1.16230014e+02 
 5.04626783e+00  1.16205019e+02 
 5.16263340e+00  1.16197832e+02 
 5.28168234e+00  1.16206247e+02 
 5.40347650e+00  1.16215574e+02 
 5.52807921e+00  1.16211195e+02 
 5.65555523e+00  1.16229238e+02 
 5.78597080e+00  1.16223545e+02 
 5.91939372e+00  1.16197952e+02 
 6.05589334e+00  1.16229848e+02 
 6.19554061e+00  1.16218862e+02 
 6.33840810e+00  1.16240706e+02 
 6.48457008e+00  1.16253082e+02 
 6.63410251e+00  1.16275168e+02 
 6.78708313e+00  1.16240396e+02 
 6.94359143e+00  1.16243473e+02 
 7.10370877e+00  1.16267983e+02 
 7.26751838e+00  1.16252181e+02 
 7.43510539e+00  1.16260595e+02 
 7.60655691e+00  1.16291127e+02 
 7.78196206e+00  1.16265562e+02 
 7.96141200e+00  1.16295725e+02 
 8.14500001e+00  1.16275195e+02 
 8.33282151e+00  1.16292859e+02 
 8.52497412e+00  1.16286339e+02 
 8.72155772e+00  1.16283487e+02 
 8.92267449e+00  1.16315645e+02 
 9.12842895e+00  1.16305252e+02 
 9.33892805e+00  1.16319176e+02 
 9.55428121e+00  1.16335736e+02 
 9.77460036e+00  1.16345891e+02 
 1.00000000e+01  1.16376359e+02 
 1.02305973e+01  1.16372074e+02 
 1.04665121e+01  1.16358287e+02 
 1.07078670e+01  1.16373345e+02 
 1.09547876e+01  1.16403776e+02 
 1.12074020e+01  1.16389710e+02 
 1.14658417e+01  1.16400687e+02 
 1.17302409e+01  1.16405384e+02 
 1.20007371e+01  1.16458344e+02 
 1.22774708e+01  1.16435096e+02 
 1.25605860e+01  1.16441563e+02 
 1.28502297e+01  1.16452654e+02 
 1.31465525e+01  1.16483406e+02 
 1.34497085e+01  1.16477900e+02 
 1.37598551e+01  1.16499493e+02 
 1.40771537e+01  1.16524567e+02 
 1.44017690e+01  1.16540746e+02 
 1.47338699e+01  1.16581623e+02 
 1.50736290e+01  1.16559801e+02 
 1.54212228e+01  1.16603131e+02 
 1.57768320e+01  1.16601041e+02 
 1.61406415e+01  1.16653886e+02 
 1.65128404e+01  1.16643438e+02 
 1.68936220e+01  1.16655889e+02 
 1.72831844e+01  1.16693324e+02 
 1.76817299e+01  1.16727434e+02 
 1.80894658e+01  1.16735339e+02 
 1.85066040e+01  1.16762549e+02 
 1.89333613e+01  1.16775578e+02 
 1.93699595e+01  1.16806154e+02 
 1.98166255e+01  1.16878904e+02 
 2.02735916e+01  1.16876439e+02 
 2.07410951e+01  1.16926259e+02 
 2.12193792e+01  1.16925647e+02 
 2.17086923e+01  1.16983124e+02 
 2.22092889e+01  1.17015917e+02 
 2.27214291e+01  1.17050406e+02 
 2.32453791e+01  1.17143208e+02 
 2.37814113e+01  1.17153756e+02 
 2.43298042e+01  1.17211428e+02 
 2.48908429e+01  1.17256648e+02 
 2.54648190e+01  1.17295228e+02 
 2.60520309e+01  1.17368232e+02 
 2.66527837e+01  1.17416801e+02 
 2.72673897e+01  1.17470225e+02 
 2.78961683e+01  1.17535831e+02 
 2.85394464e+01  1.17603528e+02 
 2.91975583e+01  1.17661043e+02 
 2.98708461e+01  1.17756569e+02 
 3.05596598e+01  1.17839044e+02 
 3.12643573e+01  1.17892530e+02 
 3.19853049e+01  1.17975047e+02 
 3.27228774e+01  1.18051690e+02 
 3.34774581e+01  1.18152235e+02 
 3.42494392e+01  1.18265329e+02 
 3.50392221e+01  1.18368148e+02 
 3.58472171e+01  1.18445470e+02 
 3.66738442e+01  1.18510988e+02 
 3.75195331e+01  1.18636569e+02 
 3.83847234e+01  1.18765608e+02 
 3.92698648e+01  1.18863141e+02 
 4.01754173e+01  1.18993371e+02 
 4.11018515e+01  1.19139345e+02 
 4.20496491e+01  1.19301225e+02 
 4.30193027e+01  1.19430646e+02 
 4.40113162e+01  1.19606705e+02 
 4.50262052e+01  1.19755003e+02 
 4.60644974e+01  1.19920386e+02 
 4.71267322e+01  1.20090703e+02 
 4.82134619e+01  1.20288262e+02 
 4.93252513e+01  1.20484852e+02 
 5.04626783e+01  1.20742643e+02 
 5.16263340e+01  1.20891850e+02 
 5.28168234e+01  1.21095943e+02 
 5.40347650e+01  1.21299830e+02 
 5.52807921e+01  1.21551204e+02 
 5.65555523e+01  1.21804955e+02 
 5.78597080e+01  1.19446446e+02 
 5.91939372e+01  1.19673270e+02 
 6.05589334e+01  1.19939614e+02 
 6.19554061e+01  1.20193071e+02 
 6.33840810e+01  1.20481863e+02 
 6.48457008e+01  1.20766823e+02 
 6.63410251e+01  1.21114589e+02 
 6.78708313e+01  1.21493570e+02 
 6.94359143e+01  1.19135005e+02 
 7.10370877e+01  1.19422642e+02 
 7.26751838e+01  1.19767951e+02 
 7.43510539e+01  1.20083299e+02 
 7.60655691e+01  1.20459157e+02 
 7.78196206e+01  1.20848662e+02 
 7.96141200e+01  1.19664889e+02 
 8.14500001e+01  1.20058720e+02 
 8.33282151e+01  1.20459382e+02 
 8.52497412e+01  1.20898922e+02 
 8.72155772e+01  1.21407311e+02 
 8.92267449e+01  1.21906697e+02 
 9.12842895e+01  1.22372966e+02 
 9.33892805e+01  1.22928693e+02 
 9.55428121e+01  1.23553043e+02 
 9.77460036e+01  1.24226525e+02 
 1.00000000e+02  1.25052657e+02 
 1.02305973e+02  1.25807032e+02 
 1.04665121e+02  1.26738626e+02 
 1.07078670e+02  1.27738068e+02 
 1.09547876e+02  1.28847761e+02 
 1.12074020e+02  1.30160683e+02 
 1.14658417e+02  1.23339848e+02 
 1.17302409e+02  1.24164538e+02 
 1.20007371e+02  1.23282559e+02 
 1.22774708e+02  1.22827907e+02 
 1.25605860e+02  1.23690853e+02 
 1.28502297e+02  1.24559351e+02 
 1.31465525e+02  1.25667512e+02 
 1.34497085e+02  1.26785268e+02 
 1.37598551e+02  1.28220340e+02 
 1.40771537e+02  1.30050420e+02 
 1.44017690e+02  1.29428164e+02 
 1.47338699e+02  1.25167998e+02 
 1.50736290e+02  1.26484104e+02 
 1.54212228e+02  1.28058043e+02 
 1.57768320e+02  1.26343020e+02 
 1.61406415e+02  1.27921440e+02 
 1.65128404e+02  1.29835854e+02 
 1.68936220e+02  1.30000311e+02 
 1.72831844e+02  1.32629381e+02 
 1.76817299e+02  1.27715102e+02 
 1.80894658e+02  1.28038732e+02 
 1.85066040e+02  1.28525416e+02 
 1.89333613e+02  1.26140250e+02 
 1.93699595e+02  1.28042041e+02 
 1.98166255e+02  1.27714650e+02 
 2.02735916e+02  1.26685697e+02 
 2.07410951e+02  1.25182238e+02 
 2.12193792e+02  1.27115871e+02 
 2.17086923e+02  1.26782908e+02 
 2.22092889e+02  1.23500809e+02 
 2.27214291e+02  1.25175117e+02 
 2.32453791e+02  1.26271339e+02 
 2.37814113e+02  1.24529775e+02 
 2.43298042e+02  1.32287683e+02 
 2.48908429e+02  1.31755226e+02 
 2.54648190e+02  1.32367470e+02 
 2.60520309e+02  1.33201419e+02 
 2.66527837e+02  1.37089881e+02 
 2.72673897e+02  1.32122287e+02 
 2.78961683e+02  1.34521111e+02 
 2.85394464e+02  1.30785432e+02 
 2.91975583e+02  1.31971873e+02 
 2.98708461e+02  1.32239386e+02 
 3.05596598e+02  1.31165934e+02 
 3.12643573e+02  1.30221735e+02 
 3.19853049e+02  1.32429054e+02 
 3.27228774e+02  1.31758545e+02 
 3.34774581e+02  1.36736024e+02 
 3.42494392e+02  1.35271247e+02 
 3.50392221e+02  1.37057171e+02 
 3.58472171e+02  1.32111361e+02 
 3.66738442e+02  1.31436152e+02 
 3.75195331e+02  1.33406192e+02 
 3.83847234e+02  1.40243148e+02 
 3.92698648e+02  1.36038056e+02 
 4.01754173e+02  1.36763554e+02 
 4.11018515e+02  1.34741204e+02 
 4.20496491e+02  1.33117043e+02 
 4.30193027e+02  1.34524916e+02 
 4.40113162e+02  1.35309190e+02 
 4.50262052e+02  1.33541970e+02 
 4.60644974e+02  1.39518475e+02 
 4.71267322e+02  1.33161728e+02 
 4.82134619e+02  1.33570178e+02 
 4.93252513e+02  1.31245921e+02 
 5.04626783e+02  1.35293803e+02 
 5.16263340e+02  1.34617569e+02 
 5.28168234e+02  1.35538268e+02 
 5.40347650e+02  1.33851384e+02 
 5.52807921e+02  1.32926000e+02 
 5.65555523e+02  1.32815354e+02 
 5.78597080e+02  1.33688036e+02 
 5.91939372e+02  1.37235984e+02 
 6.05589334e+02  1.38264205e+02 
 6.19554061e+02  1.38650695e+02 
 6.33840810e+02  1.44562236e+02 
 6.48457008e+02  1.35126335e+02 
 6.63410251e+02  1.38222297e+02 
 6.78708313e+02  1.37668190e+02 
 6.94359143e+02  1.38157847e+02 
 7.10370877e+02  1.34609654e+02 
 7.26751838e+02  1.38944665e+02 
 7.43510539e+02  1.34684304e+02 
 7.60655691e+02  1.43312455e+02 
 7.78196206e+02  1.37586390e+02 
 7.96141200e+02  1.45872568e+02 
 8.14500001e+02  1.45046362e+02 
 8.33282151e+02  1.44432960e+02 
 8.52497412e+02  1.62122541e+02 
 8.72155772e+02  1.39794903e+02 
 8.92267449e+02  1.36755896e+02 
 9.12842895e+02  1.39320251e+02 
 9.33892805e+02  1.39208501e+02 
 9.55428121e+02  1.37870482e+02 
 9.77460036e+02  1.34957155e+02 
 1.00000000e+03  1.38468871e+02 
 1.02305973e+03  1.39980076e+02 
 1.04665121e+03  1.46698597e+02 
 1.07078670e+03  1.44444253e+02 
 1.09547876e+03  1.43026261e+02 
 1.12074020e+03  1.45635132e+02 
 1.14658417e+03  1.44438110e+02 
 1.17302409e+03  1.40495484e+02 
 1.20007371e+03  1.43068259e+02 
 1.22774708e+03  1.41903265e+02 
 1.25605860e+03  1.45515939e+02 
 1.28502297e+03  1.47030434e+02 
 1.31465525e+03  1.40895684e+02 
 1.34497085e+03  1.42297127e+02 
 1.37598551e+03  1.42393184e+02 
 1.40771537e+03  1.40237545e+02 
 1.44017690e+03  1.51432447e+02 
 1.47338699e+03  1.51842235e+02 
 1.50736290e+03  1.49129548e+02 
 1.54212228e+03  1.44020855e+02 
 1.57768320e+03  1.46418839e+02 
 1.61406415e+03  1.50002173e+02 
 1.65128404e+03  1.63055763e+02 
 1.68936220e+03  1.53224029e+02 
 1.72831844e+03  1.63241016e+02 
 1.76817299e+03  1.52237104e+02 
 1.80894658e+03  1.54941583e+02 
 1.85066040e+03  1.58222324e+02 
 1.89333613e+03  1.51769666e+02 
 1.93699595e+03  1.49218887e+02 
 1.98166255e+03  1.65319033e+02 
 2.02735916e+03  1.49154070e+02 
 2.07410951e+03  1.66715530e+02 
 2.12193792e+03  1.70502093e+02 
 2.17086923e+03  1.60262634e+02 
 2.22092889e+03  1.54614180e+02 
 2.27214291e+03  1.69877087e+02 
 2.32453791e+03  1.50337657e+02 
 2.37814113e+03  1.72150189e+02 
 2.43298042e+03  1.65126277e+02 
 2.48908429e+03  1.66915860e+02 
 2.54648190e+03  1.54909285e+02 
 2.60520309e+03  1.51786545e+02 
 2.66527837e+03  1.77000898e+02 
 2.72673897e+03  1.57171488e+02 
 2.78961683e+03  1.55712172e+02 
 2.85394464e+03  1.62440890e+02 
 2.91975583e+03  1.64336502e+02 
 2.98708461e+03  1.55631876e+02 
 3.05596598e+03  1.57577967e+02 
 3.12643573e+03  1.52542130e+02 
 3.19853049e+03  1.55382199e+02 
 3.27228774e+03  1.53425411e+02 
 3.34774581e+03  1.51909972e+02 
 3.42494392e+03  1.94044091e+02 
 3.50392221e+03  1.63849507e+02 
 3.58472171e+03  1.57614379e+02 
 3.66738442e+03  1.60008108e+02 
 3.75195331e+03  1.66186569e+02 
 3.83847234e+03  1.61153616e+02 
 3.92698648e+03  1.64585999e+02 
 4.01754173e+03  1.65863611e+02 
 4.11018515e+03  1.58113744e+02 
 4.20496491e+03  1.59647229e+02 
 4.30193027e+03  1.60041278e+02 
 4.40113162e+03  1.55864837e+02 
 4.50262052e+03  1.53790495e+02 
 4.60644974e+03  1.55990110e+02 
 4.71267322e+03  1.67438787e+02 
 4.82134619e+03  1.75829888e+02 
 4.93252513e+03  1.64294836e+02 
 5.04626783e+03  1.53779539e+02 
 5.16263340e+03  1.64561618e+02 
 5.28168234e+03  1.77863257e+02 
 5.40347650e+03  1.66945846e+02 
 5.52807921e+03  1.73111837e+02 
 5.65555523e+03  1.53926186e+02 
 5.78597080e+03  1.52265115e+02 
 5.91939372e+03  1.55020267e+02 
 6.05589334e+03  1.61037109e+02 
 6.19554061e+03  1.56210739e+02 
 6.33840810e+03  1.47790705e+02 
 6.48457008e+03  1.57096619e+02 
 6.63410251e+03  1.50586884e+02 
 6.78708313e+03  1.53687173e+02 
 6.94359143e+03  1.52434015e+02 
 7.10370877e+03  1.64891420e+02 
 7.26751838e+03  1.54456433e+02 
 7.43510539e+03  1.52976642e+02 
 7.60655691e+03  1.61228514e+02 
 7.78196206e+03  1.57160889e+02 
 7.96141200e+03  1.60955999e+02 
 8.14500001e+03  1.64427204e+02 
 8.33282151e+03  1.61664575e+02 
 8.52497412e+03  1.72024848e+02 
 8.72155772e+03  1.73837755e+02 
 8.92267449e+03  1.75084788e+02 
 9.12842895e+03  1.60625436e+02 
 9.33892805e+03  1.52210980e+02 
 9.55428121e+03  1.52296402e+02 
 9.77460036e+03  1.55951889e+02 
 1.00000000e+04  1.52049514e+02 
 1.02305973e+04  1.59496592e+02 
 1.04665121e+04  1.52295118e+02 
 1.07078670e+04  1.76016934e+02 
 1.09547876e+04  1.68355224e+02 
 1.12074020e+04  1.66109453e+02 
 1.14658417e+04  1.57898104e+02 
 1.17302409e+04  1.74255352e+02 
 1.20007371e+04  1.53666687e+02 
 1.22774708e+04  1.56959966e+02 
 1.25605860e+04  1.53424131e+02 
 1.28502297e+04  1.67930653e+02 
 1.31465525e+04  1.56126981e+02 
 1.34497085e+04  1.68790648e+02 
 1.37598551e+04  1.69672837e+02 
 1.40771537e+04  1.56811107e+02 
 1.44017690e+04  1.50424946e+02 
 1.47338699e+04  1.75448852e+02 
 1.50736290e+04  1.59513540e+02 
 1.54212228e+04  1.74060470e+02 
 1.57768320e+04  1.53426613e+02 
 1.61406415e+04  1.55799832e+02 
 1.65128404e+04  1.71457496e+02 
 1.68936220e+04  1.62929464e+02 
 1.72831844e+04  1.56776050e+02 
 1.76817299e+04  1.56423629e+02 
 1.80894658e+04  1.61527353e+02 
 1.85066040e+04  1.64985053e+02 
 1.89333613e+04  1.53275578e+02 
 1.93699595e+04  1.55020110e+02 
 1.98166255e+04  1.59818976e+02 
 2.02735916e+04  1.58738698e+02 
 2.07410951e+04  1.54867117e+02 
 2.12193792e+04  1.74074891e+02 
 2.17086923e+04  1.61502242e+02 
 2.22092889e+04  1.65048149e+02 
 2.27214291e+04  1.51569902e+02 
 2.32453791e+04  1.68794688e+02 
 2.37814113e+04  1.61037896e+02 
 2.43298042e+04  1.72941542e+02 
 2.48908429e+04  1.54788059e+02 
 2.54648190e+04  1.71978933e+02 
 2.60520309e+04  1.53052428e+02 
 2.66527837e+04  1.72241369e+02 
 2.72673897e+04  1.57030665e+02 
 2.78961683e+04  1.66571200e+02 
 2.85394464e+04  1.54739967e+02 
 2.91975583e+04  1.54638221e+02 
 2.98708461e+04  1.57113064e+02 
 3.05596598e+04  1.65387387e+02 
 3.12643573e+04  1.62383281e+02 
 3.19853049e+04  1.68292319e+02 
 3.27228774e+04  1.59006560e+02 
 3.34774581e+04  1.56549804e+02 
 3.42494392e+04  1.57840169e+02 
 3.50392221e+04  1.58363672e+02 
 3.58472171e+04  1.56782771e+02 
 3.66738442e+04  1.65996696e+02 
 3.75195331e+04  1.68919563e+02 
 3.83847234e+04  1.69484532e+02 
 3.92698648e+04  1.57228926e+02 
 4.01754173e+04  1.57895771e+02 
 4.11018515e+04  1.57862141e+02 
 4.20496491e+04  1.67234291e+02 
 4.30193027e+04  1.53314254e+02 
 4.40113162e+04  1.66085755e+02 
 4.50262052e+04  1.66873522e+02 
 4.60644974e+04  1.56445942e+02 
 4.71267322e+04  1.62578642e+02 
 4.82134619e+04  1.58821203e+02 
 4.93252513e+04  1.59254139e+02 
 5.04626783e+04  1.54954975e+02 
 5.16263340e+04  1.58101173e+02 
 5.28168234e+04  1.62816262e+02 
 5.40347650e+04  1.53898605e+02 
 5.52807921e+04  1.68289078e+02 
 5.65555523e+04  1.54134656e+02 
 5.78597080e+04  1.65034682e+02 
 5.91939372e+04  1.65076328e+02 
 6.05589334e+04  1.57206344e+02 
 6.19554061e+04  1.53391749e+02 
 6.33840810e+04  1.57034881e+02 
 6.48457008e+04  1.52117359e+02 
 6.63410251e+04  1.56231134e+02 
 6.78708313e+04  1.59711332e+02 
 6.94359143e+04  1.54998418e+02 
 7.10370877e+04  1.58679981e+02 
 7.26751838e+04  1.58035894e+02 
 7.43510539e+04  1.57390130e+02 
 7.60655691e+04  1.56553163e+02 
 7.78196206e+04  1.59868612e+02 
 7.96141200e+04  1.63767277e+02 
 8.14500001e+04  1.51697060e+02 
 8.33282151e+04  1.53832645e+02 
 8.52497412e+04  1.58137020e+02 
 8.72155772e+04  1.58022524e+02 
 8.92267449e+04  1.56257286e+02 
 9.12842895e+04  1.57352097e+02 
 9.33892805e+04  1.55307124e+02 
 9.55428121e+04  1.55508194e+02 
 9.77460036e+04  1.59581034e+02 
 1.00000000e+05  1.54857305e+02 
 1.02305973e+05  1.59151493e+02 
 1.04665121e+05  1.59359578e+02 
 1.07078670e+05  1.71321096e+02 
 1.09547876e+05  1.65607568e+02 
 1.12074020e+05  1.55946211e+02 
 1.14658417e+05  1.56810968e+02 
 1.17302409e+05  1.65472729e+02 
 1.20007371e+05  1.66949454e+02 
 1.22774708e+05  1.79413540e+02 
 1.25605860e+05  1.74408398e+02 
 1.28502297e+05  1.70739580e+02 
 1.31465525e+05  1.74180217e+02 
 1.34497085e+05  1.71476383e+02 
 1.37598551e+05  1.72313246e+02 
 1.40771537e+05  1.69069982e+02 
 1.44017690e+05  1.65396556e+02 
 1.47338699e+05  1.67100791e+02 
 1.50736290e+05  1.67557091e+02 
 1.54212228e+05  1.73147711e+02 
 1.57768320e+05  1.72293499e+02 
 1.61406415e+05  1.67909675e+02 
 1.65128404e+05  1.74792372e+02 
 1.68936220e+05  1.66790143e+02 
 1.72831844e+05  1.70120342e+02 
 1.76817299e+05  1.72497194e+02 
 1.80894658e+05  1.71739662e+02 
 1.85066040e+05  1.76889771e+02 
 1.89333613e+05  1.78480930e+02 
 1.93699595e+05  1.75149464e+02 
 1.98166255e+05  1.75216282e+02 
 2.02735916e+05  1.68140962e+02 
 2.07410951e+05  1.69754682e+02 
 2.12193792e+05  1.65290118e+02 
 2.17086923e+05  1.72786079e+02 
 2.22092889e+05  1.71466292e+02 
 2.27214291e+05  1.86501171e+02 
 2.32453791e+05  1.88200636e+02 
 2.37814113e+05  1.96994937e+02 
 2.43298042e+05  1.84675944e+02 
 2.48908429e+05  1.76989574e+02 
 2.54648190e+05  1.79638336e+02 
 2.60520309e+05  1.80313647e+02 
 2.66527837e+05  1.96040620e+02 
 2.72673897e+05  1.77410897e+02 
 2.78961683e+05  1.95239748e+02 
 2.85394464e+05  1.74024041e+02 
 2.91975583e+05  1.72580000e+02 
 2.98708461e+05  1.82024094e+02 
 3.05596598e+05  1.78962968e+02 
 3.12643573e+05  1.81081152e+02 
 3.19853049e+05  1.77883738e+02 
 3.27228774e+05  1.78144370e+02 
 3.34774581e+05  1.86114085e+02 
 3.42494392e+05  1.78772828e+02 
 3.50392221e+05  1.81445892e+02 
 3.58472171e+05  1.79110350e+02 
 3.66738442e+05  1.80189984e+02 
 3.75195331e+05  1.84682781e+02 
 3.83847234e+05  1.93142013e+02 
 3.92698648e+05  1.97142024e+02 
 4.01754173e+05  1.89765539e+02 
 4.11018515e+05  1.86874659e+02 
 4.20496491e+05  1.99776178e+02 
 4.30193027e+05  1.76850693e+02 
 4.40113162e+05  1.78836297e+02 
 4.50262052e+05  1.89022228e+02 
 4.60644974e+05  1.97493790e+02 
 4.71267322e+05  1.91514234e+02 
 4.82134619e+05  1.90796196e+02 
 4.93252513e+05  1.96508671e+02 
 5.04626783e+05  1.96866028e+02 
 5.16263340e+05  1.91638212e+02 
 5.28168234e+05  1.97465647e+02 
 5.40347650e+05  1.94616290e+02 
 5.52807921e+05  1.86700553e+02 
 5.65555523e+05  1.87686996e+02 
 5.78597080e+05  1.92378845e+02 
 5.91939372e+05  2.00577000e+02 
 6.05589334e+05  1.88340950e+02 
 6.19554061e+05  2.00476616e+02 
 6.33840810e+05  1.93847400e+02 
 6.48457008e+05  2.00065194e+02 
 6.63410251e+05  1.90461655e+02 
 6.78708313e+05  1.86512846e+02 
 6.94359143e+05  1.98778748e+02 
 7.10370877e+05  1.92362385e+02 
 7.26751838e+05  1.89779545e+02 
 7.43510539e+05  1.98461562e+02 
 7.60655691e+05  2.00920152e+02 
 7.78196206e+05  2.08363550e+02 
 7.96141200e+05  1.87156683e+02 
 8.14500001e+05  1.85459125e+02 
 8.33282151e+05  1.86681778e+02 
 8.52497412e+05  1.88619387e+02 
 8.72155772e+05  1.87809956e+02 
 8.92267449e+05  2.00042518e+02 
 9.12842895e+05  1.97955492e+02 
 9.33892805e+05  1.89871107e+02 
 9.55428121e+05  1.91229751e+02 
 9.77460036e+05  2.03985074e+02 
 1.00000000e+06  1.93927264e+02 
 1.02305973e+06  2.00572380e+02 
 1.04665121e+06  1.93777378e+02 
 1.07078670e+06  1.93602540e+02 
 1.09547876e+06  1.96474359e+02 
 1.12074020e+06  1.95173717e+02 
 1.14658417e+06  1.92339776e+02 
 1.17302409e+06  1.91506601e+02 
 1.20007371e+06  1.94066037e+02 
 1.22774708e+06  1.94939896e+02 
 1.25605860e+06  1.97498745e+02 
 1.28502297e+06  1.93505520e+02 
 1.31465525e+06  1.94510922e+02 
 1.34497085e+06  1.93228532e+02 
 1.37598551e+06  1.94458643e+02 
 1.40771537e+06  1.95117610e+02 
 1.44017690e+06  1.93115333e+02 
 1.47338699e+06  1.95236304e+02 
 1.50736290e+06  1.95130104e+02 
 1.54212228e+06  1.95057295e+02 
 1.57768320e+06  1.96477197e+02 
 1.61406415e+06  1.94383781e+02 
 1.65128404e+06  1.95081834e+02 
 1.68936220e+06  1.95849847e+02 
 1.72831844e+06  1.94411061e+02 
 1.76817299e+06  1.95065486e+02 
 1.80894658e+06  1.95177960e+02 
 1.85066040e+06  1.95381999e+02 
 1.89333613e+06  1.95899606e+02 
 1.93699595e+06  1.96131667e+02 
 1.98166255e+06  1.95396163e+02 
 2.02735916e+06  1.95981377e+02 
 2.07410951e+06  1.96034743e+02 
 2.12193792e+06  1.95747372e+02 
 2.17086923e+06  1.96131934e+02 
 2.22092889e+06  1.95678639e+02 
 2.27214291e+06  1.96085056e+02 
 2.32453791e+06  1.96055087e+02 
 2.37814113e+06  1.96303746e+02 
 2.43298042e+06  1.96339348e+02 
 2.48908429e+06  1.96486900e+02 
 2.54648190e+06  1.96596731e+02 
 2.60520309e+06  1.96404410e+02 
 2.66527837e+06  1.96786235e+02 
 2.72673897e+06  1.96674838e+02 
 2.78961683e+06  1.96849748e+02 
 2.85394464e+06  1.96893708e+02 
 2.91975583e+06  1.96357739e+02 
 2.98708461e+06  1.96821026e+02 
 3.05596598e+06  1.97147784e+02 
 3.12643573e+06  1.96122068e+02 
 3.19853049e+06  1.97196010e+02 
 3.27228774e+06  1.96629740e+02 
 3.34774581e+06  1.96984743e+02 
 3.42494392e+06  1.97111872e+02 
 3.50392221e+06  1.97013801e+02 
 3.58472171e+06  1.97194477e+02 
 3.66738442e+06  1.97428490e+02 
 3.75195331e+06  1.97877596e+02 
 3.83847234e+06  1.97320824e+02 
 3.92698648e+06  1.97393931e+02 
 4.01754173e+06  1.97354574e+02 
 4.11018515e+06  1.97014993e+02 
 4.20496491e+06  1.97497129e+02 
 4.30193027e+06  1.98015726e+02 
 4.40113162e+06  1.97317945e+02 
 4.50262052e+06  1.97606736e+02 
 4.60644974e+06  1.97665397e+02 
 4.71267322e+06  1.97473887e+02 
 4.82134619e+06  1.97669745e+02 
 4.93252513e+06  1.97247389e+02 
 5.04626783e+06  1.97450838e+02 
 5.16263340e+06  1.97566468e+02 
 5.28168234e+06  1.97635391e+02 
 5.40347650e+06  1.97794435e+02 
 5.52807921e+06  1.98007201e+02 
 5.65555523e+06  1.97578187e+02 
 5.78597080e+06  1.97631868e+02 
 5.91939372e+06  1.97803682e+02 
 6.05589334e+06  1.97931798e+02 
 6.19554061e+06  1.97644979e+02 
 6.33840810e+06  1.97919761e+02 
 6.48457008e+06  1.97952198e+02 
 6.63410251e+06  1.97928775e+02 
 6.78708313e+06  1.97893861e+02 
 6.94359143e+06  1.97882770e+02 
 7.10370877e+06  1.97883223e+02 
 7.26751838e+06  1.97958771e+02 
 7.43510539e+06  1.97967576e+02 
 7.60655691e+06  1.97986949e+02 
 7.78196206e+06  1.98012495e+02 
 7.96141200e+06  1.98024432e+02 
 8.14500001e+06  1.98073389e+02 
 8.33282151e+06  1.98052991e+02 
 8.52497412e+06  1.98116167e+02 
 8.72155772e+06  1.98100835e+02 
 8.92267449e+06  1.98128542e+02 
 9.12842895e+06  1.98139168e+02 
 9.33892805e+06  1.98165395e+02 
 9.55428121e+06  1.98199183e+02 
 9.77460036e+06  1.98162721e+02 
 1.00000000e+07  1.98201541e+02 
 1.02305973e+07  1.98253521e+02 
 1.04665121e+07  1.98270289e+02 
 1.07078670e+07  1.98329513e+02 
 1.09547876e+07  1.98349401e+02 
 1.12074020e+07  1.98351109e+02 
 1.14658417e+07  1.98424968e+02 
 1.17302409e+07  1.98442422e+02 
 1.20007371e+07  1.98371472e+02 
 1.22774708e+07  1.98401582e+02 
 1.25605860e+07  1.98445767e+02 
 1.28502297e+07  1.98429336e+02 
 1.31465525e+07  1.98397660e+02 
 1.34497085e+07  1.98420137e+02 
 1.37598551e+07  1.98442808e+02 
 1.40771537e+07  1.98506745e+02 
 1.44017690e+07  1.98496125e+02 
 1.47338699e+07  1.98547309e+02 
 1.50736290e+07  1.98574528e+02 
 1.54212228e+07  1.98565927e+02 
 1.57768320e+07  1.98590895e+02 
 1.61406415e+07  1.98567072e+02 
 1.65128404e+07  1.98604197e+02 
 1.68936220e+07  1.98620729e+02 
 1.72831844e+07  1.98624707e+02 
 1.76817299e+07  1.98611835e+02 
 1.80894658e+07  1.98647131e+02 
 1.85066040e+07  1.98645644e+02 
 1.89333613e+07  1.98661547e+02 
 1.93699595e+07  1.98681424e+02 
 1.98166255e+07  1.98686884e+02 
 2.02735916e+07  1.98710985e+02 
 2.07410951e+07  1.98707198e+02 
 2.12193792e+07  1.98720602e+02 
 2.17086923e+07  1.98729872e+02 
 2.22092889e+07  1.98743362e+02 
 2.27214291e+07  1.98748835e+02 
 2.32453791e+07  1.98757255e+02 
 2.37814113e+07  1.98765744e+02 
 2.43298042e+07  1.98774188e+02 
 2.48908429e+07  1.98781673e+02 
 2.54648190e+07  1.98790220e+02 
 2.60520309e+07  1.98795255e+02 
 2.66527837e+07  1.98806607e+02 
 2.72673897e+07  1.98808143e+02 
 2.78961683e+07  1.98815219e+02 
 2.85394464e+07  1.98826421e+02 
 2.91975583e+07  1.98833321e+02 
 2.98708461e+07  1.98829308e+02 
 3.05596598e+07  1.98846608e+02 
 3.12643573e+07  1.98845042e+02 
 3.19853049e+07  1.98844407e+02 
 3.27228774e+07  1.98855591e+02 
 3.34774581e+07  1.98860678e+02 
 3.42494392e+07  1.98863118e+02 
 3.50392221e+07  1.98868751e+02 
 3.58472171e+07  1.98875948e+02 
 3.66738442e+07  1.98880325e+02 
 3.75195331e+07  1.98885958e+02 
 3.83847234e+07  1.98883938e+02 
 3.92698648e+07  1.98892112e+02 
 4.01754173e+07  1.98892911e+02 
 4.11018515e+07  1.98900958e+02 
 4.20496491e+07  1.98906837e+02 
 4.30193027e+07  1.98902969e+02 
 4.40113162e+07  1.98907086e+02 
 4.50262052e+07  1.98911827e+02 
 4.60644974e+07  1.98906591e+02 
 4.71267322e+07  1.98914461e+02 
 4.82134619e+07  1.98915422e+02 
 4.93252513e+07  1.98915904e+02 
 5.04626783e+07  1.98919579e+02 
 5.16263340e+07  1.98925335e+02 
 5.28168234e+07  1.98920070e+02 
 5.40347650e+07  1.98920878e+02 
 5.52807921e+07  1.98931923e+02 
 5.65555523e+07  1.98928269e+02 
 5.78597080e+07  1.98932325e+02 
 5.91939372e+07  1.98934310e+02 
 6.05589334e+07  1.98933813e+02 
 6.19554061e+07  1.98941980e+02 
 6.33840810e+07  1.98940530e+02 
 6.48457008e+07  1.98936519e+02 
 6.63410251e+07  1.98940539e+02 
 6.78708313e+07  1.98943165e+02 
 6.94359143e+07  1.98946464e+02 
 7.10370877e+07  1.98945109e+02 
 7.26751838e+07  1.98944242e+02 
 7.43510539e+07  1.98948855e+02 
 7.60655691e+07  1.98946795e+02 
 7.78196206e+07  1.98950500e+02 
 7.96141200e+07  1.98949497e+02 
 8.14500001e+07  1.98951666e+02 
 8.33282151e+07  1.98950668e+02 
 8.52497412e+07  1.98952113e+02 
 8.72155772e+07  1.98951192e+02 
 8.92267449e+07  1.98950727e+02 
 9.12842895e+07  1.98953716e+02 
 9.33892805e+07  1.98952821e+02 
 9.55428121e+07  1.98953145e+02 
 9.77460036e+07  1.98955172e+02 
 1.00000000e+08  1.98955904e+02 
 1.02305973e+08  1.98954519e+02 
 1.04665121e+08  1.98954162e+02 
 1.07078670e+08  1.98956328e+02 
 1.09547876e+08  1.98955582e+02 
 1.12074020e+08  1.98955863e+02 
 1.14658417e+08  1.98959399e+02 
 1.17302409e+08  1.98957873e+02 
 1.20007371e+08  1.98958757e+02 
 1.22774708e+08  1.98961300e+02 
 1.25605860e+08  1.98957398e+02 
 1.28502297e+08  1.98958601e+02 
 1.31465525e+08  1.98960238e+02 
 1.34497085e+08  1.98959997e+02 
 1.37598551e+08  1.98959186e+02 
 1.40771537e+08  1.98960433e+02 
 1.44017690e+08  1.98959377e+02 
 1.47338699e+08  1.98960316e+02 
 1.50736290e+08  1.98960785e+02 
 1.54212228e+08  1.98961357e+02 
 1.57768320e+08  1.98961642e+02 
 1.61406415e+08  1.98960687e+02 
 1.65128404e+08  1.98961845e+02 
 1.68936220e+08  1.98960962e+02 
 1.72831844e+08  1.98961667e+02 
 1.76817299e+08  1.98961302e+02 
 1.80894658e+08  1.98960523e+02 
 1.85066040e+08  1.98961450e+02 
 1.89333613e+08  1.98961647e+02 
 1.93699595e+08  1.98961830e+02 
 1.98166255e+08  1.98961814e+02 
 2.02735916e+08  1.98961727e+02 
 2.07410951e+08  1.98961876e+02 
 2.12193792e+08  1.98961790e+02 
 2.17086923e+08  1.98962098e+02 
 2.22092889e+08  1.98961961e+02 
 2.27214291e+08  1.98962054e+02 
 2.32453791e+08  1.98961883e+02 
 2.37814113e+08  1.98962703e+02 
 2.43298042e+08  1.98962571e+02 
 2.48908429e+08  1.98962114e+02 
 2.54648190e+08  1.98962898e+02 
 2.60520309e+08  1.98962564e+02 
 2.66527837e+08  1.98962445e+02 
 2.72673897e+08  1.98962150e+02 
 2.78961683e+08  1.98962656e+02 
 2.85394464e+08  1.98962148e+02 
 2.91975583e+08  1.98962419e+02 
 2.98708461e+08  1.98962695e+02 
 3.05596598e+08  1.98962841e+02 
 3.12643573e+08  1.98962472e+02 
 3.19853049e+08  1.98962758e+02 
 3.27228774e+08  1.98962416e+02 
 3.34774581e+08  1.98962491e+02 
 3.42494392e+08  1.98962475e+02 
 3.50392221e+08  1.98962721e+02 
 3.58472171e+08  1.98962483e+02 
 3.66738442e+08  1.98962515e+02 
 3.75195331e+08  1.98962548e+02 
 3.83847234e+08  1.98962622e+02 
 3.92698648e+08  1.98962530e+02 
 4.01754173e+08  1.98962624e+02 
 4.11018515e+08  1.98962536e+02 
 4.20496491e+08  1.98962547e+02 
 4.30193027e+08  1.98962609e+02 
 4.40113162e+08  1.98962387e+02 
 4.50262052e+08  1.98962579e+02 
 4.60644974e+08  1.98962542e+02 
 4.71267322e+08  1.98962500e+02 
 4.82134619e+08  1.98962541e+02 
 4.93252513e+08  1.98962545e+02 
 5.04626783e+08  1.98962514e+02 
 5.16263340e+08  1.98962518e+02 
 5.28168234e+08  1.98962584e+02 
 5.40347650e+08  1.98962558e+02 
 5.52807921e+08  1.98962600e+02 
 5.65555523e+08  1.98962527e+02 
 5.78597080e+08  1.98962572e+02 
 5.91939372e+08  1.98962504e+02 
 6.05589334e+08  1.98962524e+02 
 6.19554061e+08  1.98962509e+02 
 6.33840810e+08  1.98962494e+02 
 6.48457008e+08  1.98962504e+02 
 6.63410251e+08  1.98962476e+02 
 6.78708313e+08  1.98962484e+02 
 6.94359143e+08  1.98962438e+02 
 7.10370877e+08  1.98962456e+02 
 7.26751838e+08  1.98962438e+02 
 7.43510539e+08  1.98962409e+02 
 7.60655691e+08  1.98962415e+02 
 7.78196206e+08  1.98962397e+02 
 7.96141200e+08  1.98962426e+02 
 8.14500001e+08  1.98962405e+02 
 8.33282151e+08  1.98962388e+02 
 8.52497412e+08  1.98962426e+02 
 8.72155772e+08  1.98962352e+02 
 8.92267449e+08  1.98962354e+02 
 9.12842895e+08  1.98962355e+02 
 9.33892805e+08  1.98962374e+02 
 9.55428121e+08  1.98962336e+02 
 9.77460036e+08  1.98962340e+02 
 1.00000000e+09  1.98962352e+02 
 frequency       v(PSRR_dB)     
 1.00000000e-02  1.16181965e+02 
 1.02305973e-02  1.16181969e+02 
 1.04665121e-02  1.16181973e+02 
 1.07078670e-02  1.16181978e+02 
 1.09547876e-02  1.16181982e+02 
 1.12074020e-02  1.16181987e+02 
 1.14658417e-02  1.16181992e+02 
 1.17302409e-02  1.16181997e+02 
 1.20007371e-02  1.16182002e+02 
 1.22774708e-02  1.16182008e+02 
 1.25605860e-02  1.16182014e+02 
 1.28502297e-02  1.16182020e+02 
 1.31465525e-02  1.16182026e+02 
 1.34497085e-02  1.16182033e+02 
 1.37598551e-02  1.16182040e+02 
 1.40771537e-02  1.16182047e+02 
 1.44017690e-02  1.16182055e+02 
 1.47338699e-02  1.16182063e+02 
 1.50736290e-02  1.16182072e+02 
 1.54212228e-02  1.16182081e+02 
 1.57768320e-02  1.16182090e+02 
 1.61406415e-02  1.16182099e+02 
 1.65128404e-02  1.16182109e+02 
 1.68936220e-02  1.16182120e+02 
 1.72831844e-02  1.16182131e+02 
 1.76817299e-02  1.16182143e+02 
 1.80894658e-02  1.16182155e+02 
 1.85066040e-02  1.16182168e+02 
 1.89333613e-02  1.16182181e+02 
 1.93699595e-02  1.16182195e+02 
 1.98166255e-02  1.16182210e+02 
 2.02735916e-02  1.16182225e+02 
 2.07410951e-02  1.16182241e+02 
 2.12193792e-02  1.16182258e+02 
 2.17086923e-02  1.16182275e+02 
 2.22092889e-02  1.16182294e+02 
 2.27214291e-02  1.16182313e+02 
 2.32453791e-02  1.16182333e+02 
 2.37814113e-02  1.16182354e+02 
 2.43298042e-02  1.16182376e+02 
 2.48908429e-02  1.16182399e+02 
 2.54648190e-02  1.16182424e+02 
 2.60520309e-02  1.16182449e+02 
 2.66527837e-02  1.16182475e+02 
 2.72673897e-02  1.16182503e+02 
 2.78961683e-02  1.16182532e+02 
 2.85394464e-02  1.16182562e+02 
 2.91975583e-02  1.16182594e+02 
 2.98708461e-02  1.16182627e+02 
 3.05596598e-02  1.16182662e+02 
 3.12643573e-02  1.16182699e+02 
 3.19853049e-02  1.16182737e+02 
 3.27228774e-02  1.16182777e+02 
 3.34774581e-02  1.16182818e+02 
 3.42494392e-02  1.16182862e+02 
 3.50392221e-02  1.16182908e+02 
 3.58472171e-02  1.16182956e+02 
 3.66738442e-02  1.16183006e+02 
 3.75195331e-02  1.16183058e+02 
 3.83847234e-02  1.16183113e+02 
 3.92698648e-02  1.16183171e+02 
 4.01754173e-02  1.16183231e+02 
 4.11018515e-02  1.16183294e+02 
 4.20496491e-02  1.16183360e+02 
 4.30193027e-02  1.16183429e+02 
 4.40113162e-02  1.16183501e+02 
 4.50262052e-02  1.16183576e+02 
 4.60644974e-02  1.16183656e+02 
 4.71267322e-02  1.16183738e+02 
 4.82134619e-02  1.16183825e+02 
 4.93252513e-02  1.16183915e+02 
 5.04626783e-02  1.16184010e+02 
 5.16263340e-02  1.16184110e+02 
 5.28168234e-02  1.16184214e+02 
 5.40347650e-02  1.16184323e+02 
 5.52807921e-02  1.16184437e+02 
 5.65555523e-02  1.16184556e+02 
 5.78597080e-02  1.16184681e+02 
 5.91939372e-02  1.16184811e+02 
 6.05589334e-02  1.16184948e+02 
 6.19554061e-02  1.16185091e+02 
 6.33840810e-02  1.16185241e+02 
 6.48457008e-02  1.16185398e+02 
 6.63410251e-02  1.16185562e+02 
 6.78708313e-02  1.16185733e+02 
 6.94359143e-02  1.16185913e+02 
 7.10370877e-02  1.16186101e+02 
 7.26751838e-02  1.16186298e+02 
 7.43510539e-02  1.16186504e+02 
 7.60655691e-02  1.16186720e+02 
 7.78196206e-02  1.16186945e+02 
 7.96141200e-02  1.16187182e+02 
 8.14500001e-02  1.16187429e+02 
 8.33282151e-02  1.16187688e+02 
 8.52497412e-02  1.16187959e+02 
 8.72155772e-02  1.16188242e+02 
 8.92267449e-02  1.16188539e+02 
 9.12842895e-02  1.16188850e+02 
 9.33892805e-02  1.16189175e+02 
 9.55428121e-02  1.16189516e+02 
 9.77460036e-02  1.16189872e+02 
 1.00000000e-01  1.16190245e+02 
 1.02305973e-01  1.16190636e+02 
 1.04665121e-01  1.16191044e+02 
 1.07078670e-01  1.16175608e+02 
 1.09547876e-01  1.16176055e+02 
 1.12074020e-01  1.16176522e+02 
 1.14658417e-01  1.16177012e+02 
 1.17302409e-01  1.16177524e+02 
 1.20007371e-01  1.16178061e+02 
 1.22774708e-01  1.16178622e+02 
 1.25605860e-01  1.16179210e+02 
 1.28502297e-01  1.16179825e+02 
 1.31465525e-01  1.16180468e+02 
 1.34497085e-01  1.16181142e+02 
 1.37598551e-01  1.16181848e+02 
 1.40771537e-01  1.16182586e+02 
 1.44017690e-01  1.16183359e+02 
 1.47338699e-01  1.16184168e+02 
 1.50736290e-01  1.16185015e+02 
 1.54212228e-01  1.16185901e+02 
 1.57768320e-01  1.16186829e+02 
 1.61406415e-01  1.16154104e+02 
 1.65128404e-01  1.16155117e+02 
 1.68936220e-01  1.16156177e+02 
 1.72831844e-01  1.16175133e+02 
 1.76817299e-01  1.16176297e+02 
 1.80894658e-01  1.16177515e+02 
 1.85066040e-01  1.16178791e+02 
 1.89333613e-01  1.16146459e+02 
 1.93699595e-01  1.16147852e+02 
 1.98166255e-01  1.16149309e+02 
 2.02735916e-01  1.16150835e+02 
 2.07410951e-01  1.16186122e+02 
 2.12193792e-01  1.16187801e+02 
 2.17086923e-01  1.16173698e+02 
 2.22092889e-01  1.16175534e+02 
 2.27214291e-01  1.16177456e+02 
 2.32453791e-01  1.16179469e+02 
 2.37814113e-01  1.16181575e+02 
 2.43298042e-01  1.16183781e+02 
 2.48908429e-01  1.16186091e+02 
 2.54648190e-01  1.16172650e+02 
 2.60520309e-01  1.16175176e+02 
 2.66527837e-01  1.16177821e+02 
 2.72673897e-01  1.16180591e+02 
 2.78961683e-01  1.16149810e+02 
 2.85394464e-01  1.16170671e+02 
 2.91975583e-01  1.16173844e+02 
 2.98708461e-01  1.16177166e+02 
 3.05596598e-01  1.16180644e+02 
 3.12643573e-01  1.16184286e+02 
 3.19853049e-01  1.16172242e+02 
 3.27228774e-01  1.16176229e+02 
 3.34774581e-01  1.16180403e+02 
 3.42494392e-01  1.16168922e+02 
 3.50392221e-01  1.16189350e+02 
 3.58472171e-01  1.16194144e+02 
 3.66738442e-01  1.16183286e+02 
 3.75195331e-01  1.16154834e+02 
 3.83847234e-01  1.16160309e+02 
 3.92698648e-01  1.16183906e+02 
 4.01754173e-01  1.16189923e+02 
 4.11018515e-01  1.16180353e+02 
 4.20496491e-01  1.16186942e+02 
 4.30193027e-01  1.16160125e+02 
 4.40113162e-01  1.16151507e+02 
 4.50262052e-01  1.16192752e+02 
 4.60644974e-01  1.16184792e+02 
 4.71267322e-01  1.16177207e+02 
 4.82134619e-01  1.16152179e+02 
 4.93252513e-01  1.16179071e+02 
 5.04626783e-01  1.16154862e+02 
 5.16263340e-01  1.16182628e+02 
 5.28168234e-01  1.16177163e+02 
 5.40347650e-01  1.16172185e+02 
 5.52807921e-01  1.16183565e+02 
 5.65555523e-01  1.16179622e+02 
 5.78597080e-01  1.16192101e+02 
 5.91939372e-01  1.16189292e+02 
 6.05589334e-01  1.16187094e+02 
 6.19554061e-01  1.16185534e+02 
 6.33840810e-01  1.16184642e+02 
 6.48457008e-01  1.16184448e+02 
 6.63410251e-01  1.16184986e+02 
 6.78708313e-01  1.16186289e+02 
 6.94359143e-01  1.16188393e+02 
 7.10370877e-01  1.16175474e+02 
 7.26751838e-01  1.16195159e+02 
 7.43510539e-01  1.16166162e+02 
 7.60655691e-01  1.16189725e+02 
 7.78196206e-01  1.16162708e+02 
 7.96141200e-01  1.16188321e+02 
 8.14500001e-01  1.16181316e+02 
 8.33282151e-01  1.16175468e+02 
 8.52497412e-01  1.16202566e+02 
 8.72155772e-01  1.16165440e+02 
 8.92267449e-01  1.16197116e+02 
 9.12842895e-01  1.16180569e+02 
 9.33892805e-01  1.16147675e+02 
 9.55428121e-01  1.16149956e+02 
 9.77460036e-01  1.16153819e+02 
 1.00000000e+00  1.16193052e+02 
 1.02305973e+00  1.16184461e+02 
 1.04665121e+00  1.16177696e+02 
 1.07078670e+00  1.16204581e+02 
 1.09547876e+00  1.16167959e+02 
 1.12074020e+00  1.16185041e+02 
 1.14658417e+00  1.16152756e+02 
 1.17302409e+00  1.16156429e+02 
 1.20007371e+00  1.16162489e+02 
 1.22774708e+00  1.16188924e+02 
 1.25605860e+00  1.16166401e+02 
 1.28502297e+00  1.16198217e+02 
 1.31465525e+00  1.16149623e+02 
 1.34497085e+00  1.16169385e+02 
 1.37598551e+00  1.16160643e+02 
 1.40771537e+00  1.16204768e+02 
 1.44017690e+00  1.16168991e+02 
 1.47338699e+00  1.16170569e+02 
 1.50736290e+00  1.16160084e+02 
 1.54212228e+00  1.16169366e+02 
 1.57768320e+00  1.16166946e+02 
 1.61406415e+00  1.16168845e+02 
 1.65128404e+00  1.16159436e+02 
 1.68936220e+00  1.16204331e+02 
 1.72831844e+00  1.16170850e+02 
 1.76817299e+00  1.16160474e+02 
 1.80894658e+00  1.16171347e+02 
 1.85066040e+00  1.16172069e+02 
 1.89333613e+00  1.16178737e+02 
 1.93699595e+00  1.16191644e+02 
 1.98166255e+00  1.16179350e+02 
 2.02735916e+00  1.16173889e+02 
 2.07410951e+00  1.16175563e+02 
 2.12193792e+00  1.16184711e+02 
 2.17086923e+00  1.16185830e+02 
 2.22092889e+00  1.16179284e+02 
 2.27214291e+00  1.16197171e+02 
 2.32453791e+00  1.16192303e+02 
 2.37814113e+00  1.16196835e+02 
 2.43298042e+00  1.16195331e+02 
 2.48908429e+00  1.16204130e+02 
 2.54648190e+00  1.16191950e+02 
 2.60520309e+00  1.16206935e+02 
 2.66527837e+00  1.16168242e+02 
 2.72673897e+00  1.16209369e+02 
 2.78961683e+00  1.16180063e+02 
 2.85394464e+00  1.16200059e+02 
 2.91975583e+00  1.16182591e+02 
 2.98708461e+00  1.16181963e+02 
 3.05596598e+00  1.16180983e+02 
 3.12643573e+00  1.16180375e+02 
 3.19853049e+00  1.16196749e+02 
 3.27228774e+00  1.16182325e+02 
 3.34774581e+00  1.16187513e+02 
 3.42494392e+00  1.16180472e+02 
 3.50392221e+00  1.16193802e+02 
 3.58472171e+00  1.16179903e+02 
 3.66738442e+00  1.16189326e+02 
 3.75195331e+00  1.16207291e+02 
 3.83847234e+00  1.16201120e+02 
 3.92698648e+00  1.16182620e+02 
 4.01754173e+00  1.16181291e+02 
 4.11018515e+00  1.16192139e+02 
 4.20496491e+00  1.16200641e+02 
 4.30193027e+00  1.16208160e+02 
 4.40113162e+00  1.16200257e+02 
 4.50262052e+00  1.16210169e+02 
 4.60644974e+00  1.16207730e+02 
 4.71267322e+00  1.16226343e+02 
 4.82134619e+00  1.16211626e+02 
 4.93252513e+00  1.16229946e+02 
 5.04626783e+00  1.16204948e+02 
 5.16263340e+00  1.16197757e+02 
 5.28168234e+00  1.16206169e+02 
 5.40347650e+00  1.16215492e+02 
 5.52807921e+00  1.16211109e+02 
 5.65555523e+00  1.16229148e+02 
 5.78597080e+00  1.16223451e+02 
 5.91939372e+00  1.16197853e+02 
 6.05589334e+00  1.16229745e+02 
 6.19554061e+00  1.16218755e+02 
 6.33840810e+00  1.16240593e+02 
 6.48457008e+00  1.16252965e+02 
 6.63410251e+00  1.16275045e+02 
 6.78708313e+00  1.16240267e+02 
 6.94359143e+00  1.16243339e+02 
 7.10370877e+00  1.16267843e+02 
 7.26751838e+00  1.16252034e+02 
 7.43510539e+00  1.16260441e+02 
 7.60655691e+00  1.16290966e+02 
 7.78196206e+00  1.16265393e+02 
 7.96141200e+00  1.16295548e+02 
 8.14500001e+00  1.16275010e+02 
 8.33282151e+00  1.16292666e+02 
 8.52497412e+00  1.16286137e+02 
 8.72155772e+00  1.16283276e+02 
 8.92267449e+00  1.16315424e+02 
 9.12842895e+00  1.16305021e+02 
 9.33892805e+00  1.16318935e+02 
 9.55428121e+00  1.16335484e+02 
 9.77460036e+00  1.16345627e+02 
 1.00000000e+01  1.16376083e+02 
 1.02305973e+01  1.16371785e+02 
 1.04665121e+01  1.16357985e+02 
 1.07078670e+01  1.16373029e+02 
 1.09547876e+01  1.16403446e+02 
 1.12074020e+01  1.16389365e+02 
 1.14658417e+01  1.16400327e+02 
 1.17302409e+01  1.16405007e+02 
 1.20007371e+01  1.16457949e+02 
 1.22774708e+01  1.16434684e+02 
 1.25605860e+01  1.16441133e+02 
 1.28502297e+01  1.16452204e+02 
 1.31465525e+01  1.16482936e+02 
 1.34497085e+01  1.16477409e+02 
 1.37598551e+01  1.16498980e+02 
 1.40771537e+01  1.16524030e+02 
 1.44017690e+01  1.16540186e+02 
 1.47338699e+01  1.16581037e+02 
 1.50736290e+01  1.16559190e+02 
 1.54212228e+01  1.16602493e+02 
 1.57768320e+01  1.16600375e+02 
 1.61406415e+01  1.16653190e+02 
 1.65128404e+01  1.16642712e+02 
 1.68936220e+01  1.16655130e+02 
 1.72831844e+01  1.16692532e+02 
 1.76817299e+01  1.16726607e+02 
 1.80894658e+01  1.16734476e+02 
 1.85066040e+01  1.16761649e+02 
 1.89333613e+01  1.16774639e+02 
 1.93699595e+01  1.16805174e+02 
 1.98166255e+01  1.16877883e+02 
 2.02735916e+01  1.16875373e+02 
 2.07410951e+01  1.16925148e+02 
 2.12193792e+01  1.16924488e+02 
 2.17086923e+01  1.16981916e+02 
 2.22092889e+01  1.17014659e+02 
 2.27214291e+01  1.17049095e+02 
 2.32453791e+01  1.17141842e+02 
 2.37814113e+01  1.17152334e+02 
 2.43298042e+01  1.17209946e+02 
 2.48908429e+01  1.17255106e+02 
 2.54648190e+01  1.17293623e+02 
 2.60520309e+01  1.17366561e+02 
 2.66527837e+01  1.17415063e+02 
 2.72673897e+01  1.17468416e+02 
 2.78961683e+01  1.17533950e+02 
 2.85394464e+01  1.17601572e+02 
 2.91975583e+01  1.17659011e+02 
 2.98708461e+01  1.17754457e+02 
 3.05596598e+01  1.17836850e+02 
 3.12643573e+01  1.17890251e+02 
 3.19853049e+01  1.17972681e+02 
 3.27228774e+01  1.18049234e+02 
 3.34774581e+01  1.18149687e+02 
 3.42494392e+01  1.18262686e+02 
 3.50392221e+01  1.18365408e+02 
 3.58472171e+01  1.18442630e+02 
 3.66738442e+01  1.18508045e+02 
 3.75195331e+01  1.18633521e+02 
 3.83847234e+01  1.18762451e+02 
 3.92698648e+01  1.18859873e+02 
 4.01754173e+01  1.18989991e+02 
 4.11018515e+01  1.19135849e+02 
 4.20496491e+01  1.19297611e+02 
 4.30193027e+01  1.19426911e+02 
 4.40113162e+01  1.19602848e+02 
 4.50262052e+01  1.19751019e+02 
 4.60644974e+01  1.19916275e+02 
 4.71267322e+01  1.20086461e+02 
 4.82134619e+01  1.20283889e+02 
 4.93252513e+01  1.20480345e+02 
 5.04626783e+01  1.20738001e+02 
 5.16263340e+01  1.20887067e+02 
 5.28168234e+01  1.21091020e+02 
 5.40347650e+01  1.21294765e+02 
 5.52807921e+01  1.21545996e+02 
 5.65555523e+01  1.21799602e+02 
 5.78597080e+01  1.19440955e+02 
 5.91939372e+01  1.19667632e+02 
 6.05589334e+01  1.19933828e+02 
 6.19554061e+01  1.20187137e+02 
 6.33840810e+01  1.20475779e+02 
 6.48457008e+01  1.20760588e+02 
 6.63410251e+01  1.21108205e+02 
 6.78708313e+01  1.21487036e+02 
 6.94359143e+01  1.19128330e+02 
 7.10370877e+01  1.19415815e+02 
 7.26751838e+01  1.19760976e+02 
 7.43510539e+01  1.20076173e+02 
 7.60655691e+01  1.20451881e+02 
 7.78196206e+01  1.20841237e+02 
 7.96141200e+01  1.19657321e+02 
 8.14500001e+01  1.20051005e+02 
 8.33282151e+01  1.20451521e+02 
 8.52497412e+01  1.20890916e+02 
 8.72155772e+01  1.21399164e+02 
 8.92267449e+01  1.21898407e+02 
 9.12842895e+01  1.22364529e+02 
 9.33892805e+01  1.22920114e+02 
 9.55428121e+01  1.23544324e+02 
 9.77460036e+01  1.24217666e+02 
 1.00000000e+02  1.25043664e+02 
 1.02305973e+02  1.25797896e+02 
 1.04665121e+02  1.26729351e+02 
 1.07078670e+02  1.27728649e+02 
 1.09547876e+02  1.28838193e+02 
 1.12074020e+02  1.30150961e+02 
 1.14658417e+02  1.23330121e+02 
 1.17302409e+02  1.24154687e+02 
 1.20007371e+02  1.23272607e+02 
 1.22774708e+02  1.22817850e+02 
 1.25605860e+02  1.23680682e+02 
 1.28502297e+02  1.24549052e+02 
 1.31465525e+02  1.25657101e+02 
 1.34497085e+02  1.26774722e+02 
 1.37598551e+02  1.28209667e+02 
 1.40771537e+02  1.30039613e+02 
 1.44017690e+02  1.29417269e+02 
 1.47338699e+02  1.25157106e+02 
 1.50736290e+02  1.26473098e+02 
 1.54212228e+02  1.28046916e+02 
 1.57768320e+02  1.26331854e+02 
 1.61406415e+02  1.27910145e+02 
 1.65128404e+02  1.29824406e+02 
 1.68936220e+02  1.29988784e+02 
 1.72831844e+02  1.32617649e+02 
 1.76817299e+02  1.27703486e+02 
 1.80894658e+02  1.28027021e+02 
 1.85066040e+02  1.28513626e+02 
 1.89333613e+02  1.26128461e+02 
 1.93699595e+02  1.28030113e+02 
 1.98166255e+02  1.27702702e+02 
 2.02735916e+02  1.26673687e+02 
 2.07410951e+02  1.25170231e+02 
 2.12193792e+02  1.27103752e+02 
 2.17086923e+02  1.26770723e+02 
 2.22092889e+02  1.23488650e+02 
 2.27214291e+02  1.25162833e+02 
 2.32453791e+02  1.26259009e+02 
 2.37814113e+02  1.24517456e+02 
 2.43298042e+02  1.32274938e+02 
 2.48908429e+02  1.31742472e+02 
 2.54648190e+02  1.32354626e+02 
 2.60520309e+02  1.33188455e+02 
 2.66527837e+02  1.37076448e+02 
 2.72673897e+02  1.32109336e+02 
 2.78961683e+02  1.34507812e+02 
 2.85394464e+02  1.30772467e+02 
 2.91975583e+02  1.31958749e+02 
 2.98708461e+02  1.32226188e+02 
 3.05596598e+02  1.31152753e+02 
 3.12643573e+02  1.30208667e+02 
 3.19853049e+02  1.32415667e+02 
 3.27228774e+02  1.31745203e+02 
 3.34774581e+02  1.36722006e+02 
 3.42494392e+02  1.35257403e+02 
 3.50392221e+02  1.37043022e+02 
 3.58472171e+02  1.32097862e+02 
 3.66738442e+02  1.31422642e+02 
 3.75195331e+02  1.33392399e+02 
 3.83847234e+02  1.40228071e+02 
 3.92698648e+02  1.36023770e+02 
 4.01754173e+02  1.36749065e+02 
 4.11018515e+02  1.34727072e+02 
 4.20496491e+02  1.33102951e+02 
 4.30193027e+02  1.34510704e+02 
 4.40113162e+02  1.35294832e+02 
 4.50262052e+02  1.33527679e+02 
 4.60644974e+02  1.39502935e+02 
 4.71267322e+02  1.33147550e+02 
 4.82134619e+02  1.33555820e+02 
 4.93252513e+02  1.31231943e+02 
 5.04626783e+02  1.35279071e+02 
 5.16263340e+02  1.34602869e+02 
 5.28168234e+02  1.35523431e+02 
 5.40347650e+02  1.33836901e+02 
 5.52807921e+02  1.32911540e+02 
 5.65555523e+02  1.32800918e+02 
 5.78597080e+02  1.33673419e+02 
 5.91939372e+02  1.37220420e+02 
 6.05589334e+02  1.38248239e+02 
 6.19554061e+02  1.38634577e+02 
 6.33840810e+02  1.44542976e+02 
 6.48457008e+02  1.35111148e+02 
 6.63410251e+02  1.38206151e+02 
 6.78708313e+02  1.37652230e+02 
 6.94359143e+02  1.38141131e+02 
 7.10370877e+02  1.34594279e+02 
 7.26751838e+02  1.38927684e+02 
 7.43510539e+02  1.34668949e+02 
 7.60655691e+02  1.43293104e+02 
 7.78196206e+02  1.37569918e+02 
 7.96141200e+02  1.45850906e+02 
 8.14500001e+02  1.45025262e+02 
 8.33282151e+02  1.44412531e+02 
 8.52497412e+02  1.62057061e+02 
 8.72155772e+02  1.39777439e+02 
 8.92267449e+02  1.36739506e+02 
 9.12842895e+02  1.39302738e+02 
 9.33892805e+02  1.39190922e+02 
 9.55428121e+02  1.37853600e+02 
 9.77460036e+02  1.34941306e+02 
 1.00000000e+03  1.38451319e+02 
 1.02305973e+03  1.39961732e+02 
 1.04665121e+03  1.46675089e+02 
 1.07078670e+03  1.44422199e+02 
 1.09547876e+03  1.43005968e+02 
 1.12074020e+03  1.45612135e+02 
 1.14658417e+03  1.44416157e+02 
 1.17302409e+03  1.40476783e+02 
 1.20007371e+03  1.43047195e+02 
 1.22774708e+03  1.41883476e+02 
 1.25605860e+03  1.45492567e+02 
 1.28502297e+03  1.47005444e+02 
 1.31465525e+03  1.40876702e+02 
 1.34497085e+03  1.42276915e+02 
 1.37598551e+03  1.42372670e+02 
 1.40771537e+03  1.40218915e+02 
 1.44017690e+03  1.51399609e+02 
 1.47338699e+03  1.51808214e+02 
 1.50736290e+03  1.49100666e+02 
 1.54212228e+03  1.43998890e+02 
 1.57768320e+03  1.46394223e+02 
 1.61406415e+03  1.49971982e+02 
 1.65128404e+03  1.62970162e+02 
 1.68936220e+03  1.53235213e+02 
 1.72831844e+03  1.63310787e+02 
 1.76817299e+03  1.52244946e+02 
 1.80894658e+03  1.54959299e+02 
 1.85066040e+03  1.58252138e+02 
 1.89333613e+03  1.51775882e+02 
 1.93699595e+03  1.49220186e+02 
 1.98166255e+03  1.65391455e+02 
 2.02735916e+03  1.49155082e+02 
 2.07410951e+03  1.66601697e+02 
 2.12193792e+03  1.70325572e+02 
 2.17086923e+03  1.60198502e+02 
 2.22092889e+03  1.54574946e+02 
 2.27214291e+03  1.70007387e+02 
 2.32453791e+03  1.50308811e+02 
 2.37814113e+03  1.71975117e+02 
 2.43298042e+03  1.65195307e+02 
 2.48908429e+03  1.66800268e+02 
 2.54648190e+03  1.54871809e+02 
 2.60520309e+03  1.51756292e+02 
 2.66527837e+03  1.77275932e+02 
 2.72673897e+03  1.57126429e+02 
 2.78961683e+03  1.55672145e+02 
 2.85394464e+03  1.62482901e+02 
 2.91975583e+03  1.64390264e+02 
 2.98708461e+03  1.55643762e+02 
 3.05596598e+03  1.57531660e+02 
 3.12643573e+03  1.52513397e+02 
 3.19853049e+03  1.55344620e+02 
 3.27228774e+03  1.53394250e+02 
 3.34774581e+03  1.51882524e+02 
 3.42494392e+03  1.92394548e+02 
 3.50392221e+03  1.63770304e+02 
 3.58472171e+03  1.57570343e+02 
 3.66738442e+03  1.59960317e+02 
 3.75195331e+03  1.66104093e+02 
 3.83847234e+03  1.61093303e+02 
 3.92698648e+03  1.64507133e+02 
 4.01754173e+03  1.65785910e+02 
 4.11018515e+03  1.58073841e+02 
 4.20496491e+03  1.59602732e+02 
 4.30193027e+03  1.60000753e+02 
 4.40113162e+03  1.55830092e+02 
 4.50262052e+03  1.53764901e+02 
 4.60644974e+03  1.55958151e+02 
 4.71267322e+03  1.67494453e+02 
 4.82134619e+03  1.75617957e+02 
 4.93252513e+03  1.64331157e+02 
 5.04626783e+03  1.53751412e+02 
 5.16263340e+03  1.64494837e+02 
 5.28168234e+03  1.77981399e+02 
 5.40347650e+03  1.66865259e+02 
 5.52807921e+03  1.72941146e+02 
 5.65555523e+03  1.53899607e+02 
 5.78597080e+03  1.52242534e+02 
 5.91939372e+03  1.54993422e+02 
 6.05589334e+03  1.60994146e+02 
 6.19554061e+03  1.56179616e+02 
 6.33840810e+03  1.47772526e+02 
 6.48457008e+03  1.57061181e+02 
 6.63410251e+03  1.50565994e+02 
 6.78708313e+03  1.53662677e+02 
 6.94359143e+03  1.52409604e+02 
 7.10370877e+03  1.64820435e+02 
 7.26751838e+03  1.54431963e+02 
 7.43510539e+03  1.52952002e+02 
 7.60655691e+03  1.61182921e+02 
 7.78196206e+03  1.57125719e+02 
 7.96141200e+03  1.60913797e+02 
 8.14500001e+03  1.64377410e+02 
 8.33282151e+03  1.61622107e+02 
 8.52497412e+03  1.72044629e+02 
 8.72155772e+03  1.73890157e+02 
 8.92267449e+03  1.74860597e+02 
 9.12842895e+03  1.60584961e+02 
 9.33892805e+03  1.52188639e+02 
 9.55428121e+03  1.52271688e+02 
 9.77460036e+03  1.55926174e+02 
 1.00000000e+04  1.52030810e+02 
 1.02305973e+04  1.59458262e+02 
 1.04665121e+04  1.52274973e+02 
 1.07078670e+04  1.75966600e+02 
 1.09547876e+04  1.68269626e+02 
 1.12074020e+04  1.66044837e+02 
 1.14658417e+04  1.57870695e+02 
 1.17302409e+04  1.74082273e+02 
 1.20007371e+04  1.53646820e+02 
 1.22774708e+04  1.56931869e+02 
 1.25605860e+04  1.53400747e+02 
 1.28502297e+04  1.67839074e+02 
 1.31465525e+04  1.56100012e+02 
 1.34497085e+04  1.68681886e+02 
 1.37598551e+04  1.69536740e+02 
 1.40771537e+04  1.56784053e+02 
 1.44017690e+04  1.50408009e+02 
 1.47338699e+04  1.75434040e+02 
 1.50736290e+04  1.59472957e+02 
 1.54212228e+04  1.73848610e+02 
 1.57768320e+04  1.53407876e+02 
 1.61406415e+04  1.55772512e+02 
 1.65128404e+04  1.71297693e+02 
 1.68936220e+04  1.62878590e+02 
 1.72831844e+04  1.56745448e+02 
 1.76817299e+04  1.56398983e+02 
 1.80894658e+04  1.61483172e+02 
 1.85066040e+04  1.64915708e+02 
 1.89333613e+04  1.53254330e+02 
 1.93699595e+04  1.54996728e+02 
 1.98166255e+04  1.59775111e+02 
 2.02735916e+04  1.58702663e+02 
 2.07410951e+04  1.54842755e+02 
 2.12193792e+04  1.73882164e+02 
 2.17086923e+04  1.61443299e+02 
 2.22092889e+04  1.64969256e+02 
 2.27214291e+04  1.51551062e+02 
 2.32453791e+04  1.68777898e+02 
 2.37814113e+04  1.60982911e+02 
 2.43298042e+04  1.72755205e+02 
 2.48908429e+04  1.54763605e+02 
 2.54648190e+04  1.71829054e+02 
 2.60520309e+04  1.53029713e+02 
 2.66527837e+04  1.72082314e+02 
 2.72673897e+04  1.56996533e+02 
 2.78961683e+04  1.66441775e+02 
 2.85394464e+04  1.54714539e+02 
 2.91975583e+04  1.54612120e+02 
 2.98708461e+04  1.57078263e+02 
 3.05596598e+04  1.65268078e+02 
 3.12643573e+04  1.62306645e+02 
 3.19853049e+04  1.68110369e+02 
 3.27228774e+04  1.58956264e+02 
 3.34774581e+04  1.56508263e+02 
 3.42494392e+04  1.57793358e+02 
 3.50392221e+04  1.58310768e+02 
 3.58472171e+04  1.56736576e+02 
 3.66738442e+04  1.65843541e+02 
 3.75195331e+04  1.68699224e+02 
 3.83847234e+04  1.69369629e+02 
 3.92698648e+04  1.57176302e+02 
 4.01754173e+04  1.57837997e+02 
 4.11018515e+04  1.57799513e+02 
 4.20496491e+04  1.67167993e+02 
 4.30193027e+04  1.53273202e+02 
 4.40113162e+04  1.65907219e+02 
 4.50262052e+04  1.66674073e+02 
 4.60644974e+04  1.56384742e+02 
 4.71267322e+04  1.62456320e+02 
 4.82134619e+04  1.58735675e+02 
 4.93252513e+04  1.59163209e+02 
 5.04626783e+04  1.54891966e+02 
 5.16263340e+04  1.58014575e+02 
 5.28168234e+04  1.62673080e+02 
 5.40347650e+04  1.53828431e+02 
 5.52807921e+04  1.68047885e+02 
 5.65555523e+04  1.54059317e+02 
 5.78597080e+04  1.64832013e+02 
 5.91939372e+04  1.64866572e+02 
 6.05589334e+04  1.57100437e+02 
 6.19554061e+04  1.53304506e+02 
 6.33840810e+04  1.56923530e+02 
 6.48457008e+04  1.52024646e+02 
 6.63410251e+04  1.56112307e+02 
 6.78708313e+04  1.59558748e+02 
 6.94359143e+04  1.54876466e+02 
 7.10370877e+04  1.58526676e+02 
 7.26751838e+04  1.57882690e+02 
 7.43510539e+04  1.57235324e+02 
 7.60655691e+04  1.56398992e+02 
 7.78196206e+04  1.59679146e+02 
 7.96141200e+04  1.63511009e+02 
 8.14500001e+04  1.51541852e+02 
 8.33282151e+04  1.53664288e+02 
 8.52497412e+04  1.57938185e+02 
 8.72155772e+04  1.57818400e+02 
 8.92267449e+04  1.56059073e+02 
 9.12842895e+04  1.57141060e+02 
 9.33892805e+04  1.55100825e+02 
 9.55428121e+04  1.55294593e+02 
 9.77460036e+04  1.59332070e+02 
 1.00000000e+05  1.54634196e+02 
 1.02305973e+05  1.58893845e+02 
 1.04665121e+05  1.59090721e+02 
 1.07078670e+05  1.70421075e+02 
 1.09547876e+05  1.65155164e+02 
 1.12074020e+05  1.55677147e+02 
 1.14658417e+05  1.56515172e+02 
 1.17302409e+05  1.64962517e+02 
 1.20007371e+05  1.66349842e+02 
 1.22774708e+05  1.80952679e+02 
 1.25605860e+05  1.73528355e+02 
 1.28502297e+05  1.71712915e+02 
 1.31465525e+05  1.75364675e+02 
 1.34497085e+05  1.70843178e+02 
 1.37598551e+05  1.72432429e+02 
 1.40771537e+05  1.68236108e+02 
 1.44017690e+05  1.65519438e+02 
 1.47338699e+05  1.67182403e+02 
 1.50736290e+05  1.67556130e+02 
 1.54212228e+05  1.72485609e+02 
 1.57768320e+05  1.72043498e+02 
 1.61406415e+05  1.67758414e+02 
 1.65128404e+05  1.73865768e+02 
 1.68936220e+05  1.66584039e+02 
 1.72831844e+05  1.69916033e+02 
 1.76817299e+05  1.72290520e+02 
 1.80894658e+05  1.71531727e+02 
 1.85066040e+05  1.76608088e+02 
 1.89333613e+05  1.78157547e+02 
 1.93699595e+05  1.74919917e+02 
 1.98166255e+05  1.74985145e+02 
 2.02735916e+05  1.67867383e+02 
 2.07410951e+05  1.69483608e+02 
 2.12193792e+05  1.64993142e+02 
 2.17086923e+05  1.72523652e+02 
 2.22092889e+05  1.71191486e+02 
 2.27214291e+05  1.86304370e+02 
 2.32453791e+05  1.87409959e+02 
 2.37814113e+05  1.95648065e+02 
 2.43298042e+05  1.84125467e+02 
 2.48908429e+05  1.76731336e+02 
 2.54648190e+05  1.79398196e+02 
 2.60520309e+05  1.80073035e+02 
 2.66527837e+05  1.96196818e+02 
 2.72673897e+05  1.77139347e+02 
 2.78961683e+05  1.94551078e+02 
 2.85394464e+05  1.73729570e+02 
 2.91975583e+05  1.72278872e+02 
 2.98708461e+05  1.81767204e+02 
 3.05596598e+05  1.78681143e+02 
 3.12643573e+05  1.80809232e+02 
 3.19853049e+05  1.77592331e+02 
 3.27228774e+05  1.77851801e+02 
 3.34774581e+05  1.85861414e+02 
 3.42494392e+05  1.78478112e+02 
 3.50392221e+05  1.81157643e+02 
 3.58472171e+05  1.78812158e+02 
 3.66738442e+05  1.79892848e+02 
 3.75195331e+05  1.84397936e+02 
 3.83847234e+05  1.92707095e+02 
 3.92698648e+05  1.96646551e+02 
 4.01754173e+05  1.89380796e+02 
 4.11018515e+05  1.86512129e+02 
 4.20496491e+05  1.99416513e+02 
 4.30193027e+05  1.76520631e+02 
 4.40113162e+05  1.78504919e+02 
 4.50262052e+05  1.88720090e+02 
 4.60644974e+05  1.97040439e+02 
 4.71267322e+05  1.91205532e+02 
 4.82134619e+05  1.90439061e+02 
 4.93252513e+05  1.96172427e+02 
 5.04626783e+05  1.96462499e+02 
 5.16263340e+05  1.91289312e+02 
 5.28168234e+05  1.97072545e+02 
 5.40347650e+05  1.94259981e+02 
 5.52807921e+05  1.86381605e+02 
 5.65555523e+05  1.87366164e+02 
 5.78597080e+05  1.92049932e+02 
 5.91939372e+05  2.00187086e+02 
 6.05589334e+05  1.88016435e+02 
 6.19554061e+05  2.00094040e+02 
 6.33840810e+05  1.93534748e+02 
 6.48457008e+05  1.99753840e+02 
 6.63410251e+05  1.90130701e+02 
 6.78708313e+05  1.86186772e+02 
 6.94359143e+05  1.98420587e+02 
 7.10370877e+05  1.92025710e+02 
 7.26751838e+05  1.89447336e+02 
 7.43510539e+05  1.98108682e+02 
 7.60655691e+05  2.00698334e+02 
 7.78196206e+05  2.08090571e+02 
 7.96141200e+05  1.86826656e+02 
 8.14500001e+05  1.85130957e+02 
 8.33282151e+05  1.86351734e+02 
 8.52497412e+05  1.88286171e+02 
 8.72155772e+05  1.87477682e+02 
 8.92267449e+05  1.99705466e+02 
 9.12842895e+05  1.97612631e+02 
 9.33892805e+05  1.89534695e+02 
 9.55428121e+05  1.90890828e+02 
 9.77460036e+05  2.03851823e+02 
 1.00000000e+06  1.93584246e+02 
 1.02305973e+06  2.00259389e+02 
 1.04665121e+06  1.93434222e+02 
 1.07078670e+06  1.93259400e+02 
 1.09547876e+06  1.96132433e+02 
 1.12074020e+06  1.94830013e+02 
 1.14658417e+06  1.91997491e+02 
 1.17302409e+06  1.91165327e+02 
 1.20007371e+06  1.93721864e+02 
 1.22774708e+06  1.94595778e+02 
 1.25605860e+06  1.97164795e+02 
 1.28502297e+06  1.93161074e+02 
 1.31465525e+06  1.94166146e+02 
 1.34497085e+06  1.92883895e+02 
 1.37598551e+06  1.94113489e+02 
 1.40771537e+06  1.94773014e+02 
 1.44017690e+06  1.92770172e+02 
 1.47338699e+06  1.94891639e+02 
 1.50736290e+06  1.94785018e+02 
 1.54212228e+06  1.94711852e+02 
 1.57768320e+06  1.96139422e+02 
 1.61406415e+06  1.94036966e+02 
 1.65128404e+06  1.94735703e+02 
 1.68936220e+06  1.95506798e+02 
 1.72831844e+06  1.94063356e+02 
 1.76817299e+06  1.94718348e+02 
 1.80894658e+06  1.94830757e+02 
 1.85066040e+06  1.95035121e+02 
 1.89333613e+06  1.95555855e+02 
 1.93699595e+06  1.95791006e+02 
 1.98166255e+06  1.95047816e+02 
 2.02735916e+06  1.95637208e+02 
 2.07410951e+06  1.95690753e+02 
 2.12193792e+06  1.95398908e+02 
 2.17086923e+06  1.95788176e+02 
 2.22092889e+06  1.95327783e+02 
 2.27214291e+06  1.95736780e+02 
 2.32453791e+06  1.95722152e+02 
 2.37814113e+06  1.95962670e+02 
 2.43298042e+06  1.95998373e+02 
 2.48908429e+06  1.96141016e+02 
 2.54648190e+06  1.96248831e+02 
 2.60520309e+06  1.96064930e+02 
 2.66527837e+06  1.96439084e+02 
 2.72673897e+06  1.96332404e+02 
 2.78961683e+06  1.96505586e+02 
 2.85394464e+06  1.96550307e+02 
 2.91975583e+06  1.96021838e+02 
 2.98708461e+06  1.96480840e+02 
 3.05596598e+06  1.96804902e+02 
 3.12643573e+06  1.95789290e+02 
 3.19853049e+06  1.96854910e+02 
 3.27228774e+06  1.96294171e+02 
 3.34774581e+06  1.96647239e+02 
 3.42494392e+06  1.96774238e+02 
 3.50392221e+06  1.96677597e+02 
 3.58472171e+06  1.96857913e+02 
 3.66738442e+06  1.97091351e+02 
 3.75195331e+06  1.97538739e+02 
 3.83847234e+06  1.96985916e+02 
 3.92698648e+06  1.97059459e+02 
 4.01754173e+06  1.97021028e+02 
 4.11018515e+06  1.96683369e+02 
 4.20496491e+06  1.97164557e+02 
 4.30193027e+06  1.97682278e+02 
 4.40113162e+06  1.96987302e+02 
 4.50262052e+06  1.97276100e+02 
 4.60644974e+06  1.97335371e+02 
 4.71267322e+06  1.97144892e+02 
 4.82134619e+06  1.97341160e+02 
 4.93252513e+06  1.96919861e+02 
 5.04626783e+06  1.97123737e+02 
 5.16263340e+06  1.97239928e+02 
 5.28168234e+06  1.97309463e+02 
 5.40347650e+06  1.97469215e+02 
 5.52807921e+06  1.97682886e+02 
 5.65555523e+06  1.97253928e+02 
 5.78597080e+06  1.97308210e+02 
 5.91939372e+06  1.97480940e+02 
 6.05589334e+06  1.97610023e+02 
 6.19554061e+06  1.97322755e+02 
 6.33840810e+06  1.97599127e+02 
 6.48457008e+06  1.97632302e+02 
 6.63410251e+06  1.97609276e+02 
 6.78708313e+06  1.97574562e+02 
 6.94359143e+06  1.97563720e+02 
 7.10370877e+06  1.97564375e+02 
 7.26751838e+06  1.97641304e+02 
 7.43510539e+06  1.97650407e+02 
 7.60655691e+06  1.97670372e+02 
 7.78196206e+06  1.97696074e+02 
 7.96141200e+06  1.97708835e+02 
 8.14500001e+06  1.97757868e+02 
 8.33282151e+06  1.97738450e+02 
 8.52497412e+06  1.97801761e+02 
 8.72155772e+06  1.97787152e+02 
 8.92267449e+06  1.97815280e+02 
 9.12842895e+06  1.97826398e+02 
 9.33892805e+06  1.97853047e+02 
 9.55428121e+06  1.97887244e+02 
 9.77460036e+06  1.97851317e+02 
 1.00000000e+07  1.97890525e+02 
 1.02305973e+07  1.97942883e+02 
 1.04665121e+07  1.97960071e+02 
 1.07078670e+07  1.98019697e+02 
 1.09547876e+07  1.98040004e+02 
 1.12074020e+07  1.98042108e+02 
 1.14658417e+07  1.98116412e+02 
 1.17302409e+07  1.98134265e+02 
 1.20007371e+07  1.98063588e+02 
 1.22774708e+07  1.98094092e+02 
 1.25605860e+07  1.98138688e+02 
 1.28502297e+07  1.98122554e+02 
 1.31465525e+07  1.98091120e+02 
 1.34497085e+07  1.98113947e+02 
 1.37598551e+07  1.98136963e+02 
 1.40771537e+07  1.98201371e+02 
 1.44017690e+07  1.98190999e+02 
 1.47338699e+07  1.98242630e+02 
 1.50736290e+07  1.98270220e+02 
 1.54212228e+07  1.98261853e+02 
 1.57768320e+07  1.98287181e+02 
 1.61406415e+07  1.98263492e+02 
 1.65128404e+07  1.98301032e+02 
 1.68936220e+07  1.98317876e+02 
 1.72831844e+07  1.98322102e+02 
 1.76817299e+07  1.98309361e+02 
 1.80894658e+07  1.98345086e+02 
 1.85066040e+07  1.98343769e+02 
 1.89333613e+07  1.98359976e+02 
 1.93699595e+07  1.98380187e+02 
 1.98166255e+07  1.98385865e+02 
 2.02735916e+07  1.98410366e+02 
 2.07410951e+07  1.98406673e+02 
 2.12193792e+07  1.98420370e+02 
 2.17086923e+07  1.98429880e+02 
 2.22092889e+07  1.98443710e+02 
 2.27214291e+07  1.98449333e+02 
 2.32453791e+07  1.98457972e+02 
 2.37814113e+07  1.98466669e+02 
 2.43298042e+07  1.98475335e+02 
 2.48908429e+07  1.98483056e+02 
 2.54648190e+07  1.98491799e+02 
 2.60520309e+07  1.98497072e+02 
 2.66527837e+07  1.98508586e+02 
 2.72673897e+07  1.98510363e+02 
 2.78961683e+07  1.98517627e+02 
 2.85394464e+07  1.98528997e+02 
 2.91975583e+07  1.98536079e+02 
 2.98708461e+07  1.98532280e+02 
 3.05596598e+07  1.98549719e+02 
 3.12643573e+07  1.98548350e+02 
 3.19853049e+07  1.98547891e+02 
 3.27228774e+07  1.98559229e+02 
 3.34774581e+07  1.98564470e+02 
 3.42494392e+07  1.98567066e+02 
 3.50392221e+07  1.98572851e+02 
 3.58472171e+07  1.98580194e+02 
 3.66738442e+07  1.98584713e+02 
 3.75195331e+07  1.98590480e+02 
 3.83847234e+07  1.98588589e+02 
 3.92698648e+07  1.98596900e+02 
 4.01754173e+07  1.98597826e+02 
 4.11018515e+07  1.98605993e+02 
 4.20496491e+07  1.98611997e+02 
 4.30193027e+07  1.98608240e+02 
 4.40113162e+07  1.98612467e+02 
 4.50262052e+07  1.98617312e+02 
 4.60644974e+07  1.98612173e+02 
 4.71267322e+07  1.98620150e+02 
 4.82134619e+07  1.98621205e+02 
 4.93252513e+07  1.98621774e+02 
 5.04626783e+07  1.98625539e+02 
 5.16263340e+07  1.98631394e+02 
 5.28168234e+07  1.98626194e+02 
 5.40347650e+07  1.98627082e+02 
 5.52807921e+07  1.98638219e+02 
 5.65555523e+07  1.98634629e+02 
 5.78597080e+07  1.98638761e+02 
 5.91939372e+07  1.98640813e+02 
 6.05589334e+07  1.98640380e+02 
 6.19554061e+07  1.98648618e+02 
 6.33840810e+07  1.98647229e+02 
 6.48457008e+07  1.98643259e+02 
 6.63410251e+07  1.98647347e+02 
 6.78708313e+07  1.98650026e+02 
 6.94359143e+07  1.98653381e+02 
 7.10370877e+07  1.98652067e+02 
 7.26751838e+07  1.98651244e+02 
 7.43510539e+07  1.98655912e+02 
 7.60655691e+07  1.98653891e+02 
 7.78196206e+07  1.98657642e+02 
 7.96141200e+07  1.98656676e+02 
 8.14500001e+07  1.98658880e+02 
 8.33282151e+07  1.98657913e+02 
 8.52497412e+07  1.98659400e+02 
 8.72155772e+07  1.98658505e+02 
 8.92267449e+07  1.98658067e+02 
 9.12842895e+07  1.98661091e+02 
 9.33892805e+07  1.98660223e+02 
 9.55428121e+07  1.98660574e+02 
 9.77460036e+07  1.98662631e+02 
 1.00000000e+08  1.98663387e+02 
 1.02305973e+08  1.98662023e+02 
 1.04665121e+08  1.98661686e+02 
 1.07078670e+08  1.98663879e+02 
 1.09547876e+08  1.98663156e+02 
 1.12074020e+08  1.98663446e+02 
 1.14658417e+08  1.98667013e+02 
 1.17302409e+08  1.98665500e+02 
 1.20007371e+08  1.98666400e+02 
 1.22774708e+08  1.98668967e+02 
 1.25605860e+08  1.98665072e+02 
 1.28502297e+08  1.98666290e+02 
 1.31465525e+08  1.98667947e+02 
 1.34497085e+08  1.98667718e+02 
 1.37598551e+08  1.98666912e+02 
 1.40771537e+08  1.98668180e+02 
 1.44017690e+08  1.98667128e+02 
 1.47338699e+08  1.98668080e+02 
 1.50736290e+08  1.98668557e+02 
 1.54212228e+08  1.98669141e+02 
 1.57768320e+08  1.98669438e+02 
 1.61406415e+08  1.98668490e+02 
 1.65128404e+08  1.98669665e+02 
 1.68936220e+08  1.98668780e+02 
 1.72831844e+08  1.98669494e+02 
 1.76817299e+08  1.98669138e+02 
 1.80894658e+08  1.98668360e+02 
 1.85066040e+08  1.98669297e+02 
 1.89333613e+08  1.98669504e+02 
 1.93699595e+08  1.98669693e+02 
 1.98166255e+08  1.98669681e+02 
 2.02735916e+08  1.98669602e+02 
 2.07410951e+08  1.98669753e+02 
 2.12193792e+08  1.98669675e+02 
 2.17086923e+08  1.98669984e+02 
 2.22092889e+08  1.98669855e+02 
 2.27214291e+08  1.98669957e+02 
 2.32453791e+08  1.98669782e+02 
 2.37814113e+08  1.98670611e+02 
 2.43298042e+08  1.98670482e+02 
 2.48908429e+08  1.98670032e+02 
 2.54648190e+08  1.98670824e+02 
 2.60520309e+08  1.98670489e+02 
 2.66527837e+08  1.98670371e+02 
 2.72673897e+08  1.98670078e+02 
 2.78961683e+08  1.98670589e+02 
 2.85394464e+08  1.98670080e+02 
 2.91975583e+08  1.98670356e+02 
 2.98708461e+08  1.98670634e+02 
 3.05596598e+08  1.98670781e+02 
 3.12643573e+08  1.98670415e+02 
 3.19853049e+08  1.98670703e+02 
 3.27228774e+08  1.98670364e+02 
 3.34774581e+08  1.98670440e+02 
 3.42494392e+08  1.98670425e+02 
 3.50392221e+08  1.98670674e+02 
 3.58472171e+08  1.98670440e+02 
 3.66738442e+08  1.98670473e+02 
 3.75195331e+08  1.98670506e+02 
 3.83847234e+08  1.98670578e+02 
 3.92698648e+08  1.98670491e+02 
 4.01754173e+08  1.98670585e+02 
 4.11018515e+08  1.98670499e+02 
 4.20496491e+08  1.98670514e+02 
 4.30193027e+08  1.98670577e+02 
 4.40113162e+08  1.98670354e+02 
 4.50262052e+08  1.98670545e+02 
 4.60644974e+08  1.98670510e+02 
 4.71267322e+08  1.98670471e+02 
 4.82134619e+08  1.98670511e+02 
 4.93252513e+08  1.98670513e+02 
 5.04626783e+08  1.98670486e+02 
 5.16263340e+08  1.98670493e+02 
 5.28168234e+08  1.98670558e+02 
 5.40347650e+08  1.98670537e+02 
 5.52807921e+08  1.98670573e+02 
 5.65555523e+08  1.98670502e+02 
 5.78597080e+08  1.98670552e+02 
 5.91939372e+08  1.98670481e+02 
 6.05589334e+08  1.98670500e+02 
 6.19554061e+08  1.98670491e+02 
 6.33840810e+08  1.98670473e+02 
 6.48457008e+08  1.98670483e+02 
 6.63410251e+08  1.98670457e+02 
 6.78708313e+08  1.98670464e+02 
 6.94359143e+08  1.98670418e+02 
 7.10370877e+08  1.98670440e+02 
 7.26751838e+08  1.98670420e+02 
 7.43510539e+08  1.98670394e+02 
 7.60655691e+08  1.98670397e+02 
 7.78196206e+08  1.98670378e+02 
 7.96141200e+08  1.98670411e+02 
 8.14500001e+08  1.98670391e+02 
 8.33282151e+08  1.98670372e+02 
 8.52497412e+08  1.98670409e+02 
 8.72155772e+08  1.98670334e+02 
 8.92267449e+08  1.98670339e+02 
 9.12842895e+08  1.98670342e+02 
 9.33892805e+08  1.98670358e+02 
 9.55428121e+08  1.98670323e+02 
 9.77460036e+08  1.98670327e+02 
 1.00000000e+09  1.98670338e+02 
