 frequency       v(Aol_dB)       v(Aol_arg)     
 1.00000000e-02  7.66086499e+01 -8.43529361e-03 
 1.02305973e-02  7.66086499e+01 -8.62980920e-03 
 1.04665121e-02  7.66086499e+01 -8.82881026e-03 
 1.07078670e-02  7.66086499e+01 -9.03240024e-03 
 1.09547876e-02  7.66086498e+01 -9.24068494e-03 
 1.12074020e-02  7.66086498e+01 -9.45377264e-03 
 1.14658417e-02  7.66086498e+01 -9.67177408e-03 
 1.17302409e-02  7.66086498e+01 -9.89480257e-03 
 1.20007371e-02  7.66086498e+01 -1.01229740e-02 
 1.22774708e-02  7.66086498e+01 -1.03564071e-02 
 1.25605860e-02  7.66086498e+01 -1.05952230e-02 
 1.28502297e-02  7.66086498e+01 -1.08395460e-02 
 1.31465525e-02  7.66086498e+01 -1.10895030e-02 
 1.34497085e-02  7.66086498e+01 -1.13452239e-02 
 1.37598551e-02  7.66086498e+01 -1.16068417e-02 
 1.40771537e-02  7.66086498e+01 -1.18744924e-02 
 1.44017690e-02  7.66086498e+01 -1.21483149e-02 
 1.47338699e-02  7.66086498e+01 -1.24284518e-02 
 1.50736290e-02  7.66086497e+01 -1.27150485e-02 
 1.54212228e-02  7.66086497e+01 -1.30082541e-02 
 1.57768320e-02  7.66086497e+01 -1.33082209e-02 
 1.61406415e-02  7.66086497e+01 -1.36151049e-02 
 1.65128404e-02  7.66086497e+01 -1.39290655e-02 
 1.68936220e-02  7.66086497e+01 -1.42502660e-02 
 1.72831844e-02  7.66086497e+01 -1.45788732e-02 
 1.76817299e-02  7.66086497e+01 -1.49150581e-02 
 1.80894658e-02  7.66086497e+01 -1.52589953e-02 
 1.85066040e-02  7.66086496e+01 -1.56108636e-02 
 1.89333613e-02  7.66086496e+01 -1.59708459e-02 
 1.93699595e-02  7.66086496e+01 -1.63391292e-02 
 1.98166255e-02  7.66086496e+01 -1.67159051e-02 
 2.02735916e-02  7.66086496e+01 -1.71013694e-02 
 2.07410951e-02  7.66086496e+01 -1.74957223e-02 
 2.12193792e-02  7.66086495e+01 -1.78991689e-02 
 2.17086923e-02  7.66086495e+01 -1.83119189e-02 
 2.22092889e-02  7.66086495e+01 -1.87341867e-02 
 2.27214291e-02  7.66086495e+01 -1.91661920e-02 
 2.32453791e-02  7.66086495e+01 -1.96081592e-02 
 2.37814113e-02  7.66086494e+01 -2.00603180e-02 
 2.43298042e-02  7.66086494e+01 -2.05229035e-02 
 2.48908429e-02  7.66086494e+01 -2.09961560e-02 
 2.54648190e-02  7.66086493e+01 -2.14803217e-02 
 2.60520309e-02  7.66086493e+01 -2.19756520e-02 
 2.66527837e-02  7.66086493e+01 -2.24824046e-02 
 2.72673897e-02  7.66086493e+01 -2.30008427e-02 
 2.78961683e-02  7.66086492e+01 -2.35312359e-02 
 2.85394464e-02  7.66086492e+01 -2.40738597e-02 
 2.91975583e-02  7.66086492e+01 -2.46289964e-02 
 2.98708461e-02  7.66086491e+01 -2.51969343e-02 
 3.05596598e-02  7.66086491e+01 -2.57779687e-02 
 3.12643573e-02  7.66086490e+01 -2.63724016e-02 
 3.19853049e-02  7.66086490e+01 -2.69805420e-02 
 3.27228774e-02  7.66086490e+01 -2.76027059e-02 
 3.34774581e-02  7.66086489e+01 -2.82392168e-02 
 3.42494392e-02  7.66086489e+01 -2.88904054e-02 
 3.50392221e-02  7.66086488e+01 -2.95566102e-02 
 3.58472171e-02  7.66086488e+01 -3.02381775e-02 
 3.66738442e-02  7.66086487e+01 -3.09354616e-02 
 3.75195331e-02  7.66086486e+01 -3.16488248e-02 
 3.83847234e-02  7.66086486e+01 -3.23786380e-02 
 3.92698648e-02  7.66086485e+01 -3.31252805e-02 
 4.01754173e-02  7.66086484e+01 -3.38891403e-02 
 4.11018515e-02  7.66086484e+01 -3.46706146e-02 
 4.20496491e-02  7.66086483e+01 -3.54701094e-02 
 4.30193027e-02  7.66086482e+01 -3.62880403e-02 
 4.40113162e-02  7.66086481e+01 -3.71248325e-02 
 4.50262052e-02  7.66086481e+01 -3.79809208e-02 
 4.60644974e-02  7.66086480e+01 -3.88567503e-02 
 4.71267322e-02  7.66086479e+01 -3.97527762e-02 
 4.82134619e-02  7.66086478e+01 -4.06694642e-02 
 4.93252513e-02  7.66086477e+01 -4.16072907e-02 
 5.04626783e-02  7.66086476e+01 -4.25667433e-02 
 5.16263340e-02  7.66086475e+01 -4.35483205e-02 
 5.28168234e-02  7.66086473e+01 -4.45525326e-02 
 5.40347650e-02  7.66086472e+01 -4.55799015e-02 
 5.52807921e-02  7.66086471e+01 -4.66309613e-02 
 5.65555523e-02  7.66086470e+01 -4.77062582e-02 
 5.78597080e-02  7.66086468e+01 -4.88063511e-02 
 5.91939372e-02  7.66086467e+01 -4.99318118e-02 
 6.05589334e-02  7.66086465e+01 -5.10832253e-02 
 6.19554061e-02  7.66086464e+01 -5.22611900e-02 
 6.33840810e-02  7.66086462e+01 -5.34663182e-02 
 6.48457008e-02  7.66086460e+01 -5.46992364e-02 
 6.63410251e-02  7.66086458e+01 -5.59605852e-02 
 6.78708313e-02  7.66086456e+01 -5.72510203e-02 
 6.94359143e-02  7.66086454e+01 -5.85712125e-02 
 7.10370877e-02  7.66086452e+01 -5.99218478e-02 
 7.26751838e-02  7.66086450e+01 -6.13036284e-02 
 7.43510539e-02  7.66086448e+01 -6.27172724e-02 
 7.60655691e-02  7.66086445e+01 -6.41635146e-02 
 7.78196206e-02  7.66086443e+01 -6.56431066e-02 
 7.96141200e-02  7.66086440e+01 -6.71568175e-02 
 8.14500001e-02  7.66086437e+01 -6.87054341e-02 
 8.33282151e-02  7.66086434e+01 -7.02897613e-02 
 8.52497412e-02  7.66086431e+01 -7.19106225e-02 
 8.72155772e-02  7.66086428e+01 -7.35688603e-02 
 8.92267449e-02  7.66086425e+01 -7.52653364e-02 
 9.12842895e-02  7.66086421e+01 -7.70009327e-02 
 9.33892805e-02  7.66086418e+01 -7.87765512e-02 
 9.55428121e-02  7.66086414e+01 -8.05931148e-02 
 9.77460036e-02  7.66086410e+01 -8.24515677e-02 
 1.00000000e-01  7.66086406e+01 -8.43528759e-02 
 1.02305973e-01  7.66086401e+01 -8.62980275e-02 
 1.04665121e-01  7.66086397e+01 -8.82880336e-02 
 1.07078670e-01  7.66086392e+01 -9.03239285e-02 
 1.09547876e-01  7.66086387e+01 -9.24067703e-02 
 1.12074020e-01  7.66086382e+01 -9.45376416e-02 
 1.14658417e-01  7.66086376e+01 -9.67176500e-02 
 1.17302409e-01  7.66086370e+01 -9.89479285e-02 
 1.20007371e-01  7.66086364e+01 -1.01229636e-01 
 1.22774708e-01  7.66086358e+01 -1.03563959e-01 
 1.25605860e-01  7.66086351e+01 -1.05952111e-01 
 1.28502297e-01  7.66086344e+01 -1.08395332e-01 
 1.31465525e-01  7.66086337e+01 -1.10894893e-01 
 1.34497085e-01  7.66086330e+01 -1.13452093e-01 
 1.37598551e-01  7.66086322e+01 -1.16068260e-01 
 1.40771537e-01  7.66086313e+01 -1.18744756e-01 
 1.44017690e-01  7.66086305e+01 -1.21482969e-01 
 1.47338699e-01  7.66086296e+01 -1.24284325e-01 
 1.50736290e-01  7.66086286e+01 -1.27150279e-01 
 1.54212228e-01  7.66086276e+01 -1.30082320e-01 
 1.57768320e-01  7.66086266e+01 -1.33081973e-01 
 1.61406415e-01  7.66086255e+01 -1.36150796e-01 
 1.65128404e-01  7.66086243e+01 -1.39290384e-01 
 1.68936220e-01  7.66086231e+01 -1.42502369e-01 
 1.72831844e-01  7.66086219e+01 -1.45788422e-01 
 1.76817299e-01  7.66086206e+01 -1.49150248e-01 
 1.80894658e-01  7.66086192e+01 -1.52589597e-01 
 1.85066040e-01  7.66086178e+01 -1.56108254e-01 
 1.89333613e-01  7.66086163e+01 -1.59708050e-01 
 1.93699595e-01  7.66086147e+01 -1.63390855e-01 
 1.98166255e-01  7.66086130e+01 -1.67158583e-01 
 2.02735916e-01  7.66086113e+01 -1.71013191e-01 
 2.07410951e-01  7.66086095e+01 -1.74956685e-01 
 2.12193792e-01  7.66086076e+01 -1.78991113e-01 
 2.17086923e-01  7.66086056e+01 -1.83118572e-01 
 2.22092889e-01  7.66086035e+01 -1.87341207e-01 
 2.27214291e-01  7.66086014e+01 -1.91661212e-01 
 2.32453791e-01  7.66085991e+01 -1.96080834e-01 
 2.37814113e-01  7.66085967e+01 -2.00602369e-01 
 2.43298042e-01  7.66085943e+01 -2.05228166e-01 
 2.48908429e-01  7.66085917e+01 -2.09960631e-01 
 2.54648190e-01  7.66085890e+01 -2.14802223e-01 
 2.60520309e-01  7.66085862e+01 -2.19755456e-01 
 2.66527837e-01  7.66085832e+01 -2.24822906e-01 
 2.72673897e-01  7.66085801e+01 -2.30007206e-01 
 2.78961683e-01  7.66085768e+01 -2.35311051e-01 
 2.85394464e-01  7.66085734e+01 -2.40737197e-01 
 2.91975583e-01  7.66085698e+01 -2.46288464e-01 
 2.98708461e-01  7.66085660e+01 -2.51967737e-01 
 3.05596598e-01  7.66085621e+01 -2.57777968e-01 
 3.12643573e-01  7.66085580e+01 -2.63722175e-01 
 3.19853049e-01  7.66085537e+01 -2.69803449e-01 
 3.27228774e-01  7.66085492e+01 -2.76024947e-01 
 3.34774581e-01  7.66085445e+01 -2.82389906e-01 
 3.42494392e-01  7.66085396e+01 -2.88901632e-01 
 3.50392221e-01  7.66085345e+01 -2.95563509e-01 
 3.58472171e-01  7.66085291e+01 -3.02378999e-01 
 3.66738442e-01  7.66085235e+01 -3.09351644e-01 
 3.75195331e-01  7.66085176e+01 -3.16485067e-01 
 3.83847234e-01  7.66085114e+01 -3.23782974e-01 
 3.92698648e-01  7.66085050e+01 -3.31249158e-01 
 4.01754173e-01  7.66084982e+01 -3.38887498e-01 
 4.11018515e-01  7.66084911e+01 -3.46701962e-01 
 4.20496491e-01  7.66084837e+01 -3.54696614e-01 
 4.30193027e-01  7.66084759e+01 -3.62875607e-01 
 4.40113162e-01  7.66084678e+01 -3.71243189e-01 
 4.50262052e-01  7.66084593e+01 -3.79803709e-01 
 4.60644974e-01  7.66084505e+01 -3.88561617e-01 
 4.71267322e-01  7.66084412e+01 -3.97521459e-01 
 4.82134619e-01  7.66084314e+01 -4.06687892e-01 
 4.93252513e-01  7.66084212e+01 -4.16065679e-01 
 5.04626783e-01  7.66084105e+01 -4.25659693e-01 
 5.16263340e-01  7.66083994e+01 -4.35474918e-01 
 5.28168234e-01  7.66083877e+01 -4.45516453e-01 
 5.40347650e-01  7.66083754e+01 -4.55789514e-01 
 5.52807921e-01  7.66083626e+01 -4.66299439e-01 
 5.65555523e-01  7.66083492e+01 -4.77051686e-01 
 5.78597080e-01  7.66083352e+01 -4.88051845e-01 
 5.91939372e-01  7.66083205e+01 -4.99305624e-01 
 6.05589334e-01  7.66083052e+01 -5.10818881e-01 
 6.19554061e-01  7.66082891e+01 -5.22597582e-01 
 6.33840810e-01  7.66082723e+01 -5.34647851e-01 
 6.48457008e-01  7.66082547e+01 -5.46975945e-01 
 6.63410251e-01  7.66082362e+01 -5.59588271e-01 
 6.78708313e-01  7.66082169e+01 -5.72491377e-01 
 6.94359143e-01  7.66081967e+01 -5.85691965e-01 
 7.10370877e-01  7.66081756e+01 -5.99196897e-01 
 7.26751838e-01  7.66081535e+01 -6.13013173e-01 
 7.43510539e-01  7.66081303e+01 -6.27147976e-01 
 7.60655691e-01  7.66081061e+01 -6.41608647e-01 
 7.78196206e-01  7.66080807e+01 -6.56402688e-01 
 7.96141200e-01  7.66080541e+01 -6.71537790e-01 
 8.14500001e-01  7.66080264e+01 -6.87021808e-01 
 8.33282151e-01  7.66079972e+01 -7.02862774e-01 
 8.52497412e-01  7.66079668e+01 -7.19068924e-01 
 8.72155772e-01  7.66079350e+01 -7.35648662e-01 
 8.92267449e-01  7.66079016e+01 -7.52610593e-01 
 9.12842895e-01  7.66078667e+01 -7.69963532e-01 
 9.33892805e-01  7.66078302e+01 -7.87716481e-01 
 9.55428121e-01  7.66077920e+01 -8.05878643e-01 
 9.77460036e-01  7.66077519e+01 -8.24459455e-01 
 1.00000000e+00  7.66077100e+01 -8.43468558e-01 
 1.02305973e+00  7.66076662e+01 -8.62915810e-01 
 1.04665121e+00  7.66076203e+01 -8.82811311e-01 
 1.07078670e+00  7.66075723e+01 -9.03165371e-01 
 1.09547876e+00  7.66075220e+01 -9.23988560e-01 
 1.12074020e+00  7.66074694e+01 -9.45291676e-01 
 1.14658417e+00  7.66074144e+01 -9.67085764e-01 
 1.17302409e+00  7.66073567e+01 -9.89382121e-01 
 1.20007371e+00  7.66072963e+01 -1.01219232e+00 
 1.22774708e+00  7.66072332e+01 -1.03552819e+00 
 1.25605860e+00  7.66071672e+01 -1.05940182e+00 
 1.28502297e+00  7.66070980e+01 -1.08382559e+00 
 1.31465525e+00  7.66070256e+01 -1.10881216e+00 
 1.34497085e+00  7.66069498e+01 -1.13437447e+00 
 1.37598551e+00  7.66068705e+01 -1.16052578e+00 
 1.40771537e+00  7.66067876e+01 -1.18727964e+00 
 1.44017690e+00  7.66067008e+01 -1.21464990e+00 
 1.47338699e+00  7.66066098e+01 -1.24265073e+00 
 1.50736290e+00  7.66065147e+01 -1.27129664e+00 
 1.54212228e+00  7.66064151e+01 -1.30060246e+00 
 1.57768320e+00  7.66063109e+01 -1.33058337e+00 
 1.61406415e+00  7.66062018e+01 -1.36125488e+00 
 1.65128404e+00  7.66060876e+01 -1.39263285e+00 
 1.68936220e+00  7.66059680e+01 -1.42473352e+00 
 1.72831844e+00  7.66058430e+01 -1.45757350e+00 
 1.76817299e+00  7.66057121e+01 -1.49116978e+00 
 1.80894658e+00  7.66055751e+01 -1.52553973e+00 
 1.85066040e+00  7.66054317e+01 -1.56070110e+00 
 1.89333613e+00  7.66052816e+01 -1.59667206e+00 
 1.93699595e+00  7.66051246e+01 -1.63347121e+00 
 1.98166255e+00  7.66049602e+01 -1.67111753e+00 
 2.02735916e+00  7.66047882e+01 -1.70963051e+00 
 2.07410951e+00  7.66046081e+01 -1.74902995e+00 
 2.12193792e+00  7.66044196e+01 -1.78933624e+00 
 2.17086923e+00  7.66042223e+01 -1.83057015e+00 
 2.22092889e+00  7.66040159e+01 -1.87275296e+00 
 2.27214291e+00  7.66037998e+01 -1.91590637e+00 
 2.32453791e+00  7.66035737e+01 -1.96005266e+00 
 2.37814113e+00  7.66033371e+01 -2.00521454e+00 
 2.43298042e+00  7.66030893e+01 -2.05141526e+00 
 2.48908429e+00  7.66028302e+01 -2.09867863e+00 
 2.54648190e+00  7.66025588e+01 -2.14702887e+00 
 2.60520309e+00  7.66022749e+01 -2.19649095e+00 
 2.66527837e+00  7.66019777e+01 -2.24709021e+00 
 2.72673897e+00  7.66016667e+01 -2.29885267e+00 
 2.78961683e+00  7.66013412e+01 -2.35180484e+00 
 2.85394464e+00  7.66010005e+01 -2.40597394e+00 
 2.91975583e+00  7.66006440e+01 -2.46138775e+00 
 2.98708461e+00  7.66002708e+01 -2.51807459e+00 
 3.05596598e+00  7.65998804e+01 -2.57606354e+00 
 3.12643573e+00  7.65994717e+01 -2.63538424e+00 
 3.19853049e+00  7.65990440e+01 -2.69606702e+00 
 3.27228774e+00  7.65985963e+01 -2.75814286e+00 
 3.34774581e+00  7.65981280e+01 -2.82164350e+00 
 3.42494392e+00  7.65976377e+01 -2.88660126e+00 
 3.50392221e+00  7.65971247e+01 -2.95304927e+00 
 3.58472171e+00  7.65965877e+01 -3.02102132e+00 
 3.66738442e+00  7.65960259e+01 -3.09055202e+00 
 3.75195331e+00  7.65954378e+01 -3.16167666e+00 
 3.83847234e+00  7.65948223e+01 -3.23443131e+00 
 3.92698648e+00  7.65941784e+01 -3.30885292e+00 
 4.01754173e+00  7.65935045e+01 -3.38497916e+00 
 4.11018515e+00  7.65927992e+01 -3.46284842e+00 
 4.20496491e+00  7.65920611e+01 -3.54250014e+00 
 4.30193027e+00  7.65912888e+01 -3.62397443e+00 
 4.40113162e+00  7.65904806e+01 -3.70731238e+00 
 4.50262052e+00  7.65896348e+01 -3.79255583e+00 
 4.60644974e+00  7.65887498e+01 -3.87974761e+00 
 4.71267322e+00  7.65878237e+01 -3.96893145e+00 
 4.82134619e+00  7.65868545e+01 -4.06015193e+00 
 4.93252513e+00  7.65858404e+01 -4.15345466e+00 
 5.04626783e+00  7.65847792e+01 -4.24888608e+00 
 5.16263340e+00  7.65836688e+01 -4.34649381e+00 
 5.28168234e+00  7.65825069e+01 -4.44632618e+00 
 5.40347650e+00  7.65812912e+01 -4.54843280e+00 
 5.52807921e+00  7.65800190e+01 -4.65286402e+00 
 5.65555523e+00  7.65786880e+01 -4.75967146e+00 
 5.78597080e+00  7.65772953e+01 -4.86890759e+00 
 5.91939372e+00  7.65758380e+01 -4.98062602e+00 
 6.05589334e+00  7.65743133e+01 -5.09488144e+00 
 6.19554061e+00  7.65727181e+01 -5.21172969e+00 
 6.33840810e+00  7.65710491e+01 -5.33122749e+00 
 6.48457008e+00  7.65693028e+01 -5.45343284e+00 
 6.63410251e+00  7.65674760e+01 -5.57840489e+00 
 6.78708313e+00  7.65655646e+01 -5.70620375e+00 
 6.94359143e+00  7.65635650e+01 -5.83689078e+00 
 7.10370877e+00  7.65614732e+01 -5.97052860e+00 
 7.26751838e+00  7.65592848e+01 -6.10718069e+00 
 7.43510539e+00  7.65569955e+01 -6.24691197e+00 
 7.60655691e+00  7.65546006e+01 -6.38978839e+00 
 7.78196206e+00  7.65520956e+01 -6.53587717e+00 
 7.96141200e+00  7.65494752e+01 -6.68524666e+00 
 8.14500001e+00  7.65467342e+01 -6.83796625e+00 
 8.33282151e+00  7.65438672e+01 -6.99410678e+00 
 8.52497412e+00  7.65408684e+01 -7.15374011e+00 
 8.72155772e+00  7.65377320e+01 -7.31693936e+00 
 8.92267449e+00  7.65344517e+01 -7.48377866e+00 
 9.12842895e+00  7.65310210e+01 -7.65433362e+00 
 9.33892805e+00  7.65274332e+01 -7.82868068e+00 
 9.55428121e+00  7.65236812e+01 -8.00689754e+00 
 9.77460036e+00  7.65197576e+01 -8.18906320e+00 
 1.00000000e+01  7.65156548e+01 -8.37525748e+00 
 1.02305973e+01  7.65113647e+01 -8.56556159e+00 
 1.04665121e+01  7.65068789e+01 -8.76005749e+00 
 1.07078670e+01  7.65021890e+01 -8.95882859e+00 
 1.09547876e+01  7.64972856e+01 -9.16195903e+00 
 1.12074020e+01  7.64921593e+01 -9.36953387e+00 
 1.14658417e+01  7.64868004e+01 -9.58163936e+00 
 1.17302409e+01  7.64811986e+01 -9.79836257e+00 
 1.20007371e+01  7.64753432e+01 -1.00197913e+01 
 1.22774708e+01  7.64692232e+01 -1.02460144e+01 
 1.25605860e+01  7.64628268e+01 -1.04771209e+01 
 1.28502297e+01  7.64561419e+01 -1.07132012e+01 
 1.31465525e+01  7.64491564e+01 -1.09543460e+01 
 1.34497085e+01  7.64418570e+01 -1.12006465e+01 
 1.37598551e+01  7.64342301e+01 -1.14521943e+01 
 1.40771537e+01  7.64262617e+01 -1.17090813e+01 
 1.44017690e+01  7.64179373e+01 -1.19714002e+01 
 1.47338699e+01  7.64092415e+01 -1.22392430e+01 
 1.50736290e+01  7.64001588e+01 -1.25127024e+01 
 1.54212228e+01  7.63906725e+01 -1.27918706e+01 
 1.57768320e+01  7.63807658e+01 -1.30768400e+01 
 1.61406415e+01  7.63704212e+01 -1.33677025e+01 
 1.65128404e+01  7.63596203e+01 -1.36645491e+01 
 1.68936220e+01  7.63483443e+01 -1.39674707e+01 
 1.72831844e+01  7.63365734e+01 -1.42765570e+01 
 1.76817299e+01  7.63242875e+01 -1.45918969e+01 
 1.80894658e+01  7.63114656e+01 -1.49135781e+01 
 1.85066040e+01  7.62980859e+01 -1.52416866e+01 
 1.89333613e+01  7.62841262e+01 -1.55763073e+01 
 1.93699595e+01  7.62695629e+01 -1.59175228e+01 
 1.98166255e+01  7.62543725e+01 -1.62654139e+01 
 2.02735916e+01  7.62385301e+01 -1.66200591e+01 
 2.07410951e+01  7.62220103e+01 -1.69815340e+01 
 2.12193792e+01  7.62047869e+01 -1.73499118e+01 
 2.17086923e+01  7.61868329e+01 -1.77252624e+01 
 2.22092889e+01  7.61681204e+01 -1.81076523e+01 
 2.27214291e+01  7.61486210e+01 -1.84971442e+01 
 2.32453791e+01  7.61283052e+01 -1.88937967e+01 
 2.37814113e+01  7.61071430e+01 -1.92976646e+01 
 2.43298042e+01  7.60851034e+01 -1.97087972e+01 
 2.48908429e+01  7.60621547e+01 -2.01272391e+01 
 2.54648190e+01  7.60382648e+01 -2.05530302e+01 
 2.60520309e+01  7.60134003e+01 -2.09862039e+01 
 2.66527837e+01  7.59875274e+01 -2.14267874e+01 
 2.72673897e+01  7.59606116e+01 -2.18748020e+01 
 2.78961683e+01  7.59326176e+01 -2.23302618e+01 
 2.85394464e+01  7.59035097e+01 -2.27931737e+01 
 2.91975583e+01  7.58732514e+01 -2.32635375e+01 
 2.98708461e+01  7.58418057e+01 -2.37413444e+01 
 3.05596598e+01  7.58091351e+01 -2.42265775e+01 
 3.12643573e+01  7.57752016e+01 -2.47192114e+01 
 3.19853049e+01  7.57399667e+01 -2.52192113e+01 
 3.27228774e+01  7.57033918e+01 -2.57265335e+01 
 3.34774581e+01  7.56654376e+01 -2.62411238e+01 
 3.42494392e+01  7.56260650e+01 -2.67629191e+01 
 3.50392221e+01  7.55852343e+01 -2.72918447e+01 
 3.58472171e+01  7.55429060e+01 -2.78278159e+01 
 3.66738442e+01  7.54990406e+01 -2.83707371e+01 
 3.75195331e+01  7.54535985e+01 -2.89205020e+01 
 3.83847234e+01  7.54065402e+01 -2.94769918e+01 
 3.92698648e+01  7.53578267e+01 -3.00400774e+01 
 4.01754173e+01  7.53074193e+01 -3.06096172e+01 
 4.11018515e+01  7.52552795e+01 -3.11854586e+01 
 4.20496491e+01  7.52013696e+01 -3.17674369e+01 
 4.30193027e+01  7.51456524e+01 -3.23553754e+01 
 4.40113162e+01  7.50880916e+01 -3.29490859e+01 
 4.50262052e+01  7.50286517e+01 -3.35483690e+01 
 4.60644974e+01  7.49672980e+01 -3.41530127e+01 
 4.71267322e+01  7.49039971e+01 -3.47627942e+01 
 4.82134619e+01  7.48387168e+01 -3.53774801e+01 
 4.93252513e+01  7.47714260e+01 -3.59968257e+01 
 5.04626783e+01  7.47020952e+01 -3.66205753e+01 
 5.16263340e+01  7.46306963e+01 -3.72484641e+01 
 5.28168234e+01  7.45572029e+01 -3.78802173e+01 
 5.40347650e+01  7.44815902e+01 -3.85155509e+01 
 5.52807921e+01  7.44038352e+01 -3.91541720e+01 
 5.65555523e+01  7.43239170e+01 -3.97957808e+01 
 5.78597080e+01  7.42418163e+01 -4.04400686e+01 
 5.91939372e+01  7.41575162e+01 -4.10867217e+01 
 6.05589334e+01  7.40710017e+01 -4.17354194e+01 
 6.19554061e+01  7.39822599e+01 -4.23858363e+01 
 6.33840810e+01  7.38912805e+01 -4.30376424e+01 
 6.48457008e+01  7.37980550e+01 -4.36905047e+01 
 6.63410251e+01  7.37025775e+01 -4.43440871e+01 
 6.78708313e+01  7.36048443e+01 -4.49980519e+01 
 6.94359143e+01  7.35048540e+01 -4.56520596e+01 
 7.10370877e+01  7.34026079e+01 -4.63057727e+01 
 7.26751838e+01  7.32981090e+01 -4.69588525e+01 
 7.43510539e+01  7.31913632e+01 -4.76109627e+01 
 7.60655691e+01  7.30823785e+01 -4.82617699e+01 
 7.78196206e+01  7.29711650e+01 -4.89109439e+01 
 7.96141200e+01  7.28577354e+01 -4.95581587e+01 
 8.14500001e+01  7.27421042e+01 -5.02030930e+01 
 8.33282151e+01  7.26242882e+01 -5.08454325e+01 
 8.52497412e+01  7.25043064e+01 -5.14848680e+01 
 8.72155772e+01  7.23821793e+01 -5.21210983e+01 
 8.92267449e+01  7.22579300e+01 -5.27538304e+01 
 9.12842895e+01  7.21315827e+01 -5.33827789e+01 
 9.33892805e+01  7.20031637e+01 -5.40076683e+01 
 9.55428121e+01  7.18727010e+01 -5.46282322e+01 
 9.77460036e+01  7.17402239e+01 -5.52442149e+01 
 1.00000000e+02  7.16057632e+01 -5.58553703e+01 
 1.02305973e+02  7.14693510e+01 -5.64614633e+01 
 1.04665121e+02  7.13310207e+01 -5.70622706e+01 
 1.07078670e+02  7.11908066e+01 -5.76575790e+01 
 1.09547876e+02  7.10487442e+01 -5.82471882e+01 
 1.12074020e+02  7.09048697e+01 -5.88309087e+01 
 1.14658417e+02  7.07592201e+01 -5.94085625e+01 
 1.17302409e+02  7.06118333e+01 -5.99799844e+01 
 1.20007371e+02  7.04627474e+01 -6.05450204e+01 
 1.22774708e+02  7.03120013e+01 -6.11035289e+01 
 1.25605860e+02  7.01596338e+01 -6.16553779e+01 
 1.28502297e+02  7.00056845e+01 -6.22004498e+01 
 1.31465525e+02  6.98501929e+01 -6.27386364e+01 
 1.34497085e+02  6.96931985e+01 -6.32698416e+01 
 1.37598551e+02  6.95347409e+01 -6.37939796e+01 
 1.40771537e+02  6.93748596e+01 -6.43109755e+01 
 1.44017690e+02  6.92135940e+01 -6.48207654e+01 
 1.47338699e+02  6.90509832e+01 -6.53232950e+01 
 1.50736290e+02  6.88870660e+01 -6.58185194e+01 
 1.54212228e+02  6.87218809e+01 -6.63064041e+01 
 1.57768320e+02  6.85554660e+01 -6.67869231e+01 
 1.61406415e+02  6.83878588e+01 -6.72600594e+01 
 1.65128404e+02  6.82190964e+01 -6.77258042e+01 
 1.68936220e+02  6.80492153e+01 -6.81841567e+01 
 1.72831844e+02  6.78782515e+01 -6.86351242e+01 
 1.76817299e+02  6.77062402e+01 -6.90787209e+01 
 1.80894658e+02  6.75332160e+01 -6.95149679e+01 
 1.85066040e+02  6.73592129e+01 -6.99438933e+01 
 1.89333613e+02  6.71842642e+01 -7.03655308e+01 
 1.93699595e+02  6.70084023e+01 -7.07799203e+01 
 1.98166255e+02  6.68316590e+01 -7.11871070e+01 
 2.02735916e+02  6.66540652e+01 -7.15871410e+01 
 2.07410951e+02  6.64756512e+01 -7.19800774e+01 
 2.12193792e+02  6.62964465e+01 -7.23659759e+01 
 2.17086923e+02  6.61164797e+01 -7.27449001e+01 
 2.22092889e+02  6.59357788e+01 -7.31169171e+01 
 2.27214291e+02  6.57543707e+01 -7.34820984e+01 
 2.32453791e+02  6.55722819e+01 -7.38405172e+01 
 2.37814113e+02  6.53895380e+01 -7.41922511e+01 
 2.43298042e+02  6.52061636e+01 -7.45373798e+01 
 2.48908429e+02  6.50221828e+01 -7.48759848e+01 
 2.54648190e+02  6.48376190e+01 -7.52081507e+01 
 2.60520309e+02  6.46524945e+01 -7.55339634e+01 
 2.66527837e+02  6.44668313e+01 -7.58535107e+01 
 2.72673897e+02  6.42806504e+01 -7.61668814e+01 
 2.78961683e+02  6.40939722e+01 -7.64741667e+01 
 2.85394464e+02  6.39068164e+01 -7.67754578e+01 
 2.91975583e+02  6.37192019e+01 -7.70708471e+01 
 2.98708461e+02  6.35311471e+01 -7.73604278e+01 
 3.05596598e+02  6.33426698e+01 -7.76442939e+01 
 3.12643573e+02  6.31537870e+01 -7.79225394e+01 
 3.19853049e+02  6.29645150e+01 -7.81952587e+01 
 3.27228774e+02  6.27748699e+01 -7.84625467e+01 
 3.34774581e+02  6.25848668e+01 -7.87244978e+01 
 3.42494392e+02  6.23945205e+01 -7.89812067e+01 
 3.50392221e+02  6.22038450e+01 -7.92327675e+01 
 3.58472171e+02  6.20128540e+01 -7.94792748e+01 
 3.66738442e+02  6.18215607e+01 -7.97208218e+01 
 3.75195331e+02  6.16299775e+01 -7.99575022e+01 
 3.83847234e+02  6.14381167e+01 -8.01894087e+01 
 3.92698648e+02  6.12459898e+01 -8.04166332e+01 
 4.01754173e+02  6.10536080e+01 -8.06392673e+01 
 4.11018515e+02  6.08609821e+01 -8.08574018e+01 
 4.20496491e+02  6.06681223e+01 -8.10711265e+01 
 4.30193027e+02  6.04750387e+01 -8.12805307e+01 
 4.40113162e+02  6.02817406e+01 -8.14857026e+01 
 4.50262052e+02  6.00882373e+01 -8.16867296e+01 
 4.60644974e+02  5.98945374e+01 -8.18836981e+01 
 4.71267322e+02  5.97006494e+01 -8.20766935e+01 
 4.82134619e+02  5.95065814e+01 -8.22658006e+01 
 4.93252513e+02  5.93123411e+01 -8.24511025e+01 
 5.04626783e+02  5.91179358e+01 -8.26326817e+01 
 5.16263340e+02  5.89233728e+01 -8.28106196e+01 
 5.28168234e+02  5.87286588e+01 -8.29849966e+01 
 5.40347650e+02  5.85338003e+01 -8.31558919e+01 
 5.52807921e+02  5.83388037e+01 -8.33233836e+01 
 5.65555523e+02  5.81436748e+01 -8.34875487e+01 
 5.78597080e+02  5.79484196e+01 -8.36484635e+01 
 5.91939372e+02  5.77530434e+01 -8.38062025e+01 
 6.05589334e+02  5.75575516e+01 -8.39608398e+01 
 6.19554061e+02  5.73619493e+01 -8.41124481e+01 
 6.33840810e+02  5.71662412e+01 -8.42610989e+01 
 6.48457008e+02  5.69704320e+01 -8.44068629e+01 
 6.63410251e+02  5.67745261e+01 -8.45498095e+01 
 6.78708313e+02  5.65785279e+01 -8.46900072e+01 
 6.94359143e+02  5.63824413e+01 -8.48275235e+01 
 7.10370877e+02  5.61862704e+01 -8.49624246e+01 
 7.26751838e+02  5.59900187e+01 -8.50947758e+01 
 7.43510539e+02  5.57936900e+01 -8.52246416e+01 
 7.60655691e+02  5.55972877e+01 -8.53520851e+01 
 7.78196206e+02  5.54008149e+01 -8.54771688e+01 
 7.96141200e+02  5.52042749e+01 -8.55999541e+01 
 8.14500001e+02  5.50076707e+01 -8.57205013e+01 
 8.33282151e+02  5.48110051e+01 -8.58388697e+01 
 8.52497412e+02  5.46142810e+01 -8.59551183e+01 
 8.72155772e+02  5.44175009e+01 -8.60693042e+01 
 8.92267449e+02  5.42206674e+01 -8.61814845e+01 
 9.12842895e+02  5.40237829e+01 -8.62917149e+01 
 9.33892805e+02  5.38268497e+01 -8.64000506e+01 
 9.55428121e+02  5.36298701e+01 -8.65065457e+01 
 9.77460036e+02  5.34328462e+01 -8.66112535e+01 
 1.00000000e+03  5.32357800e+01 -8.67142266e+01 
 1.02305973e+03  5.30386735e+01 -8.68155169e+01 
 1.04665121e+03  5.28415286e+01 -8.69151752e+01 
 1.07078670e+03  5.26443470e+01 -8.70132521e+01 
 1.09547876e+03  5.24471305e+01 -8.71097969e+01 
 1.12074020e+03  5.22498807e+01 -8.72048587e+01 
 1.14658417e+03  5.20525992e+01 -8.72984855e+01 
 1.17302409e+03  5.18552876e+01 -8.73907250e+01 
 1.20007371e+03  5.16579472e+01 -8.74816239e+01 
 1.22774708e+03  5.14605795e+01 -8.75712285e+01 
 1.25605860e+03  5.12631859e+01 -8.76595846e+01 
 1.28502297e+03  5.10657676e+01 -8.77467372e+01 
 1.31465525e+03  5.08683258e+01 -8.78327307e+01 
 1.34497085e+03  5.06708618e+01 -8.79176091e+01 
 1.37598551e+03  5.04733767e+01 -8.80014159e+01 
 1.40771537e+03  5.02758716e+01 -8.80841940e+01 
 1.44017690e+03  5.00783476e+01 -8.81659858e+01 
 1.47338699e+03  4.98808057e+01 -8.82468333e+01 
 1.50736290e+03  4.96832468e+01 -8.83267779e+01 
 1.54212228e+03  4.94856720e+01 -8.84058609e+01 
 1.57768320e+03  4.92880822e+01 -8.84841228e+01 
 1.61406415e+03  4.90904782e+01 -8.85616039e+01 
 1.65128404e+03  4.88928608e+01 -8.86383442e+01 
 1.68936220e+03  4.86952311e+01 -8.87143833e+01 
 1.72831844e+03  4.84975897e+01 -8.87897603e+01 
 1.76817299e+03  4.82999374e+01 -8.88645141e+01 
 1.80894658e+03  4.81022750e+01 -8.89386834e+01 
 1.85066040e+03  4.79046032e+01 -8.90123065e+01 
 1.89333613e+03  4.77069228e+01 -8.90854214e+01 
 1.93699595e+03  4.75092344e+01 -8.91580661e+01 
 1.98166255e+03  4.73115388e+01 -8.92302781e+01 
 2.02735916e+03  4.71138366e+01 -8.93020948e+01 
 2.07410951e+03  4.69161284e+01 -8.93735535e+01 
 2.12193792e+03  4.67184150e+01 -8.94446912e+01 
 2.17086923e+03  4.65206969e+01 -8.95155449e+01 
 2.22092889e+03  4.63229748e+01 -8.95861514e+01 
 2.27214291e+03  4.61252493e+01 -8.96565473e+01 
 2.32453791e+03  4.59275210e+01 -8.97267692e+01 
 2.37814113e+03  4.57297905e+01 -8.97968537e+01 
 2.43298042e+03  4.55320584e+01 -8.98668372e+01 
 2.48908429e+03  4.53343254e+01 -8.99367563e+01 
 2.54648190e+03  4.51365919e+01 -9.00066473e+01 
 2.60520309e+03  4.49388586e+01 -9.00765466e+01 
 2.66527837e+03  4.47411261e+01 -9.01464909e+01 
 2.72673897e+03  4.45433950e+01 -9.02165165e+01 
 2.78961683e+03  4.43456658e+01 -9.02866601e+01 
 2.85394464e+03  4.41479392e+01 -9.03569583e+01 
 2.91975583e+03  4.39502159e+01 -9.04274480e+01 
 2.98708461e+03  4.37524963e+01 -9.04981660e+01 
 3.05596598e+03  4.35547811e+01 -9.05691493e+01 
 3.12643573e+03  4.33570710e+01 -9.06404353e+01 
 3.19853049e+03  4.31593666e+01 -9.07120614e+01 
 3.27228774e+03  4.29616685e+01 -9.07840650e+01 
 3.34774581e+03  4.27639774e+01 -9.08564842e+01 
 3.42494392e+03  4.25662941e+01 -9.09293570e+01 
 3.50392221e+03  4.23686191e+01 -9.10027217e+01 
 3.58472171e+03  4.21709532e+01 -9.10766172e+01 
 3.66738442e+03  4.19732971e+01 -9.11510823e+01 
 3.75195331e+03  4.17756516e+01 -9.12261564e+01 
 3.83847234e+03  4.15780174e+01 -9.13018793e+01 
 3.92698648e+03  4.13803954e+01 -9.13782910e+01 
 4.01754173e+03  4.11827863e+01 -9.14554320e+01 
 4.11018515e+03  4.09851911e+01 -9.15333434e+01 
 4.20496491e+03  4.07876105e+01 -9.16120664e+01 
 4.30193027e+03  4.05900455e+01 -9.16916431e+01 
 4.40113162e+03  4.03924970e+01 -9.17721158e+01 
 4.50262052e+03  4.01949660e+01 -9.18535276e+01 
 4.60644974e+03  3.99974534e+01 -9.19359219e+01 
 4.71267322e+03  3.97999604e+01 -9.20193430e+01 
 4.82134619e+03  3.96024880e+01 -9.21038356e+01 
 4.93252513e+03  3.94050373e+01 -9.21894451e+01 
 5.04626783e+03  3.92076095e+01 -9.22762176e+01 
 5.16263340e+03  3.90102057e+01 -9.23642000e+01 
 5.28168234e+03  3.88128274e+01 -9.24534399e+01 
 5.40347650e+03  3.86154756e+01 -9.25439857e+01 
 5.52807921e+03  3.84181519e+01 -9.26358865e+01 
 5.65555523e+03  3.82208576e+01 -9.27291925e+01 
 5.78597080e+03  3.80235942e+01 -9.28239546e+01 
 5.91939372e+03  3.78263633e+01 -9.29202247e+01 
 6.05589334e+03  3.76291663e+01 -9.30180556e+01 
 6.19554061e+03  3.74320051e+01 -9.31175012e+01 
 6.33840810e+03  3.72348813e+01 -9.32186165e+01 
 6.48457008e+03  3.70377967e+01 -9.33214574e+01 
 6.63410251e+03  3.68407533e+01 -9.34260812e+01 
 6.78708313e+03  3.66437529e+01 -9.35325461e+01 
 6.94359143e+03  3.64467977e+01 -9.36409119e+01 
 7.10370877e+03  3.62498897e+01 -9.37512392e+01 
 7.26751838e+03  3.60530312e+01 -9.38635904e+01 
 7.43510539e+03  3.58562245e+01 -9.39780292e+01 
 7.60655691e+03  3.56594721e+01 -9.40946204e+01 
 7.78196206e+03  3.54627763e+01 -9.42134308e+01 
 7.96141200e+03  3.52661400e+01 -9.43345285e+01 
 8.14500001e+03  3.50695657e+01 -9.44579833e+01 
 8.33282151e+03  3.48730564e+01 -9.45838667e+01 
 8.52497412e+03  3.46766150e+01 -9.47122519e+01 
 8.72155772e+03  3.44802447e+01 -9.48432142e+01 
 8.92267449e+03  3.42839486e+01 -9.49768306e+01 
 9.12842895e+03  3.40877301e+01 -9.51131800e+01 
 9.33892805e+03  3.38915927e+01 -9.52523439e+01 
 9.55428121e+03  3.36955402e+01 -9.53944054e+01 
 9.77460036e+03  3.34995761e+01 -9.55394503e+01 
 1.00000000e+04  3.33037046e+01 -9.56875665e+01 
 1.02305973e+04  3.31079298e+01 -9.58388445e+01 
 1.04665121e+04  3.29122559e+01 -9.59933775e+01 
 1.07078670e+04  3.27166873e+01 -9.61512613e+01 
 1.09547876e+04  3.25212288e+01 -9.63125944e+01 
 1.12074020e+04  3.23258851e+01 -9.64774785e+01 
 1.14658417e+04  3.21306613e+01 -9.66460181e+01 
 1.17302409e+04  3.19355626e+01 -9.68183211e+01 
 1.20007371e+04  3.17405943e+01 -9.69944988e+01 
 1.22774708e+04  3.15457621e+01 -9.71746660e+01 
 1.25605860e+04  3.13510718e+01 -9.73589412e+01 
 1.28502297e+04  3.11565295e+01 -9.75474466e+01 
 1.31465525e+04  3.09621415e+01 -9.77403086e+01 
 1.34497085e+04  3.07679141e+01 -9.79376579e+01 
 1.37598551e+04  3.05738543e+01 -9.81396294e+01 
 1.40771537e+04  3.03799689e+01 -9.83463628e+01 
 1.44017690e+04  3.01862651e+01 -9.85580028e+01 
 1.47338699e+04  2.99927504e+01 -9.87746990e+01 
 1.50736290e+04  2.97994326e+01 -9.89966065e+01 
 1.54212228e+04  2.96063194e+01 -9.92238859e+01 
 1.57768320e+04  2.94134192e+01 -9.94567039e+01 
 1.61406415e+04  2.92207404e+01 -9.96952331e+01 
 1.65128404e+04  2.90282917e+01 -9.99396531e+01 
 1.68936220e+04  2.88360820e+01 -1.00190150e+02 
 1.72831844e+04  2.86441205e+01 -1.00446917e+02 
 1.76817299e+04  2.84524165e+01 -1.00710155e+02 
 1.80894658e+04  2.82609798e+01 -1.00980073e+02 
 1.85066040e+04  2.80698202e+01 -1.01256889e+02 
 1.89333613e+04  2.78789477e+01 -1.01540828e+02 
 1.93699595e+04  2.76883727e+01 -1.01832125e+02 
 1.98166255e+04  2.74981054e+01 -1.02131026e+02 
 2.02735916e+04  2.73081565e+01 -1.02437785e+02 
 2.07410951e+04  2.71185366e+01 -1.02752670e+02 
 2.12193792e+04  2.69292565e+01 -1.03075956e+02 
 2.17086923e+04  2.67403271e+01 -1.03407934e+02 
 2.22092889e+04  2.65517592e+01 -1.03748904e+02 
 2.27214291e+04  2.63635635e+01 -1.04099182e+02 
 2.32453791e+04  2.61757509e+01 -1.04459096e+02 
 2.37814113e+04  2.59883319e+01 -1.04828989e+02 
 2.43298042e+04  2.58013168e+01 -1.05209220e+02 
 2.48908429e+04  2.56147157e+01 -1.05600163e+02 
 2.54648190e+04  2.54285383e+01 -1.06002209e+02 
 2.60520309e+04  2.52427936e+01 -1.06415766e+02 
 2.66527837e+04  2.50574904e+01 -1.06841262e+02 
 2.72673897e+04  2.48726363e+01 -1.07279144e+02 
 2.78961683e+04  2.46882384e+01 -1.07729878e+02 
 2.85394464e+04  2.45043025e+01 -1.08193951e+02 
 2.91975583e+04  2.43208334e+01 -1.08671873e+02 
 2.98708461e+04  2.41378343e+01 -1.09164177e+02 
 3.05596598e+04  2.39553068e+01 -1.09671420e+02 
 3.12643573e+04  2.37732507e+01 -1.10194183e+02 
 3.19853049e+04  2.35916635e+01 -1.10733073e+02 
 3.27228774e+04  2.34105403e+01 -1.11288722e+02 
 3.34774581e+04  2.32298735e+01 -1.11861793e+02 
 3.42494392e+04  2.30496522e+01 -1.12452974e+02 
 3.50392221e+04  2.28698620e+01 -1.13062983e+02 
 3.58472171e+04  2.26904845e+01 -1.13692566e+02 
 3.66738442e+04  2.25114967e+01 -1.14342500e+02 
 3.75195331e+04  2.23328707e+01 -1.15013593e+02 
 3.83847234e+04  2.21545731e+01 -1.15706680e+02 
 3.92698648e+04  2.19765642e+01 -1.16422627e+02 
 4.01754173e+04  2.17987973e+01 -1.17162330e+02 
 4.11018515e+04  2.16212185e+01 -1.17926712e+02 
 4.20496491e+04  2.14437651e+01 -1.18716724e+02 
 4.30193027e+04  2.12663656e+01 -1.19533341e+02 
 4.40113162e+04  2.10889383e+01 -1.20377560e+02 
 4.50262052e+04  2.09113908e+01 -1.21250399e+02 
 4.60644974e+04  2.07336187e+01 -1.22152891e+02 
 4.71267322e+04  2.05555047e+01 -1.23086080e+02 
 4.82134619e+04  2.03769180e+01 -1.24051013e+02 
 4.93252513e+04  2.01977128e+01 -1.25048738e+02 
 5.04626783e+04  2.00177275e+01 -1.26080294e+02 
 5.16263340e+04  1.98367841e+01 -1.27146697e+02 
 5.28168234e+04  1.96546869e+01 -1.28248938e+02 
 5.40347650e+04  1.94712217e+01 -1.29387965e+02 
 5.52807921e+04  1.92861556e+01 -1.30564670e+02 
 5.65555523e+04  1.90992361e+01 -1.31779875e+02 
 5.78597080e+04  1.89101909e+01 -1.33034317e+02 
 5.91939372e+04  1.87187283e+01 -1.34328625e+02 
 6.05589334e+04  1.85245370e+01 -1.35663306e+02 
 6.19554061e+04  1.83272871e+01 -1.37038721e+02 
 6.33840810e+04  1.81266314e+01 -1.38455063e+02 
 6.48457008e+04  1.79222068e+01 -1.39912338e+02 
 6.63410251e+04  1.77136369e+01 -1.41410341e+02 
 6.78708313e+04  1.75005344e+01 -1.42948635e+02 
 6.94359143e+04  1.72825050e+01 -1.44526530e+02 
 7.10370877e+04  1.70591507e+01 -1.46143068e+02 
 7.26751838e+04  1.68300757e+01 -1.47797004e+02 
 7.43510539e+04  1.65948904e+01 -1.49486800e+02 
 7.60655691e+04  1.63532179e+01 -1.51210613e+02 
 7.78196206e+04  1.61047000e+01 -1.52966300e+02 
 7.96141200e+04  1.58490031e+01 -1.54751418e+02 
 8.14500001e+04  1.55858252e+01 -1.56563241e+02 
 8.33282151e+04  1.53149018e+01 -1.58398778e+02 
 8.52497412e+04  1.50360119e+01 -1.60254797e+02 
 8.72155772e+04  1.47489834e+01 -1.62127864e+02 
 8.92267449e+04  1.44536974e+01 -1.64014377e+02 
 9.12842895e+04  1.41500923e+01 -1.65910613e+02 
 9.33892805e+04  1.38381656e+01 -1.67812781e+02 
 9.55428121e+04  1.35179760e+01 -1.69717065e+02 
 9.77460036e+04  1.31896421e+01 -1.71619684e+02 
 1.00000000e+05  1.28533422e+01 -1.73516935e+02 
 1.02305973e+05  1.25093109e+01 -1.75405251e+02 
 1.04665121e+05  1.21578357e+01 -1.77281239e+02 
 1.07078670e+05  1.17992522e+01 -1.79141720e+02 
 1.09547876e+05  1.14339386e+01 -1.80983766e+02 
 1.12074020e+05  1.10623093e+01 -1.82804719e+02 
 1.14658417e+05  1.06848089e+01 -1.84602218e+02 
 1.17302409e+05  1.03019056e+01 -1.86374206e+02 
 1.20007371e+05  9.91408443e+00 -1.88118935e+02 
 1.22774708e+05  9.52184098e+00 -1.89834965e+02 
 1.25605860e+05  9.12567580e+00 -1.91521159e+02 
 1.28502297e+05  8.72608877e+00 -1.93176665e+02 
 1.31465525e+05  8.32357439e+00 -1.94800906e+02 
 1.34497085e+05  7.91861752e+00 -1.96393559e+02 
 1.37598551e+05  7.51168984e+00 -1.97954532e+02 
 1.40771537e+05  7.10324691e+00 -1.99483944e+02 
 1.44017690e+05  6.69372584e+00 -2.00982100e+02 
 1.47338699e+05  6.28354351e+00 -2.02449469e+02 
 1.50736290e+05  5.87309528e+00 -2.03886660e+02 
 1.54212228e+05  5.46275426e+00 -2.05294401e+02 
 1.57768320e+05  5.05287082e+00 -2.06673520e+02 
 1.61406415e+05  4.64377259e+00 -2.08024922e+02 
 1.65128404e+05  4.23576458e+00 -2.09349574e+02 
 1.68936220e+05  3.82912975e+00 -2.10648489e+02 
 1.72831844e+05  3.42412947e+00 -2.11922709e+02 
 1.76817299e+05  3.02100446e+00 -2.13173296e+02 
 1.80894658e+05  2.61997546e+00 -2.14401318e+02 
 1.85066040e+05  2.22124430e+00 -2.15607838e+02 
 1.89333613e+05  1.82499479e+00 -2.16793911e+02 
 1.93699595e+05  1.43139373e+00 -2.17960570e+02 
 1.98166255e+05  1.04059191e+00 -2.19108826e+02 
 2.02735916e+05  6.52725039e-01 -2.20239658e+02 
 2.07410951e+05  2.67914729e-01 -2.21354014e+02 
 2.12193792e+05 -1.13730611e-01 -2.22452804e+02 
 2.17086923e+05 -4.92114852e-01 -2.23536899e+02 
 2.22092889e+05 -8.67153385e-01 -2.24607133e+02 
 2.27214291e+05 -1.23877231e+00 -2.25664294e+02 
 2.32453791e+05 -1.60690765e+00 -2.26709133e+02 
 2.37814113e+05 -1.97150469e+00 -2.27742355e+02 
 2.43298042e+05 -2.33251736e+00 -2.28764628e+02 
 2.48908429e+05 -2.68990754e+00 -2.29776577e+02 
 2.54648190e+05 -3.04364458e+00 -2.30778787e+02 
 2.60520309e+05 -3.39370471e+00 -2.31771807e+02 
 2.66527837e+05 -3.74007061e+00 -2.32756147e+02 
 2.72673897e+05 -4.08273085e+00 -2.33732284e+02 
 2.78961683e+05 -4.42167956e+00 -2.34700660e+02 
 2.85394464e+05 -4.75691600e+00 -2.35661685e+02 
 2.91975583e+05 -5.08844415e+00 -2.36615741e+02 
 2.98708461e+05 -5.41627241e+00 -2.37563180e+02 
 3.05596598e+05 -5.74041320e+00 -2.38504330e+02 
 3.12643573e+05 -6.06088275e+00 -2.39439492e+02 
 3.19853049e+05 -6.37770069e+00 -2.40368947e+02 
 3.27228774e+05 -6.69088983e+00 -2.41292956e+02 
 3.34774581e+05 -7.00047589e+00 -2.42211760e+02 
 3.42494392e+05 -7.30648721e+00 -2.43125584e+02 
 3.50392221e+05 -7.60895452e+00 -2.44034637e+02 
 3.58472171e+05 -7.90791073e+00 -2.44939115e+02 
 3.66738442e+05 -8.20339066e+00 -2.45839202e+02 
 3.75195331e+05 -8.49543082e+00 -2.46735073e+02 
 3.83847234e+05 -8.78406920e+00 -2.47626890e+02 
 3.92698648e+05 -9.06934510e+00 -2.48514811e+02 
 4.01754173e+05 -9.35129884e+00 -2.49398985e+02 
 4.11018515e+05 -9.62997166e+00 -2.50279556e+02 
 4.20496491e+05 -9.90540547e+00 -2.51156664e+02 
 4.30193027e+05 -1.01776427e+01 -2.52030443e+02 
 4.40113162e+05 -1.04467260e+01 -2.52901028e+02 
 4.50262052e+05 -1.07126983e+01 -2.53768546e+02 
 4.60644974e+05 -1.09756025e+01 -2.54633129e+02 
 4.71267322e+05 -1.12354812e+01 -2.55494901e+02 
 4.82134619e+05 -1.14923767e+01 -2.56353992e+02 
 4.93252513e+05 -1.17463310e+01 -2.57210526e+02 
 5.04626783e+05 -1.19973853e+01 -2.58064631e+02 
 5.16263340e+05 -1.22455799e+01 -2.58916432e+02 
 5.28168234e+05 -1.24909546e+01 -2.59766057e+02 
 5.40347650e+05 -1.27335479e+01 -2.60613632e+02 
 5.52807921e+05 -1.29733973e+01 -2.61459286e+02 
 5.65555523e+05 -1.32105389e+01 -2.62303146e+02 
 5.78597080e+05 -1.34450078e+01 -2.63145341e+02 
 5.91939372e+05 -1.36768373e+01 -2.63985998e+02 
 6.05589334e+05 -1.39060595e+01 -2.64825245e+02 
 6.19554061e+05 -1.41327048e+01 -2.65663211e+02 
 6.33840810e+05 -1.43568021e+01 -2.66500022e+02 
 6.48457008e+05 -1.45783784e+01 -2.67335805e+02 
 6.63410251e+05 -1.47974590e+01 -2.68170683e+02 
 6.78708313e+05 -1.50140676e+01 -2.69004779e+02 
 6.94359143e+05 -1.52282258e+01 -2.69838216e+02 
 7.10370877e+05 -1.54399537e+01 -2.70671109e+02 
 7.26751838e+05 -1.56492692e+01 -2.71503575e+02 
 7.43510539e+05 -1.58561885e+01 -2.72335725e+02 
 7.60655691e+05 -1.60607259e+01 -2.73167666e+02 
 7.78196206e+05 -1.62628938e+01 -2.73999501e+02 
 7.96141200e+05 -1.64627027e+01 -2.74831327e+02 
 8.14500001e+05 -1.66601615e+01 -2.75663238e+02 
 8.33282151e+05 -1.68552770e+01 -2.76495318e+02 
 8.52497412e+05 -1.70480545e+01 -2.77327647e+02 
 8.72155772e+05 -1.72384972e+01 -2.78160298e+02 
 8.92267449e+05 -1.74266071e+01 -2.78993335e+02 
 9.12842895e+05 -1.76123842e+01 -2.79826815e+02 
 9.33892805e+05 -1.77958271e+01 -2.80660785e+02 
 9.55428121e+05 -1.79769331e+01 -2.81495284e+02 
 9.77460036e+05 -1.81556978e+01 -2.82330342e+02 
 1.00000000e+06 -1.83321156e+01 -2.83165978e+02 
 1.02305973e+06 -1.85061798e+01 -2.84002201e+02 
 1.04665121e+06 -1.86778824e+01 -2.84839008e+02 
 1.07078670e+06 -1.88472146e+01 -2.85676389e+02 
 1.09547876e+06 -1.90141664e+01 -2.86514317e+02 
 1.12074020e+06 -1.91787274e+01 -2.87352759e+02 
 1.14658417e+06 -1.93408861e+01 -2.88191666e+02 
 1.17302409e+06 -1.95006308e+01 -2.89030980e+02 
 1.20007371e+06 -1.96579490e+01 -2.89870629e+02 
 1.22774708e+06 -1.98128284e+01 -2.90710529e+02 
 1.25605860e+06 -1.99652560e+01 -2.91550586e+02 
 1.28502297e+06 -2.01152191e+01 -2.92390691e+02 
 1.31465525e+06 -2.02627051e+01 -2.93230725e+02 
 1.34497085e+06 -2.04077014e+01 -2.94070558e+02 
 1.37598551e+06 -2.05501960e+01 -2.94910045e+02 
 1.40771537e+06 -2.06901771e+01 -2.95749034e+02 
 1.44017690e+06 -2.08276339e+01 -2.96587358e+02 
 1.47338699e+06 -2.09625561e+01 -2.97424843e+02 
 1.50736290e+06 -2.10949344e+01 -2.98261302e+02 
 1.54212228e+06 -2.12247603e+01 -2.99096540e+02 
 1.57768320e+06 -2.13520266e+01 -2.99930353e+02 
 1.61406415e+06 -2.14767274e+01 -3.00762528e+02 
 1.65128404e+06 -2.15988579e+01 -3.01592844e+02 
 1.68936220e+06 -2.17184148e+01 -3.02421074e+02 
 1.72831844e+06 -2.18353964e+01 -3.03246985e+02 
 1.76817299e+06 -2.19498026e+01 -3.04070336e+02 
 1.80894658e+06 -2.20616348e+01 -3.04890884e+02 
 1.85066040e+06 -2.21708964e+01 -3.05708382e+02 
 1.89333613e+06 -2.22775924e+01 -3.06522579e+02 
 1.93699595e+06 -2.23817297e+01 -3.07333222e+02 
 1.98166255e+06 -2.24833171e+01 -3.08140057e+02 
 2.02735916e+06 -2.25823653e+01 -3.08942831e+02 
 2.07410951e+06 -2.26788870e+01 -3.09741290e+02 
 2.12193792e+06 -2.27728967e+01 -3.10535183e+02 
 2.17086923e+06 -2.28644110e+01 -3.11324259e+02 
 2.22092889e+06 -2.29534483e+01 -3.12108274e+02 
 2.27214291e+06 -2.30400290e+01 -3.12886985e+02 
 2.32453791e+06 -2.31241753e+01 -3.13660155e+02 
 2.37814113e+06 -2.32059113e+01 -3.14427554e+02 
 2.43298042e+06 -2.32852630e+01 -3.15188955e+02 
 2.48908429e+06 -2.33622580e+01 -3.15944142e+02 
 2.54648190e+06 -2.34369257e+01 -3.16692904e+02 
 2.60520309e+06 -2.35092970e+01 -3.17435040e+02 
 2.66527837e+06 -2.35794047e+01 -3.18170355e+02 
 2.72673897e+06 -2.36472826e+01 -3.18898667e+02 
 2.78961683e+06 -2.37129664e+01 -3.19619800e+02 
 2.85394464e+06 -2.37764928e+01 -3.20333591e+02 
 2.91975583e+06 -2.38378998e+01 -3.21039886e+02 
 2.98708461e+06 -2.38972267e+01 -3.21738539e+02 
 3.05596598e+06 -2.39545139e+01 -3.22429418e+02 
 3.12643573e+06 -2.40098024e+01 -3.23112401e+02 
 3.19853049e+06 -2.40631345e+01 -3.23787375e+02 
 3.27228774e+06 -2.41145531e+01 -3.24454238e+02 
 3.34774581e+06 -2.41641017e+01 -3.25112901e+02 
 3.42494392e+06 -2.42118246e+01 -3.25763282e+02 
 3.50392221e+06 -2.42577665e+01 -3.26405311e+02 
 3.58472171e+06 -2.43019724e+01 -3.27038928e+02 
 3.66738442e+06 -2.43444878e+01 -3.27664083e+02 
 3.75195331e+06 -2.43853584e+01 -3.28280734e+02 
 3.83847234e+06 -2.44246298e+01 -3.28888850e+02 
 3.92698648e+06 -2.44623479e+01 -3.29488409e+02 
 4.01754173e+06 -2.44985586e+01 -3.30079394e+02 
 4.11018515e+06 -2.45333073e+01 -3.30661801e+02 
 4.20496491e+06 -2.45666397e+01 -3.31235630e+02 
 4.30193027e+06 -2.45986009e+01 -3.31800890e+02 
 4.40113162e+06 -2.46292358e+01 -3.32357596e+02 
 4.50262052e+06 -2.46585886e+01 -3.32905770e+02 
 4.60644974e+06 -2.46867035e+01 -3.33445441e+02 
 4.71267322e+06 -2.47136238e+01 -3.33976642e+02 
 4.82134619e+06 -2.47393923e+01 -3.34499412e+02 
 4.93252513e+06 -2.47640510e+01 -3.35013795e+02 
 5.04626783e+06 -2.47876415e+01 -3.35519839e+02 
 5.16263340e+06 -2.48102042e+01 -3.36017597e+02 
 5.28168234e+06 -2.48317792e+01 -3.36507125e+02 
 5.40347650e+06 -2.48524053e+01 -3.36988483e+02 
 5.52807921e+06 -2.48721208e+01 -3.37461734e+02 
 5.65555523e+06 -2.48909627e+01 -3.37926944e+02 
 5.78597080e+06 -2.49089674e+01 -3.38384181e+02 
 5.91939372e+06 -2.49261701e+01 -3.38833517e+02 
 6.05589334e+06 -2.49426051e+01 -3.39275025e+02 
 6.19554061e+06 -2.49583058e+01 -3.39708780e+02 
 6.33840810e+06 -2.49733044e+01 -3.40134858e+02 
 6.48457008e+06 -2.49876323e+01 -3.40553338e+02 
 6.63410251e+06 -2.50013196e+01 -3.40964300e+02 
 6.78708313e+06 -2.50143955e+01 -3.41367823e+02 
 6.94359143e+06 -2.50268883e+01 -3.41763992e+02 
 7.10370877e+06 -2.50388250e+01 -3.42152887e+02 
 7.26751838e+06 -2.50502318e+01 -3.42534593e+02 
 7.43510539e+06 -2.50611339e+01 -3.42909194e+02 
 7.60655691e+06 -2.50715553e+01 -3.43276776e+02 
 7.78196206e+06 -2.50815192e+01 -3.43637423e+02 
 7.96141200e+06 -2.50910476e+01 -3.43991223e+02 
 8.14500001e+06 -2.51001620e+01 -3.44338261e+02 
 8.33282151e+06 -2.51088824e+01 -3.44678624e+02 
 8.52497412e+06 -2.51172283e+01 -3.45012399e+02 
 8.72155772e+06 -2.51252182e+01 -3.45339674e+02 
 8.92267449e+06 -2.51328696e+01 -3.45660536e+02 
 9.12842895e+06 -2.51401993e+01 -3.45975071e+02 
 9.33892805e+06 -2.51472233e+01 -3.46283369e+02 
 9.55428121e+06 -2.51539567e+01 -3.46585516e+02 
 9.77460036e+06 -2.51604139e+01 -3.46881599e+02 
 1.00000000e+07 -2.51666085e+01 -3.47171707e+02 
 1.02305973e+07 -2.51725534e+01 -3.47455928e+02 
 1.04665121e+07 -2.51782610e+01 -3.47734347e+02 
 1.07078670e+07 -2.51837427e+01 -3.48007053e+02 
 1.09547876e+07 -2.51890095e+01 -3.48274132e+02 
 1.12074020e+07 -2.51940717e+01 -3.48535672e+02 
 1.14658417e+07 -2.51989391e+01 -3.48791758e+02 
 1.17302409e+07 -2.52036209e+01 -3.49042478e+02 
 1.20007371e+07 -2.52081257e+01 -3.49287918e+02 
 1.22774708e+07 -2.52124617e+01 -3.49528163e+02 
 1.25605860e+07 -2.52166366e+01 -3.49763299e+02 
 1.28502297e+07 -2.52206576e+01 -3.49993412e+02 
 1.31465525e+07 -2.52245314e+01 -3.50218585e+02 
 1.34497085e+07 -2.52282644e+01 -3.50438904e+02 
 1.37598551e+07 -2.52318627e+01 -3.50654453e+02 
 1.40771537e+07 -2.52353318e+01 -3.50865315e+02 
 1.44017690e+07 -2.52386770e+01 -3.51071573e+02 
 1.47338699e+07 -2.52419033e+01 -3.51273311e+02 
 1.50736290e+07 -2.52450153e+01 -3.51470610e+02 
 1.54212228e+07 -2.52480175e+01 -3.51663553e+02 
 1.57768320e+07 -2.52509138e+01 -3.51852220e+02 
 1.61406415e+07 -2.52537083e+01 -3.52036692e+02 
 1.65128404e+07 -2.52564044e+01 -3.52217048e+02 
 1.68936220e+07 -2.52590057e+01 -3.52393370e+02 
 1.72831844e+07 -2.52615153e+01 -3.52565734e+02 
 1.76817299e+07 -2.52639364e+01 -3.52734219e+02 
 1.80894658e+07 -2.52662717e+01 -3.52898903e+02 
 1.85066040e+07 -2.52685241e+01 -3.53059862e+02 
 1.89333613e+07 -2.52706960e+01 -3.53217172e+02 
 1.93699595e+07 -2.52727900e+01 -3.53370907e+02 
 1.98166255e+07 -2.52748083e+01 -3.53521143e+02 
 2.02735916e+07 -2.52767533e+01 -3.53667952e+02 
 2.07410951e+07 -2.52786271e+01 -3.53811406e+02 
 2.12193792e+07 -2.52804316e+01 -3.53951579e+02 
 2.17086923e+07 -2.52821689e+01 -3.54088539e+02 
 2.22092889e+07 -2.52838409e+01 -3.54222358e+02 
 2.27214291e+07 -2.52854493e+01 -3.54353103e+02 
 2.32453791e+07 -2.52869960e+01 -3.54480843e+02 
 2.37814113e+07 -2.52884827e+01 -3.54605645e+02 
 2.43298042e+07 -2.52899110e+01 -3.54727573e+02 
 2.48908429e+07 -2.52912826e+01 -3.54846694e+02 
 2.54648190e+07 -2.52925990e+01 -3.54963070e+02 
 2.60520309e+07 -2.52938619e+01 -3.55076764e+02 
 2.66527837e+07 -2.52950727e+01 -3.55187838e+02 
 2.72673897e+07 -2.52962329e+01 -3.55296352e+02 
 2.78961683e+07 -2.52973440e+01 -3.55402366e+02 
 2.85394464e+07 -2.52984074e+01 -3.55505938e+02 
 2.91975583e+07 -2.52994246e+01 -3.55607124e+02 
 2.98708461e+07 -2.53003969e+01 -3.55705982e+02 
 3.05596598e+07 -2.53013258e+01 -3.55802565e+02 
 3.12643573e+07 -2.53022125e+01 -3.55896929e+02 
 3.19853049e+07 -2.53030585e+01 -3.55989124e+02 
 3.27228774e+07 -2.53038650e+01 -3.56079204e+02 
 3.34774581e+07 -2.53046333e+01 -3.56167218e+02 
 3.42494392e+07 -2.53053648e+01 -3.56253215e+02 
 3.50392221e+07 -2.53060607e+01 -3.56337244e+02 
 3.58472171e+07 -2.53067223e+01 -3.56419353e+02 
 3.66738442e+07 -2.53073507e+01 -3.56499586e+02 
 3.75195331e+07 -2.53079472e+01 -3.56577989e+02 
 3.83847234e+07 -2.53085131e+01 -3.56654607e+02 
 3.92698648e+07 -2.53090494e+01 -3.56729481e+02 
 4.01754173e+07 -2.53095573e+01 -3.56802653e+02 
 4.11018515e+07 -2.53100379e+01 -3.56874165e+02 
 4.20496491e+07 -2.53104925e+01 -3.56944055e+02 
 4.30193027e+07 -2.53109220e+01 -3.57012364e+02 
 4.40113162e+07 -2.53113275e+01 -3.57079128e+02 
 4.50262052e+07 -2.53117100e+01 -3.57144384e+02 
 4.60644974e+07 -2.53120707e+01 -3.57208169e+02 
 4.71267322e+07 -2.53124104e+01 -3.57270517e+02 
 4.82134619e+07 -2.53127301e+01 -3.57331462e+02 
 4.93252513e+07 -2.53130309e+01 -3.57391038e+02 
 5.04626783e+07 -2.53133135e+01 -3.57449276e+02 
 5.16263340e+07 -2.53135788e+01 -3.57506208e+02 
 5.28168234e+07 -2.53138279e+01 -3.57561865e+02 
 5.40347650e+07 -2.53140613e+01 -3.57616277e+02 
 5.52807921e+07 -2.53142801e+01 -3.57669472e+02 
 5.65555523e+07 -2.53144849e+01 -3.57721479e+02 
 5.78597080e+07 -2.53146764e+01 -3.57772325e+02 
 5.91939372e+07 -2.53148555e+01 -3.57822038e+02 
 6.05589334e+07 -2.53150228e+01 -3.57870643e+02 
 6.19554061e+07 -2.53151790e+01 -3.57918165e+02 
 6.33840810e+07 -2.53153246e+01 -3.57964630e+02 
 6.48457008e+07 -2.53154604e+01 -3.58010062e+02 
 6.63410251e+07 -2.53155869e+01 -3.58054483e+02 
 6.78708313e+07 -2.53157046e+01 -3.58097918e+02 
 6.94359143e+07 -2.53158141e+01 -3.58140388e+02 
 7.10370877e+07 -2.53159159e+01 -3.58181915e+02 
 7.26751838e+07 -2.53160104e+01 -3.58222521e+02 
 7.43510539e+07 -2.53160982e+01 -3.58262225e+02 
 7.60655691e+07 -2.53161797e+01 -3.58301049e+02 
 7.78196206e+07 -2.53162552e+01 -3.58339011e+02 
 7.96141200e+07 -2.53163252e+01 -3.58376132e+02 
 8.14500001e+07 -2.53163900e+01 -3.58412429e+02 
 8.33282151e+07 -2.53164500e+01 -3.58447922e+02 
 8.52497412e+07 -2.53165055e+01 -3.58482627e+02 
 8.72155772e+07 -2.53165568e+01 -3.58516563e+02 
 8.92267449e+07 -2.53166042e+01 -3.58549746e+02 
 9.12842895e+07 -2.53166479e+01 -3.58582193e+02 
 9.33892805e+07 -2.53166883e+01 -3.58613920e+02 
 9.55428121e+07 -2.53167256e+01 -3.58644943e+02 
 9.77460036e+07 -2.53167599e+01 -3.58675278e+02 
 1.00000000e+08 -2.53167916e+01 -3.58704939e+02 
 1.02305973e+08 -2.53168207e+01 -3.58733942e+02 
 1.04665121e+08 -2.53168476e+01 -3.58762301e+02 
 1.07078670e+08 -2.53168723e+01 -3.58790030e+02 
 1.09547876e+08 -2.53168950e+01 -3.58817143e+02 
 1.12074020e+08 -2.53169159e+01 -3.58843653e+02 
 1.14658417e+08 -2.53169351e+01 -3.58869574e+02 
 1.17302409e+08 -2.53169527e+01 -3.58894919e+02 
 1.20007371e+08 -2.53169689e+01 -3.58919700e+02 
 1.22774708e+08 -2.53169837e+01 -3.58943929e+02 
 1.25605860e+08 -2.53169973e+01 -3.58967619e+02 
 1.28502297e+08 -2.53170098e+01 -3.58990782e+02 
 1.31465525e+08 -2.53170212e+01 -3.59013429e+02 
 1.34497085e+08 -2.53170317e+01 -3.59035571e+02 
 1.37598551e+08 -2.53170413e+01 -3.59057219e+02 
 1.40771537e+08 -2.53170501e+01 -3.59078385e+02 
 1.44017690e+08 -2.53170581e+01 -3.59099079e+02 
 1.47338699e+08 -2.53170655e+01 -3.59119312e+02 
 1.50736290e+08 -2.53170722e+01 -3.59139093e+02 
 1.54212228e+08 -2.53170783e+01 -3.59158432e+02 
 1.57768320e+08 -2.53170839e+01 -3.59177339e+02 
 1.61406415e+08 -2.53170890e+01 -3.59195825e+02 
 1.65128404e+08 -2.53170937e+01 -3.59213897e+02 
 1.68936220e+08 -2.53170979e+01 -3.59231565e+02 
 1.72831844e+08 -2.53171018e+01 -3.59248839e+02 
 1.76817299e+08 -2.53171054e+01 -3.59265726e+02 
 1.80894658e+08 -2.53171086e+01 -3.59282235e+02 
 1.85066040e+08 -2.53171115e+01 -3.59298375e+02 
 1.89333613e+08 -2.53171142e+01 -3.59314154e+02 
 1.93699595e+08 -2.53171166e+01 -3.59329580e+02 
 1.98166255e+08 -2.53171188e+01 -3.59344660e+02 
 2.02735916e+08 -2.53171208e+01 -3.59359402e+02 
 2.07410951e+08 -2.53171226e+01 -3.59373815e+02 
 2.12193792e+08 -2.53171243e+01 -3.59387904e+02 
 2.17086923e+08 -2.53171258e+01 -3.59401678e+02 
 2.22092889e+08 -2.53171271e+01 -3.59415143e+02 
 2.27214291e+08 -2.53171284e+01 -3.59428306e+02 
 2.32453791e+08 -2.53171295e+01 -3.59441174e+02 
 2.37814113e+08 -2.53171305e+01 -3.59453754e+02 
 2.43298042e+08 -2.53171314e+01 -3.59466051e+02 
 2.48908429e+08 -2.53171322e+01 -3.59478072e+02 
 2.54648190e+08 -2.53171329e+01 -3.59489824e+02 
 2.60520309e+08 -2.53171336e+01 -3.59501312e+02 
 2.66527837e+08 -2.53171342e+01 -3.59512542e+02 
 2.72673897e+08 -2.53171347e+01 -3.59523520e+02 
 2.78961683e+08 -2.53171352e+01 -3.59534252e+02 
 2.85394464e+08 -2.53171357e+01 -3.59544743e+02 
 2.91975583e+08 -2.53171360e+01 -3.59554998e+02 
 2.98708461e+08 -2.53171364e+01 -3.59565023e+02 
 3.05596598e+08 -2.53171367e+01 -3.59574822e+02 
 3.12643573e+08 -2.53171370e+01 -3.59584402e+02 
 3.19853049e+08 -2.53171372e+01 -3.59593766e+02 
 3.27228774e+08 -2.53171374e+01 -3.59602920e+02 
 3.34774581e+08 -2.53171376e+01 -3.59611868e+02 
 3.42494392e+08 -2.53171378e+01 -3.59620615e+02 
 3.50392221e+08 -2.53171380e+01 -3.59629166e+02 
 3.58472171e+08 -2.53171381e+01 -3.59637524e+02 
 3.66738442e+08 -2.53171382e+01 -3.59645695e+02 
 3.75195331e+08 -2.53171383e+01 -3.59653682e+02 
 3.83847234e+08 -2.53171384e+01 -3.59661489e+02 
 3.92698648e+08 -2.53171385e+01 -3.59669121e+02 
 4.01754173e+08 -2.53171385e+01 -3.59676582e+02 
 4.11018515e+08 -2.53171386e+01 -3.59683874e+02 
 4.20496491e+08 -2.53171386e+01 -3.59691003e+02 
 4.30193027e+08 -2.53171387e+01 -3.59697971e+02 
 4.40113162e+08 -2.53171387e+01 -3.59704783e+02 
 4.50262052e+08 -2.53171387e+01 -3.59711442e+02 
 4.60644974e+08 -2.53171387e+01 -3.59717951e+02 
 4.71267322e+08 -2.53171388e+01 -3.59724313e+02 
 4.82134619e+08 -2.53171388e+01 -3.59730533e+02 
 4.93252513e+08 -2.53171388e+01 -3.59736613e+02 
 5.04626783e+08 -2.53171388e+01 -3.59742556e+02 
 5.16263340e+08 -2.53171388e+01 -3.59748365e+02 
 5.28168234e+08 -2.53171388e+01 -3.59754044e+02 
 5.40347650e+08 -2.53171388e+01 -3.59759595e+02 
 5.52807921e+08 -2.53171388e+01 -3.59765022e+02 
 5.65555523e+08 -2.53171388e+01 -3.59770326e+02 
 5.78597080e+08 -2.53171388e+01 -3.59775511e+02 
 5.91939372e+08 -2.53171387e+01 -3.59780580e+02 
 6.05589334e+08 -2.53171387e+01 -3.59785535e+02 
 6.19554061e+08 -2.53171387e+01 -3.59790378e+02 
 6.33840810e+08 -2.53171387e+01 -3.59795112e+02 
 6.48457008e+08 -2.53171387e+01 -3.59799741e+02 
 6.63410251e+08 -2.53171387e+01 -3.59804265e+02 
 6.78708313e+08 -2.53171387e+01 -3.59808687e+02 
 6.94359143e+08 -2.53171386e+01 -3.59813010e+02 
 7.10370877e+08 -2.53171386e+01 -3.59817236e+02 
 7.26751838e+08 -2.53171386e+01 -3.59821367e+02 
 7.43510539e+08 -2.53171386e+01 -3.59825406e+02 
 7.60655691e+08 -2.53171386e+01 -3.59829353e+02 
 7.78196206e+08 -2.53171386e+01 -3.59833212e+02 
 7.96141200e+08 -2.53171386e+01 -3.59836985e+02 
 8.14500001e+08 -2.53171385e+01 -3.59840672e+02 
 8.33282151e+08 -2.53171385e+01 -3.59844277e+02 
 8.52497412e+08 -2.53171385e+01 -3.59847801e+02 
 8.72155772e+08 -2.53171385e+01 -3.59851246e+02 
 8.92267449e+08 -2.53171385e+01 -3.59854614e+02 
 9.12842895e+08 -2.53171385e+01 -3.59857906e+02 
 9.33892805e+08 -2.53171385e+01 -3.59861124e+02 
 9.55428121e+08 -2.53171385e+01 -3.59864271e+02 
 9.77460036e+08 -2.53171384e+01 -3.59867346e+02 
 1.00000000e+09 -2.53171384e+01 -3.59870353e+02 
