 frequency       v(PSRR_dB)     
 1.00000000e-01  6.59460195e+01 
 1.02305973e-01  6.59460195e+01 
 1.04665121e-01  6.59460195e+01 
 1.07078670e-01  6.59460195e+01 
 1.09547876e-01  6.59460194e+01 
 1.12074020e-01  6.59460194e+01 
 1.14658417e-01  6.59460194e+01 
 1.17302409e-01  6.59460194e+01 
 1.20007371e-01  6.59460194e+01 
 1.22774708e-01  6.59460193e+01 
 1.25605860e-01  6.59460193e+01 
 1.28502297e-01  6.59460193e+01 
 1.31465525e-01  6.59460192e+01 
 1.34497085e-01  6.59460192e+01 
 1.37598551e-01  6.59460192e+01 
 1.40771537e-01  6.59460192e+01 
 1.44017690e-01  6.59460191e+01 
 1.47338699e-01  6.59460191e+01 
 1.50736290e-01  6.59460191e+01 
 1.54212228e-01  6.59460190e+01 
 1.57768320e-01  6.59460190e+01 
 1.61406415e-01  6.59460189e+01 
 1.65128404e-01  6.59460189e+01 
 1.68936220e-01  6.59460188e+01 
 1.72831844e-01  6.59460188e+01 
 1.76817299e-01  6.59460187e+01 
 1.80894658e-01  6.59460187e+01 
 1.85066040e-01  6.59460186e+01 
 1.89333613e-01  6.59460186e+01 
 1.93699595e-01  6.59460185e+01 
 1.98166255e-01  6.59460185e+01 
 2.02735916e-01  6.59460184e+01 
 2.07410951e-01  6.59460183e+01 
 2.12193792e-01  6.59460182e+01 
 2.17086923e-01  6.59460182e+01 
 2.22092889e-01  6.59460181e+01 
 2.27214291e-01  6.59460180e+01 
 2.32453791e-01  6.59460179e+01 
 2.37814113e-01  6.59460178e+01 
 2.43298042e-01  6.59460177e+01 
 2.48908429e-01  6.59460176e+01 
 2.54648190e-01  6.59460175e+01 
 2.60520309e-01  6.59460174e+01 
 2.66527837e-01  6.59460173e+01 
 2.72673897e-01  6.59460172e+01 
 2.78961683e-01  6.59460171e+01 
 2.85394464e-01  6.59460169e+01 
 2.91975583e-01  6.59460168e+01 
 2.98708461e-01  6.59460166e+01 
 3.05596598e-01  6.59460165e+01 
 3.12643573e-01  6.59460163e+01 
 3.19853049e-01  6.59460162e+01 
 3.27228774e-01  6.59460160e+01 
 3.34774581e-01  6.59460158e+01 
 3.42494392e-01  6.59460156e+01 
 3.50392221e-01  6.59460154e+01 
 3.58472171e-01  6.59460152e+01 
 3.66738442e-01  6.59460150e+01 
 3.75195331e-01  6.59460148e+01 
 3.83847234e-01  6.59460145e+01 
 3.92698648e-01  6.59460143e+01 
 4.01754173e-01  6.59460140e+01 
 4.11018515e-01  6.59460138e+01 
 4.20496491e-01  6.59460135e+01 
 4.30193027e-01  6.59460132e+01 
 4.40113162e-01  6.59460129e+01 
 4.50262052e-01  6.59460125e+01 
 4.60644974e-01  6.59460122e+01 
 4.71267322e-01  6.59460118e+01 
 4.82134619e-01  6.59460115e+01 
 4.93252513e-01  6.59460111e+01 
 5.04626783e-01  6.59460107e+01 
 5.16263340e-01  6.59460102e+01 
 5.28168234e-01  6.59460098e+01 
 5.40347650e-01  6.59460093e+01 
 5.52807921e-01  6.59460088e+01 
 5.65555523e-01  6.59460083e+01 
 5.78597080e-01  6.59460078e+01 
 5.91939372e-01  6.59460072e+01 
 6.05589334e-01  6.59460066e+01 
 6.19554061e-01  6.59460060e+01 
 6.33840810e-01  6.59460054e+01 
 6.48457008e-01  6.59460047e+01 
 6.63410251e-01  6.59460040e+01 
 6.78708313e-01  6.59460032e+01 
 6.94359143e-01  6.59460025e+01 
 7.10370877e-01  6.59460016e+01 
 7.26751838e-01  6.59460008e+01 
 7.43510539e-01  6.59459999e+01 
 7.60655691e-01  6.59459990e+01 
 7.78196206e-01  6.59459980e+01 
 7.96141200e-01  6.59459970e+01 
 8.14500001e-01  6.59459959e+01 
 8.33282151e-01  6.59459948e+01 
 8.52497412e-01  6.59459936e+01 
 8.72155772e-01  6.59459924e+01 
 8.92267449e-01  6.59459911e+01 
 9.12842895e-01  6.59459898e+01 
 9.33892805e-01  6.59459884e+01 
 9.55428121e-01  6.59459869e+01 
 9.77460036e-01  6.59459854e+01 
 1.00000000e+00  6.59459837e+01 
 1.02305973e+00  6.59459821e+01 
 1.04665121e+00  6.59459803e+01 
 1.07078670e+00  6.59459785e+01 
 1.09547876e+00  6.59459765e+01 
 1.12074020e+00  6.59459745e+01 
 1.14658417e+00  6.59459724e+01 
 1.17302409e+00  6.59459702e+01 
 1.20007371e+00  6.59459678e+01 
 1.22774708e+00  6.59459654e+01 
 1.25605860e+00  6.59459629e+01 
 1.28502297e+00  6.59459602e+01 
 1.31465525e+00  6.59459574e+01 
 1.34497085e+00  6.59459545e+01 
 1.37598551e+00  6.59459515e+01 
 1.40771537e+00  6.59459483e+01 
 1.44017690e+00  6.59459449e+01 
 1.47338699e+00  6.59459415e+01 
 1.50736290e+00  6.59459378e+01 
 1.54212228e+00  6.59459340e+01 
 1.57768320e+00  6.59459300e+01 
 1.61406415e+00  6.59459258e+01 
 1.65128404e+00  6.59459214e+01 
 1.68936220e+00  6.59459168e+01 
 1.72831844e+00  6.59459120e+01 
 1.76817299e+00  6.59459069e+01 
 1.80894658e+00  6.59459017e+01 
 1.85066040e+00  6.59458961e+01 
 1.89333613e+00  6.59458904e+01 
 1.93699595e+00  6.59458843e+01 
 1.98166255e+00  6.59458780e+01 
 2.02735916e+00  6.59458714e+01 
 2.07410951e+00  6.59458645e+01 
 2.12193792e+00  6.59458572e+01 
 2.17086923e+00  6.59458496e+01 
 2.22092889e+00  6.59458417e+01 
 2.27214291e+00  6.59458334e+01 
 2.32453791e+00  6.59458247e+01 
 2.37814113e+00  6.59458156e+01 
 2.43298042e+00  6.59458060e+01 
 2.48908429e+00  6.59457961e+01 
 2.54648190e+00  6.59457856e+01 
 2.60520309e+00  6.59457747e+01 
 2.66527837e+00  6.59457633e+01 
 2.72673897e+00  6.59457513e+01 
 2.78961683e+00  6.59457388e+01 
 2.85394464e+00  6.59457256e+01 
 2.91975583e+00  6.59457119e+01 
 2.98708461e+00  6.59456976e+01 
 3.05596598e+00  6.59456825e+01 
 3.12643573e+00  6.59456668e+01 
 3.19853049e+00  6.59456503e+01 
 3.27228774e+00  6.59456331e+01 
 3.34774581e+00  6.59456150e+01 
 3.42494392e+00  6.59455961e+01 
 3.50392221e+00  6.59455764e+01 
 3.58472171e+00  6.59455557e+01 
 3.66738442e+00  6.59455340e+01 
 3.75195331e+00  6.59455114e+01 
 3.83847234e+00  6.59454877e+01 
 3.92698648e+00  6.59454628e+01 
 4.01754173e+00  6.59454368e+01 
 4.11018515e+00  6.59454096e+01 
 4.20496491e+00  6.59453812e+01 
 4.30193027e+00  6.59453514e+01 
 4.40113162e+00  6.59453202e+01 
 4.50262052e+00  6.59452876e+01 
 4.60644974e+00  6.59452534e+01 
 4.71267322e+00  6.59452177e+01 
 4.82134619e+00  6.59451802e+01 
 4.93252513e+00  6.59451411e+01 
 5.04626783e+00  6.59451001e+01 
 5.16263340e+00  6.59450572e+01 
 5.28168234e+00  6.59450123e+01 
 5.40347650e+00  6.59449653e+01 
 5.52807921e+00  6.59449161e+01 
 5.65555523e+00  6.59448646e+01 
 5.78597080e+00  6.59448107e+01 
 5.91939372e+00  6.59447543e+01 
 6.05589334e+00  6.59446953e+01 
 6.19554061e+00  6.59446335e+01 
 6.33840810e+00  6.59445688e+01 
 6.48457008e+00  6.59445011e+01 
 6.63410251e+00  6.59444303e+01 
 6.78708313e+00  6.59443562e+01 
 6.94359143e+00  6.59442786e+01 
 7.10370877e+00  6.59441974e+01 
 7.26751838e+00  6.59441124e+01 
 7.43510539e+00  6.59440234e+01 
 7.60655691e+00  6.59439303e+01 
 7.78196206e+00  6.59438332e+01 
 7.96141200e+00  6.59437312e+01 
 8.14500001e+00  6.59436244e+01 
 8.33282151e+00  6.59435127e+01 
 8.52497412e+00  6.59433958e+01 
 8.72155772e+00  6.59432734e+01 
 8.92267449e+00  6.59431453e+01 
 9.12842895e+00  6.59430112e+01 
 9.33892805e+00  6.59428709e+01 
 9.55428121e+00  6.59427240e+01 
 9.77460036e+00  6.59425703e+01 
 1.00000000e+01  6.59424095e+01 
 1.02305973e+01  6.59422411e+01 
 1.04665121e+01  6.59420649e+01 
 1.07078670e+01  6.59418805e+01 
 1.09547876e+01  6.59416875e+01 
 1.12074020e+01  6.59414855e+01 
 1.14658417e+01  6.59412740e+01 
 1.17302409e+01  6.59410528e+01 
 1.20007371e+01  6.59408212e+01 
 1.22774708e+01  6.59405788e+01 
 1.25605860e+01  6.59403251e+01 
 1.28502297e+01  6.59400597e+01 
 1.31465525e+01  6.59397818e+01 
 1.34497085e+01  6.59394910e+01 
 1.37598551e+01  6.59391867e+01 
 1.40771537e+01  6.59388682e+01 
 1.44017690e+01  6.59385349e+01 
 1.47338699e+01  6.59381861e+01 
 1.50736290e+01  6.59378210e+01 
 1.54212228e+01  6.59374394e+01 
 1.57768320e+01  6.59370395e+01 
 1.61406415e+01  6.59366210e+01 
 1.65128404e+01  6.59361831e+01 
 1.68936220e+01  6.59357250e+01 
 1.72831844e+01  6.59352453e+01 
 1.76817299e+01  6.59347434e+01 
 1.80894658e+01  6.59342181e+01 
 1.85066040e+01  6.59336683e+01 
 1.89333613e+01  6.59330931e+01 
 1.93699595e+01  6.59324910e+01 
 1.98166255e+01  6.59318610e+01 
 2.02735916e+01  6.59312017e+01 
 2.07410951e+01  6.59305121e+01 
 2.12193792e+01  6.59297902e+01 
 2.17086923e+01  6.59290346e+01 
 2.22092889e+01  6.59282440e+01 
 2.27214291e+01  6.59274167e+01 
 2.32453791e+01  6.59265510e+01 
 2.37814113e+01  6.59256451e+01 
 2.43298042e+01  6.59246975e+01 
 2.48908429e+01  6.59237057e+01 
 2.54648190e+01  6.59226678e+01 
 2.60520309e+01  6.59215818e+01 
 2.66527837e+01  6.59204454e+01 
 2.72673897e+01  6.59192564e+01 
 2.78961683e+01  6.59180126e+01 
 2.85394464e+01  6.59167110e+01 
 2.91975583e+01  6.59153490e+01 
 2.98708461e+01  6.59139241e+01 
 3.05596598e+01  6.59124333e+01 
 3.12643573e+01  6.59108739e+01 
 3.19853049e+01  6.59092420e+01 
 3.27228774e+01  6.59075348e+01 
 3.34774581e+01  6.59057487e+01 
 3.42494392e+01  6.59038808e+01 
 3.50392221e+01  6.59019262e+01 
 3.58472171e+01  6.58998814e+01 
 3.66738442e+01  6.58977428e+01 
 3.75195331e+01  6.58955053e+01 
 3.83847234e+01  6.58931648e+01 
 3.92698648e+01  6.58907174e+01 
 4.01754173e+01  6.58881567e+01 
 4.11018515e+01  6.58854787e+01 
 4.20496491e+01  6.58826775e+01 
 4.30193027e+01  6.58797477e+01 
 4.40113162e+01  6.58766843e+01 
 4.50262052e+01  6.58734800e+01 
 4.60644974e+01  6.58701294e+01 
 4.71267322e+01  6.58666254e+01 
 4.82134619e+01  6.58629616e+01 
 4.93252513e+01  6.58591307e+01 
 5.04626783e+01  6.58551249e+01 
 5.16263340e+01  6.58509369e+01 
 5.28168234e+01  6.58465582e+01 
 5.40347650e+01  6.58419809e+01 
 5.52807921e+01  6.58371962e+01 
 5.65555523e+01  6.58321946e+01 
 5.78597080e+01  6.58269661e+01 
 5.91939372e+01  6.58215018e+01 
 6.05589334e+01  6.58157909e+01 
 6.19554061e+01  6.58098231e+01 
 6.33840810e+01  6.58035867e+01 
 6.48457008e+01  6.57970700e+01 
 6.63410251e+01  6.57902612e+01 
 6.78708313e+01  6.57831478e+01 
 6.94359143e+01  6.57757167e+01 
 7.10370877e+01  6.57679547e+01 
 7.26751838e+01  6.57598474e+01 
 7.43510539e+01  6.57513802e+01 
 7.60655691e+01  6.57425384e+01 
 7.78196206e+01  6.57333058e+01 
 7.96141200e+01  6.57236669e+01 
 8.14500001e+01  6.57136042e+01 
 8.33282151e+01  6.57031003e+01 
 8.52497412e+01  6.56921380e+01 
 8.72155772e+01  6.56820411e+01 
 8.92267449e+01  6.56701000e+01 
 9.12842895e+01  6.56576416e+01 
 9.33892805e+01  6.56446465e+01 
 9.55428121e+01  6.56310921e+01 
 9.77460036e+01  6.56169573e+01 
 1.00000000e+02  6.56022192e+01 
 1.02305973e+02  6.55868546e+01 
 1.04665121e+02  6.55708400e+01 
 1.07078670e+02  6.55541506e+01 
 1.09547876e+02  6.55367609e+01 
 1.12074020e+02  6.55186450e+01 
 1.14658417e+02  6.54997769e+01 
 1.17302409e+02  6.54801292e+01 
 1.20007371e+02  6.54622228e+01 
 1.22774708e+02  6.54409177e+01 
 1.25605860e+02  6.54187479e+01 
 1.28502297e+02  6.53956820e+01 
 1.31465525e+02  6.53716905e+01 
 1.34497085e+02  6.53467427e+01 
 1.37598551e+02  6.53208069e+01 
 1.40771537e+02  6.52938517e+01 
 1.44017690e+02  6.52658457e+01 
 1.47338699e+02  6.52367547e+01 
 1.50736290e+02  6.52065470e+01 
 1.54212228e+02  6.51751891e+01 
 1.57768320e+02  6.51426475e+01 
 1.61406415e+02  6.51088887e+01 
 1.65128404e+02  6.50738791e+01 
 1.68936220e+02  6.50375853e+01 
 1.72831844e+02  6.49999737e+01 
 1.76817299e+02  6.49610114e+01 
 1.80894658e+02  6.49206648e+01 
 1.85066040e+02  6.48789007e+01 
 1.89333613e+02  6.48356882e+01 
 1.93699595e+02  6.47909943e+01 
 1.98166255e+02  6.47447878e+01 
 2.02735916e+02  6.46970392e+01 
 2.07410951e+02  6.46477193e+01 
 2.12193792e+02  6.45967981e+01 
 2.17086923e+02  6.45442502e+01 
 2.22092889e+02  6.44900471e+01 
 2.27214291e+02  6.44341658e+01 
 2.32453791e+02  6.43765828e+01 
 2.37814113e+02  6.43172759e+01 
 2.43298042e+02  6.42562263e+01 
 2.48908429e+02  6.41934144e+01 
 2.54648190e+02  6.41288254e+01 
 2.60520309e+02  6.40742772e+01 
 2.66527837e+02  6.40058979e+01 
 2.72673897e+02  6.39357033e+01 
 2.78961683e+02  6.38645523e+01 
 2.85394464e+02  6.37906934e+01 
 2.91975583e+02  6.37166754e+01 
 2.98708461e+02  6.36391293e+01 
 3.05596598e+02  6.35597604e+01 
 3.12643573e+02  6.34809354e+01 
 3.19853049e+02  6.33978930e+01 
 3.27228774e+02  6.33130552e+01 
 3.34774581e+02  6.32264372e+01 
 3.42494392e+02  6.31380580e+01 
 3.50392221e+02  6.30479386e+01 
 3.58472171e+02  6.29561034e+01 
 3.66738442e+02  6.28693414e+01 
 3.75195331e+02  6.27740041e+01 
 3.83847234e+02  6.26776886e+01 
 3.92698648e+02  6.25791264e+01 
 4.01754173e+02  6.24790198e+01 
 4.11018515e+02  6.23774089e+01 
 4.20496491e+02  6.22743399e+01 
 4.30193027e+02  6.21709988e+01 
 4.40113162e+02  6.20651333e+01 
 4.50262052e+02  6.19622705e+01 
 4.60644974e+02  6.18542608e+01 
 4.71267322e+02  6.17445252e+01 
 4.82134619e+02  6.16346532e+01 
 4.93252513e+02  6.15227000e+01 
 5.04626783e+02  6.14102171e+01 
 5.16263340e+02  6.12963222e+01 
 5.28168234e+02  6.11890667e+01 
 5.40347650e+02  6.10737306e+01 
 5.52807921e+02  6.09576559e+01 
 5.65555523e+02  6.08409182e+01 
 5.78597080e+02  6.07232020e+01 
 5.91939372e+02  6.06057574e+01 
 6.05589334e+02  6.04871230e+01 
 6.19554061e+02  6.03681584e+01 
 6.33840810e+02  6.02548083e+01 
 6.48457008e+02  6.01362410e+01 
 6.63410251e+02  6.00168787e+01 
 6.78708313e+02  5.98987443e+01 
 6.94359143e+02  5.97818001e+01 
 7.10370877e+02  5.96630797e+01 
 7.26751838e+02  5.95436907e+01 
 7.43510539e+02  5.94273758e+01 
 7.60655691e+02  5.93088903e+01 
 7.78196206e+02  5.91911303e+01 
 7.96141200e+02  5.90744003e+01 
 8.14500001e+02  5.89577633e+01 
 8.33282151e+02  5.88446179e+01 
 8.52497412e+02  5.87293455e+01 
 8.72155772e+02  5.86186336e+01 
 8.92267449e+02  5.85045836e+01 
 9.12842895e+02  5.83931940e+01 
 9.33892805e+02  5.82837818e+01 
 9.55428121e+02  5.81734516e+01 
 9.77460036e+02  5.80656156e+01 
 1.00000000e+03  5.79584204e+01 
 1.02305973e+03  5.78518114e+01 
 1.04665121e+03  5.77494533e+01 
 1.07078670e+03  5.76451050e+01 
 1.09547876e+03  5.75435601e+01 
 1.12074020e+03  5.74441407e+01 
 1.14658417e+03  5.73466971e+01 
 1.17302409e+03  5.72521016e+01 
 1.20007371e+03  5.71563961e+01 
 1.22774708e+03  5.70627048e+01 
 1.25605860e+03  5.69730091e+01 
 1.28502297e+03  5.68834688e+01 
 1.31465525e+03  5.67962347e+01 
 1.34497085e+03  5.67117762e+01 
 1.37598551e+03  5.66272630e+01 
 1.40771537e+03  5.65454791e+01 
 1.44017690e+03  5.64671492e+01 
 1.47338699e+03  5.63889806e+01 
 1.50736290e+03  5.63132095e+01 
 1.54212228e+03  5.62395183e+01 
 1.57768320e+03  5.61694807e+01 
 1.61406415e+03  5.60990788e+01 
 1.65128404e+03  5.60325850e+01 
 1.68936220e+03  5.59672473e+01 
 1.72831844e+03  5.59045449e+01 
 1.76817299e+03  5.58439229e+01 
 1.80894658e+03  5.57846298e+01 
 1.85066040e+03  5.57279396e+01 
 1.89333613e+03  5.56738897e+01 
 1.93699595e+03  5.56215807e+01 
 1.98166255e+03  5.55711789e+01 
 2.02735916e+03  5.55231312e+01 
 2.07410951e+03  5.54768994e+01 
 2.12193792e+03  5.54334791e+01 
 2.17086923e+03  5.53914219e+01 
 2.22092889e+03  5.53510276e+01 
 2.27214291e+03  5.53136306e+01 
 2.32453791e+03  5.52772691e+01 
 2.37814113e+03  5.52438323e+01 
 2.43298042e+03  5.52125604e+01 
 2.48908429e+03  5.51823210e+01 
 2.54648190e+03  5.51547118e+01 
 2.60520309e+03  5.51289087e+01 
 2.66527837e+03  5.51048413e+01 
 2.72673897e+03  5.50832979e+01 
 2.78961683e+03  5.50634426e+01 
 2.85394464e+03  5.50451562e+01 
 2.91975583e+03  5.50291923e+01 
 2.98708461e+03  5.50151364e+01 
 3.05596598e+03  5.50025984e+01 
 3.12643573e+03  5.49926583e+01 
 3.19853049e+03  5.49838880e+01 
 3.27228774e+03  5.49768474e+01 
 3.34774581e+03  5.49716191e+01 
 3.42494392e+03  5.49685717e+01 
 3.50392221e+03  5.49669481e+01 
 3.58472171e+03  5.49675487e+01 
 3.66738442e+03  5.49697260e+01 
 3.75195331e+03  5.49735593e+01 
 3.83847234e+03  5.49795783e+01 
 3.92698648e+03  5.49869795e+01 
 4.01754173e+03  5.49959761e+01 
 4.11018515e+03  5.50073857e+01 
 4.20496491e+03  5.50199007e+01 
 4.30193027e+03  5.50342483e+01 
 4.40113162e+03  5.50506110e+01 
 4.50262052e+03  5.50681972e+01 
 4.60644974e+03  5.50877416e+01 
 4.71267322e+03  5.51092065e+01 
 4.82134619e+03  5.51317427e+01 
 4.93252513e+03  5.51560595e+01 
 5.04626783e+03  5.51820403e+01 
 5.16263340e+03  5.52101198e+01 
 5.28168234e+03  5.52392749e+01 
 5.40347650e+03  5.52700592e+01 
 5.52807921e+03  5.53026958e+01 
 5.65555523e+03  5.53367555e+01 
 5.78597080e+03  5.53719723e+01 
 5.91939372e+03  5.54092653e+01 
 6.05589334e+03  5.54473260e+01 
 6.19554061e+03  5.54875260e+01 
 6.33840810e+03  5.55284666e+01 
 6.48457008e+03  5.55709531e+01 
 6.63410251e+03  5.56151939e+01 
 6.78708313e+03  5.56600044e+01 
 6.94359143e+03  5.57066992e+01 
 7.10370877e+03  5.57540032e+01 
 7.26751838e+03  5.58024902e+01 
 7.43510539e+03  5.58523728e+01 
 7.60655691e+03  5.59032619e+01 
 7.78196206e+03  5.59550048e+01 
 7.96141200e+03  5.60081467e+01 
 8.14500001e+03  5.60613522e+01 
 8.33282151e+03  5.61155084e+01 
 8.52497412e+03  5.61708098e+01 
 8.72155772e+03  5.62268014e+01 
 8.92267449e+03  5.62830141e+01 
 9.12842895e+03  5.63404296e+01 
 9.33892805e+03  5.63972870e+01 
 9.55428121e+03  5.64552956e+01 
 9.77460036e+03  5.65132895e+01 
 1.00000000e+04  5.65715119e+01 
 1.02305973e+04  5.66299120e+01 
 1.04665121e+04  5.66884866e+01 
 1.07078670e+04  5.67467001e+01 
 1.09547876e+04  5.68049701e+01 
 1.12074020e+04  5.68632223e+01 
 1.14658417e+04  5.69210797e+01 
 1.17302409e+04  5.69785974e+01 
 1.20007371e+04  5.70354828e+01 
 1.22774708e+04  5.70923463e+01 
 1.25605860e+04  5.71480205e+01 
 1.28502297e+04  5.72032413e+01 
 1.31465525e+04  5.72574229e+01 
 1.34497085e+04  5.73107937e+01 
 1.37598551e+04  5.73632172e+01 
 1.40771537e+04  5.74148062e+01 
 1.44017690e+04  5.74649915e+01 
 1.47338699e+04  5.75139333e+01 
 1.50736290e+04  5.75618258e+01 
 1.54212228e+04  5.76082768e+01 
 1.57768320e+04  5.76533046e+01 
 1.61406415e+04  5.76970236e+01 
 1.65128404e+04  5.77388231e+01 
 1.68936220e+04  5.77793354e+01 
 1.72831844e+04  5.78179483e+01 
 1.76817299e+04  5.78546294e+01 
 1.80894658e+04  5.78898941e+01 
 1.85066040e+04  5.79229752e+01 
 1.89333613e+04  5.79543952e+01 
 1.93699595e+04  5.79837872e+01 
 1.98166255e+04  5.80113067e+01 
 2.02735916e+04  5.80366674e+01 
 2.07410951e+04  5.80600165e+01 
 2.12193792e+04  5.80812829e+01 
 2.17086923e+04  5.81002710e+01 
 2.22092889e+04  5.81172263e+01 
 2.27214291e+04  5.81321714e+01 
 2.32453791e+04  5.81447957e+01 
 2.37814113e+04  5.81553748e+01 
 2.43298042e+04  5.81636660e+01 
 2.48908429e+04  5.81696746e+01 
 2.54648190e+04  5.81735838e+01 
 2.60520309e+04  5.81752892e+01 
 2.66527837e+04  5.81746768e+01 
 2.72673897e+04  5.81720706e+01 
 2.78961683e+04  5.81671893e+01 
 2.85394464e+04  5.81601099e+01 
 2.91975583e+04  5.81509202e+01 
 2.98708461e+04  5.81397158e+01 
 3.05596598e+04  5.81262728e+01 
 3.12643573e+04  5.81108953e+01 
 3.19853049e+04  5.80934042e+01 
 3.27228774e+04  5.80740213e+01 
 3.34774581e+04  5.80526019e+01 
 3.42494392e+04  5.80292895e+01 
 3.50392221e+04  5.80041895e+01 
 3.58472171e+04  5.79772210e+01 
 3.66738442e+04  5.79485950e+01 
 3.75195331e+04  5.79182221e+01 
 3.83847234e+04  5.78861794e+01 
 3.92698648e+04  5.78525878e+01 
 4.01754173e+04  5.78174125e+01 
 4.11018515e+04  5.77809018e+01 
 4.20496491e+04  5.77429523e+01 
 4.30193027e+04  5.77036884e+01 
 4.40113162e+04  5.76631924e+01 
 4.50262052e+04  5.76215116e+01 
 4.60644974e+04  5.75787238e+01 
 4.71267322e+04  5.75349228e+01 
 4.82134619e+04  5.74901835e+01 
 4.93252513e+04  5.74445532e+01 
 5.04626783e+04  5.73981799e+01 
 5.16263340e+04  5.73510485e+01 
 5.28168234e+04  5.73032620e+01 
 5.40347650e+04  5.72549476e+01 
 5.52807921e+04  5.72061261e+01 
 5.65555523e+04  5.71569043e+01 
 5.78597080e+04  5.71073451e+01 
 5.91939372e+04  5.70575388e+01 
 6.05589334e+04  5.70075422e+01 
 6.19554061e+04  5.69574178e+01 
 6.33840810e+04  5.69072368e+01 
 6.48457008e+04  5.68571124e+01 
 6.63410251e+04  5.68070480e+01 
 6.78708313e+04  5.67571623e+01 
 6.94359143e+04  5.67074705e+01 
 7.10370877e+04  5.66580697e+01 
 7.26751838e+04  5.66089879e+01 
 7.43510539e+04  5.65603059e+01 
 7.60655691e+04  5.65120576e+01 
 7.78196206e+04  5.64643097e+01 
 7.96141200e+04  5.64170824e+01 
 8.14500001e+04  5.63704492e+01 
 8.33282151e+04  5.63244221e+01 
 8.52497412e+04  5.62790647e+01 
 8.72155772e+04  5.62344004e+01 
 8.92267449e+04  5.61904513e+01 
 9.12842895e+04  5.61472645e+01 
 9.33892805e+04  5.61048601e+01 
 9.55428121e+04  5.60632594e+01 
 9.77460036e+04  5.60224842e+01 
 1.00000000e+05  5.59825563e+01 
 1.02305973e+05  5.59434846e+01 
 1.04665121e+05  5.59052899e+01 
 1.07078670e+05  5.58679767e+01 
 1.09547876e+05  5.58315559e+01 
 1.12074020e+05  5.57960389e+01 
 1.14658417e+05  5.57614237e+01 
 1.17302409e+05  5.57277166e+01 
 1.20007371e+05  5.56949130e+01 
 1.22774708e+05  5.56630203e+01 
 1.25605860e+05  5.56320279e+01 
 1.28502297e+05  5.56019321e+01 
 1.31465525e+05  5.55727354e+01 
 1.34497085e+05  5.55444232e+01 
 1.37598551e+05  5.55169857e+01 
 1.40771537e+05  5.54904220e+01 
 1.44017690e+05  5.54647163e+01 
 1.47338699e+05  5.54398596e+01 
 1.50736290e+05  5.54158404e+01 
 1.54212228e+05  5.53926471e+01 
 1.57768320e+05  5.53702667e+01 
 1.61406415e+05  5.53486853e+01 
 1.65128404e+05  5.53278944e+01 
 1.68936220e+05  5.53078749e+01 
 1.72831844e+05  5.52886165e+01 
 1.76817299e+05  5.52701033e+01 
 1.80894658e+05  5.52523255e+01 
 1.85066040e+05  5.52352663e+01 
 1.89333613e+05  5.52189133e+01 
 1.93699595e+05  5.52032551e+01 
 1.98166255e+05  5.51882761e+01 
 2.02735916e+05  5.51739658e+01 
 2.07410951e+05  5.51603116e+01 
 2.12193792e+05  5.51473017e+01 
 2.17086923e+05  5.51349251e+01 
 2.22092889e+05  5.51231699e+01 
 2.27214291e+05  5.51120268e+01 
 2.32453791e+05  5.51014857e+01 
 2.37814113e+05  5.50915369e+01 
 2.43298042e+05  5.50821725e+01 
 2.48908429e+05  5.50733841e+01 
 2.54648190e+05  5.50651639e+01 
 2.60520309e+05  5.50575051e+01 
 2.66527837e+05  5.50504019e+01 
 2.72673897e+05  5.50438481e+01 
 2.78961683e+05  5.50378391e+01 
 2.85394464e+05  5.50323703e+01 
 2.91975583e+05  5.50274381e+01 
 2.98708461e+05  5.50230393e+01 
 3.05596598e+05  5.50191714e+01 
 3.12643573e+05  5.50158325e+01 
 3.19853049e+05  5.50130215e+01 
 3.27228774e+05  5.50107376e+01 
 3.34774581e+05  5.50089809e+01 
 3.42494392e+05  5.50077517e+01 
 3.50392221e+05  5.50070514e+01 
 3.58472171e+05  5.50068814e+01 
 3.66738442e+05  5.50072441e+01 
 3.75195331e+05  5.50081422e+01 
 3.83847234e+05  5.50095789e+01 
 3.92698648e+05  5.50115581e+01 
 4.01754173e+05  5.50140840e+01 
 4.11018515e+05  5.50171612e+01 
 4.20496491e+05  5.50207952e+01 
 4.30193027e+05  5.50249912e+01 
 4.40113162e+05  5.50297554e+01 
 4.50262052e+05  5.50350941e+01 
 4.60644974e+05  5.50410141e+01 
 4.71267322e+05  5.50475223e+01 
 4.82134619e+05  5.50546262e+01 
 4.93252513e+05  5.50623332e+01 
 5.04626783e+05  5.50706513e+01 
 5.16263340e+05  5.50795885e+01 
 5.28168234e+05  5.50891527e+01 
 5.40347650e+05  5.50993526e+01 
 5.52807921e+05  5.51101962e+01 
 5.65555523e+05  5.51216920e+01 
 5.78597080e+05  5.51338483e+01 
 5.91939372e+05  5.51466735e+01 
 6.05589334e+05  5.51601756e+01 
 6.19554061e+05  5.51743626e+01 
 6.33840810e+05  5.51892421e+01 
 6.48457008e+05  5.52048218e+01 
 6.63410251e+05  5.52211083e+01 
 6.78708313e+05  5.52381083e+01 
 6.94359143e+05  5.52558280e+01 
 7.10370877e+05  5.52742727e+01 
 7.26751838e+05  5.52934473e+01 
 7.43510539e+05  5.53133558e+01 
 7.60655691e+05  5.53340014e+01 
 7.78196206e+05  5.53553866e+01 
 7.96141200e+05  5.53775127e+01 
 8.14500001e+05  5.54003801e+01 
 8.33282151e+05  5.54239880e+01 
 8.52497412e+05  5.54483344e+01 
 8.72155772e+05  5.54734163e+01 
 8.92267449e+05  5.54992289e+01 
 9.12842895e+05  5.55257665e+01 
 9.33892805e+05  5.55530216e+01 
 9.55428121e+05  5.55809853e+01 
 9.77460036e+05  5.56096472e+01 
 1.00000000e+06  5.56389951e+01 
 1.02305973e+06  5.56690155e+01 
 1.04665121e+06  5.56996928e+01 
 1.07078670e+06  5.57310102e+01 
 1.09547876e+06  5.57629488e+01 
 1.12074020e+06  5.57954883e+01 
 1.14658417e+06  5.58286064e+01 
 1.17302409e+06  5.58622794e+01 
 1.20007371e+06  5.58964819e+01 
 1.22774708e+06  5.59311868e+01 
 1.25605860e+06  5.59663657e+01 
 1.28502297e+06  5.60019884e+01 
 1.31465525e+06  5.60380236e+01 
 1.34497085e+06  5.60744386e+01 
 1.37598551e+06  5.61111993e+01 
 1.40771537e+06  5.61482707e+01 
 1.44017690e+06  5.61856167e+01 
 1.47338699e+06  5.62232004e+01 
 1.50736290e+06  5.62609842e+01 
 1.54212228e+06  5.62989296e+01 
 1.57768320e+06  5.63369980e+01 
 1.61406415e+06  5.63751503e+01 
 1.65128404e+06  5.64133472e+01 
 1.68936220e+06  5.64515494e+01 
 1.72831844e+06  5.64897178e+01 
 1.76817299e+06  5.65278136e+01 
 1.80894658e+06  5.65657984e+01 
 1.85066040e+06  5.66036342e+01 
 1.89333613e+06  5.66412840e+01 
 1.93699595e+06  5.66787115e+01 
 1.98166255e+06  5.67158814e+01 
 2.02735916e+06  5.67527596e+01 
 2.07410951e+06  5.67893131e+01 
 2.12193792e+06  5.68255104e+01 
 2.17086923e+06  5.68613212e+01 
 2.22092889e+06  5.68967170e+01 
 2.27214291e+06  5.69316707e+01 
 2.32453791e+06  5.69661569e+01 
 2.37814113e+06  5.70001519e+01 
 2.43298042e+06  5.70336338e+01 
 2.48908429e+06  5.70665825e+01 
 2.54648190e+06  5.70989797e+01 
 2.60520309e+06  5.71308089e+01 
 2.66527837e+06  5.71620554e+01 
 2.72673897e+06  5.71927064e+01 
 2.78961683e+06  5.72227509e+01 
 2.85394464e+06  5.72521795e+01 
 2.91975583e+06  5.72809847e+01 
 2.98708461e+06  5.73091608e+01 
 3.05596598e+06  5.73367034e+01 
 3.12643573e+06  5.73636100e+01 
 3.19853049e+06  5.73898795e+01 
 3.27228774e+06  5.74155123e+01 
 3.34774581e+06  5.74405102e+01 
 3.42494392e+06  5.74648763e+01 
 3.50392221e+06  5.74886149e+01 
 3.58472171e+06  5.75117316e+01 
 3.66738442e+06  5.75342330e+01 
 3.75195331e+06  5.75561267e+01 
 3.83847234e+06  5.75774214e+01 
 3.92698648e+06  5.75981265e+01 
 4.01754173e+06  5.76182522e+01 
 4.11018515e+06  5.76378095e+01 
 4.20496491e+06  5.76568100e+01 
 4.30193027e+06  5.76752658e+01 
 4.40113162e+06  5.76931895e+01 
 4.50262052e+06  5.77105943e+01 
 4.60644974e+06  5.77274935e+01 
 4.71267322e+06  5.77439008e+01 
 4.82134619e+06  5.77598303e+01 
 4.93252513e+06  5.77752959e+01 
 5.04626783e+06  5.77903121e+01 
 5.16263340e+06  5.78048930e+01 
 5.28168234e+06  5.78190530e+01 
 5.40347650e+06  5.78328064e+01 
 5.52807921e+06  5.78461675e+01 
 5.65555523e+06  5.78591504e+01 
 5.78597080e+06  5.78717690e+01 
 5.91939372e+06  5.78840371e+01 
 6.05589334e+06  5.78959684e+01 
 6.19554061e+06  5.79075761e+01 
 6.33840810e+06  5.79188732e+01 
 6.48457008e+06  5.79298725e+01 
 6.63410251e+06  5.79405865e+01 
 6.78708313e+06  5.79510272e+01 
 6.94359143e+06  5.79612062e+01 
 7.10370877e+06  5.79711349e+01 
 7.26751838e+06  5.79808242e+01 
 7.43510539e+06  5.79902847e+01 
 7.60655691e+06  5.79995263e+01 
 7.78196206e+06  5.80085587e+01 
 7.96141200e+06  5.80173912e+01 
 8.14500001e+06  5.80260324e+01 
 8.33282151e+06  5.80344907e+01 
 8.52497412e+06  5.80427739e+01 
 8.72155772e+06  5.80508895e+01 
 8.92267449e+06  5.80588443e+01 
 9.12842895e+06  5.80666449e+01 
 9.33892805e+06  5.80742973e+01 
 9.55428121e+06  5.80818072e+01 
 9.77460036e+06  5.80891797e+01 
 1.00000000e+07  5.80964195e+01 
 1.02305973e+07  5.81035312e+01 
 1.04665121e+07  5.81105185e+01 
 1.07078670e+07  5.81173851e+01 
 1.09547876e+07  5.81241342e+01 
 1.12074020e+07  5.81307686e+01 
 1.14658417e+07  5.81372909e+01 
 1.17302409e+07  5.81437033e+01 
 1.20007371e+07  5.81500078e+01 
 1.22774708e+07  5.81562058e+01 
 1.25605860e+07  5.81622989e+01 
 1.28502297e+07  5.81682881e+01 
 1.31465525e+07  5.81741744e+01 
 1.34497085e+07  5.81799586e+01 
 1.37598551e+07  5.81856412e+01 
 1.40771537e+07  5.81912226e+01 
 1.44017690e+07  5.81967031e+01 
 1.47338699e+07  5.82020830e+01 
 1.50736290e+07  5.82073623e+01 
 1.54212228e+07  5.82125410e+01 
 1.57768320e+07  5.82176191e+01 
 1.61406415e+07  5.82225966e+01 
 1.65128404e+07  5.82274733e+01 
 1.68936220e+07  5.82322494e+01 
 1.72831844e+07  5.82369246e+01 
 1.76817299e+07  5.82414990e+01 
 1.80894658e+07  5.82459725e+01 
 1.85066040e+07  5.82503453e+01 
 1.89333613e+07  5.82546175e+01 
 1.93699595e+07  5.82587892e+01 
 1.98166255e+07  5.82628608e+01 
 2.02735916e+07  5.82668326e+01 
 2.07410951e+07  5.82707049e+01 
 2.12193792e+07  5.82744784e+01 
 2.17086923e+07  5.82781537e+01 
 2.22092889e+07  5.82817314e+01 
 2.27214291e+07  5.82852123e+01 
 2.32453791e+07  5.82885973e+01 
 2.37814113e+07  5.82918875e+01 
 2.43298042e+07  5.82950838e+01 
 2.48908429e+07  5.82981873e+01 
 2.54648190e+07  5.83011994e+01 
 2.60520309e+07  5.83041212e+01 
 2.66527837e+07  5.83069542e+01 
 2.72673897e+07  5.83096998e+01 
 2.78961683e+07  5.83123595e+01 
 2.85394464e+07  5.83149349e+01 
 2.91975583e+07  5.83174275e+01 
 2.98708461e+07  5.83198390e+01 
 3.05596598e+07  5.83221710e+01 
 3.12643573e+07  5.83244254e+01 
 3.19853049e+07  5.83266038e+01 
 3.27228774e+07  5.83287081e+01 
 3.34774581e+07  5.83307400e+01 
 3.42494392e+07  5.83327014e+01 
 3.50392221e+07  5.83345941e+01 
 3.58472171e+07  5.83364198e+01 
 3.66738442e+07  5.83381805e+01 
 3.75195331e+07  5.83398780e+01 
 3.83847234e+07  5.83415141e+01 
 3.92698648e+07  5.83430906e+01 
 4.01754173e+07  5.83446092e+01 
 4.11018515e+07  5.83460719e+01 
 4.20496491e+07  5.83474803e+01 
 4.30193027e+07  5.83488363e+01 
 4.40113162e+07  5.83501414e+01 
 4.50262052e+07  5.83513975e+01 
 4.60644974e+07  5.83526061e+01 
 4.71267322e+07  5.83537690e+01 
 4.82134619e+07  5.83548877e+01 
 4.93252513e+07  5.83559638e+01 
 5.04626783e+07  5.83569989e+01 
 5.16263340e+07  5.83579944e+01 
 5.28168234e+07  5.83589520e+01 
 5.40347650e+07  5.83598729e+01 
 5.52807921e+07  5.83607586e+01 
 5.65555523e+07  5.83616106e+01 
 5.78597080e+07  5.83624300e+01 
 5.91939372e+07  5.83632184e+01 
 6.05589334e+07  5.83639768e+01 
 6.19554061e+07  5.83647067e+01 
 6.33840810e+07  5.83654091e+01 
 6.48457008e+07  5.83660853e+01 
 6.63410251e+07  5.83667365e+01 
 6.78708313e+07  5.83673636e+01 
 6.94359143e+07  5.83679679e+01 
 7.10370877e+07  5.83685503e+01 
 7.26751838e+07  5.83691119e+01 
 7.43510539e+07  5.83696538e+01 
 7.60655691e+07  5.83701768e+01 
 7.78196206e+07  5.83706819e+01 
 7.96141200e+07  5.83711700e+01 
 8.14500001e+07  5.83716421e+01 
 8.33282151e+07  5.83720990e+01 
 8.52497412e+07  5.83725415e+01 
 8.72155772e+07  5.83729704e+01 
 8.92267449e+07  5.83733867e+01 
 9.12842895e+07  5.83737910e+01 
 9.33892805e+07  5.83741842e+01 
 9.55428121e+07  5.83745669e+01 
 9.77460036e+07  5.83749400e+01 
 1.00000000e+08  5.83753041e+01 
 1.02305973e+08  5.83756599e+01 
 1.04665121e+08  5.83760082e+01 
 1.07078670e+08  5.83763496e+01 
 1.09547876e+08  5.83766848e+01 
 1.12074020e+08  5.83770145e+01 
 1.14658417e+08  5.83773393e+01 
 1.17302409e+08  5.83776598e+01 
 1.20007371e+08  5.83779767e+01 
 1.22774708e+08  5.83782906e+01 
 1.25605860e+08  5.83786022e+01 
 1.28502297e+08  5.83789121e+01 
 1.31465525e+08  5.83792208e+01 
 1.34497085e+08  5.83795291e+01 
 1.37598551e+08  5.83798375e+01 
 1.40771537e+08  5.83801467e+01 
 1.44017690e+08  5.83804573e+01 
 1.47338699e+08  5.83807700e+01 
 1.50736290e+08  5.83810853e+01 
 1.54212228e+08  5.83814039e+01 
 1.57768320e+08  5.83817264e+01 
 1.61406415e+08  5.83820536e+01 
 1.65128404e+08  5.83823861e+01 
 1.68936220e+08  5.83827245e+01 
 1.72831844e+08  5.83830696e+01 
 1.76817299e+08  5.83834220e+01 
 1.80894658e+08  5.83837825e+01 
 1.85066040e+08  5.83841519e+01 
 1.89333613e+08  5.83845308e+01 
 1.93699595e+08  5.83849201e+01 
 1.98166255e+08  5.83853206e+01 
 2.02735916e+08  5.83857330e+01 
 2.07410951e+08  5.83861582e+01 
 2.12193792e+08  5.83865971e+01 
 2.17086923e+08  5.83870506e+01 
 2.22092889e+08  5.83875197e+01 
 2.27214291e+08  5.83880052e+01 
 2.32453791e+08  5.83885081e+01 
 2.37814113e+08  5.83890296e+01 
 2.43298042e+08  5.83895705e+01 
 2.48908429e+08  5.83901322e+01 
 2.54648190e+08  5.83907156e+01 
 2.60520309e+08  5.83913221e+01 
 2.66527837e+08  5.83919527e+01 
 2.72673897e+08  5.83926089e+01 
 2.78961683e+08  5.83932919e+01 
 2.85394464e+08  5.83940031e+01 
 2.91975583e+08  5.83947439e+01 
 2.98708461e+08  5.83955159e+01 
 3.05596598e+08  5.83963206e+01 
 3.12643573e+08  5.83971596e+01 
 3.19853049e+08  5.83980346e+01 
 3.27228774e+08  5.83989474e+01 
 3.34774581e+08  5.83998998e+01 
 3.42494392e+08  5.84008937e+01 
 3.50392221e+08  5.84019311e+01 
 3.58472171e+08  5.84030141e+01 
 3.66738442e+08  5.84041448e+01 
 3.75195331e+08  5.84053254e+01 
 3.83847234e+08  5.84065583e+01 
 3.92698648e+08  5.84078460e+01 
 4.01754173e+08  5.84091909e+01 
 4.11018515e+08  5.84105957e+01 
 4.20496491e+08  5.84120632e+01 
 4.30193027e+08  5.84135963e+01 
 4.40113162e+08  5.84151979e+01 
 4.50262052e+08  5.84168711e+01 
 4.60644974e+08  5.84186192e+01 
 4.71267322e+08  5.84204456e+01 
 4.82134619e+08  5.84223537e+01 
 4.93252513e+08  5.84243473e+01 
 5.04626783e+08  5.84264301e+01 
 5.16263340e+08  5.84286061e+01 
 5.28168234e+08  5.84308795e+01 
 5.40347650e+08  5.84332544e+01 
 5.52807921e+08  5.84357354e+01 
 5.65555523e+08  5.84383271e+01 
 5.78597080e+08  5.84410343e+01 
 5.91939372e+08  5.84438621e+01 
 6.05589334e+08  5.84468155e+01 
 6.19554061e+08  5.84499001e+01 
 6.33840810e+08  5.84531213e+01 
 6.48457008e+08  5.84564851e+01 
 6.63410251e+08  5.84599974e+01 
 6.78708313e+08  5.84636645e+01 
 6.94359143e+08  5.84674929e+01 
 7.10370877e+08  5.84714892e+01 
 7.26751838e+08  5.84756605e+01 
 7.43510539e+08  5.84800138e+01 
 7.60655691e+08  5.84845567e+01 
 7.78196206e+08  5.84892968e+01 
 7.96141200e+08  5.84942420e+01 
 8.14500001e+08  5.84994006e+01 
 8.33282151e+08  5.85047809e+01 
 8.52497412e+08  5.85103918e+01 
 8.72155772e+08  5.85162421e+01 
 8.92267449e+08  5.85223412e+01 
 9.12842895e+08  5.85286984e+01 
 9.33892805e+08  5.85353237e+01 
 9.55428121e+08  5.85422270e+01 
 9.77460036e+08  5.85494186e+01 
 1.00000000e+09  5.85569090e+01 
 1.02305973e+09  5.85647091e+01 
 1.04665121e+09  5.85728299e+01 
 1.07078670e+09  5.85812826e+01 
 1.09547876e+09  5.85900788e+01 
 1.12074020e+09  5.85992301e+01 
 1.14658417e+09  5.86087485e+01 
 1.17302409e+09  5.86186461e+01 
 1.20007371e+09  5.86289350e+01 
 1.22774708e+09  5.86396279e+01 
 1.25605860e+09  5.86507371e+01 
 1.28502297e+09  5.86622753e+01 
 1.31465525e+09  5.86742552e+01 
 1.34497085e+09  5.86866897e+01 
 1.37598551e+09  5.86995914e+01 
 1.40771537e+09  5.87129732e+01 
 1.44017690e+09  5.87268478e+01 
 1.47338699e+09  5.87412277e+01 
 1.50736290e+09  5.87561255e+01 
 1.54212228e+09  5.87715535e+01 
 1.57768320e+09  5.87875236e+01 
 1.61406415e+09  5.88040477e+01 
 1.65128404e+09  5.88211372e+01 
 1.68936220e+09  5.88388031e+01 
 1.72831844e+09  5.88570561e+01 
 1.76817299e+09  5.88759061e+01 
 1.80894658e+09  5.88953626e+01 
 1.85066040e+09  5.89154346e+01 
 1.89333613e+09  5.89361300e+01 
 1.93699595e+09  5.89574562e+01 
 1.98166255e+09  5.89794197e+01 
 2.02735916e+09  5.90020259e+01 
 2.07410951e+09  5.90252795e+01 
 2.12193792e+09  5.90491838e+01 
 2.17086923e+09  5.90737412e+01 
 2.22092889e+09  5.90989527e+01 
 2.27214291e+09  5.91248182e+01 
 2.32453791e+09  5.91513361e+01 
 2.37814113e+09  5.91785035e+01 
 2.43298042e+09  5.92063159e+01 
 2.48908429e+09  5.92347674e+01 
 2.54648190e+09  5.92638506e+01 
 2.60520309e+09  5.92935563e+01 
 2.66527837e+09  5.93238737e+01 
 2.72673897e+09  5.93547904e+01 
 2.78961683e+09  5.93862923e+01 
 2.85394464e+09  5.94183635e+01 
 2.91975583e+09  5.94509864e+01 
 2.98708461e+09  5.94841419e+01 
 3.05596598e+09  5.95178089e+01 
 3.12643573e+09  5.95519648e+01 
 3.19853049e+09  5.95865853e+01 
 3.27228774e+09  5.96216448e+01 
 3.34774581e+09  5.96571156e+01 
 3.42494392e+09  5.96929692e+01 
 3.50392221e+09  5.97291752e+01 
 3.58472171e+09  5.97657022e+01 
 3.66738442e+09  5.98025174e+01 
 3.75195331e+09  5.98395871e+01 
 3.83847234e+09  5.98768766e+01 
 3.92698648e+09  5.99143501e+01 
 4.01754173e+09  5.99519714e+01 
 4.11018515e+09  5.99897035e+01 
 4.20496491e+09  6.00275089e+01 
 4.30193027e+09  6.00653500e+01 
 4.40113162e+09  6.01031889e+01 
 4.50262052e+09  6.01409876e+01 
 4.60644974e+09  6.01787083e+01 
 4.71267322e+09  6.02163135e+01 
 4.82134619e+09  6.02537661e+01 
 4.93252513e+09  6.02910294e+01 
 5.04626783e+09  6.03280676e+01 
 5.16263340e+09  6.03648456e+01 
 5.28168234e+09  6.04013291e+01 
 5.40347650e+09  6.04374851e+01 
 5.52807921e+09  6.04732817e+01 
 5.65555523e+09  6.05086881e+01 
 5.78597080e+09  6.05436749e+01 
 5.91939372e+09  6.05782143e+01 
 6.05589334e+09  6.06122799e+01 
 6.19554061e+09  6.06458467e+01 
 6.33840810e+09  6.06788915e+01 
 6.48457008e+09  6.07113928e+01 
 6.63410251e+09  6.07433304e+01 
 6.78708313e+09  6.07746863e+01 
 6.94359143e+09  6.08054438e+01 
 7.10370877e+09  6.08355881e+01 
 7.26751838e+09  6.08651060e+01 
 7.43510539e+09  6.08939861e+01 
 7.60655691e+09  6.09222184e+01 
 7.78196206e+09  6.09497948e+01 
 7.96141200e+09  6.09767084e+01 
 8.14500001e+09  6.10029543e+01 
 8.33282151e+09  6.10285286e+01 
 8.52497412e+09  6.10534290e+01 
 8.72155772e+09  6.10776546e+01 
 8.92267449e+09  6.11012057e+01 
 9.12842895e+09  6.11240839e+01 
 9.33892805e+09  6.11462919e+01 
 9.55428121e+09  6.11678333e+01 
 9.77460036e+09  6.11887129e+01 
 1.00000000e+10  6.12089365e+01 
