 temp_vec        v(const.vbias_vec) v(const.vbiasc_vec) v(const.iref_vec) v(const.iout_vec) v(const.ix_vec)
 0.00000000e+00  1.52422300e-01  3.25887600e-01  9.37509700e-09  9.48534800e-09  9.38651300e-09 
 2.00000000e+00  1.50716700e-01  3.22309600e-01  9.43481600e-09  9.54365900e-09  9.44352500e-09 
 4.00000000e+00  1.49002500e-01  3.18712200e-01  9.49356900e-09  9.60074600e-09  9.49928600e-09 
 6.00000000e+00  1.47279200e-01  3.15094800e-01  9.55122000e-09  9.65651900e-09  9.55365900e-09 
 8.00000000e+00  1.45546400e-01  3.11456400e-01  9.60763700e-09  9.71079900e-09  9.60652100e-09 
 1.00000000e+01  1.43803600e-01  3.07795800e-01  9.66267300e-09  9.76345300e-09  9.65769700e-09 
 1.20000000e+01  1.42050500e-01  3.04112200e-01  9.71621500e-09  9.81430800e-09  9.70707000e-09 
 1.40000000e+01  1.40286900e-01  3.00405400e-01  9.76820300e-09  9.86336700e-09  9.75461100e-09 
 1.60000000e+01  1.38512700e-01  2.96674400e-01  9.81853900e-09  9.91043600e-09  9.80019600e-09 
 1.80000000e+01  1.36727700e-01  2.92918800e-01  9.86716000e-09  9.95541600e-09  9.84375700e-09 
 2.00000000e+01  1.34931800e-01  2.89138700e-01  9.91403100e-09  9.99836200e-09  9.88525700e-09 
 2.20000000e+01  1.33125200e-01  2.85333700e-01  9.95911100e-09  1.00391500e-08  9.92465100e-09 
 2.40000000e+01  1.31308700e-01  2.81505200e-01  1.00024300e-08  1.00778700e-08  9.96214200e-09 
 2.60000000e+01  1.29482200e-01  2.77652800e-01  1.00439300e-08  1.01144200e-08  9.99759100e-09 
 2.80000000e+01  1.27646200e-01  2.73777100e-01  1.00836100e-08  1.01488000e-08  1.00310700e-08 
 3.00000000e+01  1.25801100e-01  2.69878600e-01  1.01214200e-08  1.01809900e-08  1.00625600e-08 
 3.20000000e+01  1.23947300e-01  2.65958100e-01  1.01573500e-08  1.02109600e-08  1.00920900e-08 
 3.40000000e+01  1.22084200e-01  2.62014200e-01  1.01912100e-08  1.02384500e-08  1.01193500e-08 
 3.60000000e+01  1.20213400e-01  2.58050200e-01  1.02231200e-08  1.02638200e-08  1.01446800e-08 
 3.80000000e+01  1.18333300e-01  2.54062500e-01  1.02527300e-08  1.02863800e-08  1.01674900e-08 
 4.00000000e+01  1.16444700e-01  2.50053700e-01  1.02800800e-08  1.03064600e-08  1.01879900e-08 
 4.20000000e+01  1.14547400e-01  2.46023000e-01  1.03049800e-08  1.03237100e-08  1.02060400e-08 
 4.40000000e+01  1.12640200e-01  2.41968800e-01  1.03271800e-08  1.03379700e-08  1.02212000e-08 
 4.60000000e+01  1.10723500e-01  2.37891800e-01  1.03465900e-08  1.03491600e-08  1.02335800e-08 
 4.80000000e+01  1.08797200e-01  2.33791500e-01  1.03630400e-08  1.03570500e-08  1.02430600e-08 
 5.00000000e+01  1.06860900e-01  2.29667900e-01  1.03763600e-08  1.03616300e-08  1.02495600e-08 
 5.20000000e+01  1.04915400e-01  2.25521500e-01  1.03864900e-08  1.03627900e-08  1.02532200e-08 
 5.40000000e+01  1.02959400e-01  2.21350100e-01  1.03930500e-08  1.03601800e-08  1.02535900e-08 
 5.60000000e+01  1.00995200e-01  2.17157900e-01  1.03962800e-08  1.03542300e-08  1.02513300e-08 
 5.80000000e+01  9.90288700e-02  2.12956400e-01  1.03967500e-08  1.03461500e-08  1.02481200e-08 
 6.00000000e+01  9.70439700e-02  2.08713800e-01  1.03921500e-08  1.03321200e-08  1.02390700e-08 
 6.20000000e+01  9.50505700e-02  2.04449400e-01  1.03836600e-08  1.03142900e-08  1.02270500e-08 
 6.40000000e+01  9.30402300e-02  2.00147000e-01  1.03700100e-08  1.02907100e-08  1.02095300e-08 
 6.60000000e+01  9.10330100e-02  1.95844400e-01  1.03536300e-08  1.02654400e-08  1.01921900e-08 
 6.80000000e+01  8.90218100e-02  1.91528800e-01  1.03335100e-08  1.02369700e-08  1.01728500e-08 
 7.00000000e+01  8.70075800e-02  1.87202000e-01  1.03096200e-08  1.02053200e-08  1.01516500e-08 
