 v-sweep         v(Vbiasc)       v(Vbias)        v(Ix)           v(Iout)         v(Iref)        
 0.00000000e+00 -6.91078290e-02 -4.27717291e-02 -2.25786106e-06  2.84579581e-12 -3.39165228e-11 
 5.00000000e-03 -6.73732289e-02 -4.15224192e-02 -2.19491501e-06  3.03173690e-12 -3.25342396e-11 
 1.00000000e-02 -6.56336268e-02 -4.02809283e-02 -2.13295695e-06  3.23608567e-12 -3.11237076e-11 
 1.50000000e-02 -6.38899188e-02 -3.90482878e-02 -2.07197247e-06  3.46296026e-12 -2.96876528e-11 
 2.00000000e-02 -6.21427957e-02 -3.78245242e-02 -2.01195712e-06  3.71292355e-12 -2.82197125e-11 
 2.50000000e-02 -6.03934818e-02 -3.66108687e-02 -1.95289446e-06  3.98877146e-12 -2.67192110e-11 
 3.00000000e-02 -5.86415857e-02 -3.54062499e-02 -1.89479469e-06  4.29491871e-12 -2.51847755e-11 
 3.50000000e-02 -5.68881964e-02 -3.42121386e-02 -1.83764083e-06  4.63603319e-12 -2.36173159e-11 
 4.00000000e-02 -5.51339152e-02 -3.30287342e-02 -1.78142879e-06  5.01467917e-12 -2.20118900e-11 
 4.50000000e-02 -5.33782543e-02 -3.18547565e-02 -1.72617057e-06  5.43542801e-12 -2.03638310e-11 
 5.00000000e-02 -5.16222203e-02 -3.06918556e-02 -1.67184928e-06  5.90368482e-12 -1.86716264e-11 
 5.50000000e-02 -4.98643699e-02 -2.95378811e-02 -1.61848700e-06  6.42700018e-12 -1.69303360e-11 
 6.00000000e-02 -4.81056442e-02 -2.83944479e-02 -1.56606747e-06  7.01089971e-12 -1.51357379e-11 
 6.50000000e-02 -4.63444977e-02 -2.72593012e-02 -1.51461257e-06  7.66213472e-12 -1.32795069e-11 
 7.00000000e-02 -4.45812580e-02 -2.61335952e-02 -1.46411167e-06  8.38792491e-12 -1.13561587e-11 
 7.50000000e-02 -4.28135106e-02 -2.50154749e-02 -1.41458571e-06  9.20193053e-12 -9.35934876e-12 
 8.00000000e-02 -4.10404932e-02 -2.39042017e-02 -1.36604000e-06  1.01110507e-11 -7.27795132e-12 
 8.50000000e-02 -3.92607853e-02 -2.27992228e-02 -1.31848045e-06  1.11263344e-11 -5.10208215e-12 
 9.00000000e-02 -3.74719725e-02 -2.16988161e-02 -1.27192319e-06  1.22601718e-11 -2.81952232e-12 
 9.50000000e-02 -3.56709406e-02 -2.06015725e-02 -1.22638322e-06  1.35309621e-11 -4.18016343e-13 
 1.00000000e-01 -3.38569206e-02 -1.95072407e-02 -1.18185824e-06  1.49460205e-11  2.11826117e-12 
 1.05000000e-01 -3.20242048e-02 -1.84124210e-02 -1.13838143e-06  1.65315250e-11  4.80626991e-12 
 1.10000000e-01 -3.01693800e-02 -1.73155505e-02 -1.09596380e-06  1.83057542e-11  7.66565745e-12 
 1.15000000e-01 -2.82908253e-02 -1.62158263e-02 -1.05460399e-06  2.02786897e-11  1.07169332e-11 
 1.20000000e-01 -2.63818536e-02 -1.51100003e-02 -1.01432983e-06  2.24828822e-11  1.39845965e-11 
 1.25000000e-01 -2.44374587e-02 -1.39956016e-02 -9.75155671e-07  2.49426800e-11  1.74956873e-11 
 1.30000000e-01 -2.24554522e-02 -1.28715067e-02 -9.37077066e-07  2.76708946e-11  2.12759772e-11 
 1.35000000e-01 -2.04182449e-02 -1.17296698e-02 -9.00170954e-07  3.07510891e-11  2.53740954e-11 
 1.40000000e-01 -1.83370125e-02 -1.05753198e-02 -8.64352493e-07  3.41372920e-11  2.98023682e-11 
 1.45000000e-01 -1.61925997e-02 -9.39950641e-03 -8.29700366e-07  3.79209871e-11  3.46196141e-11 
 1.50000000e-01 -1.39742303e-02 -8.19725829e-03 -7.96240415e-07  4.21576589e-11  3.98803403e-11 
 1.55000000e-01 -1.16824595e-02 -6.96897190e-03 -7.63936848e-07  4.68544692e-11  4.56201760e-11 
 1.60000000e-01 -9.30811632e-03 -5.71065835e-03 -7.32800401e-07  5.20659880e-11  5.18974346e-11 
 1.65000000e-01 -6.83133113e-03 -4.41298319e-03 -7.02888978e-07  5.78961698e-11  5.88038284e-11 
 1.70000000e-01 -4.22788248e-03 -3.06480073e-03 -6.74269565e-07  6.44755516e-11  6.64574986e-11 
 1.75000000e-01 -1.49912630e-03 -1.66700792e-03 -6.46884496e-07  7.18265509e-11  7.49203045e-11 
 1.80000000e-01  1.37718074e-03 -2.09398564e-04 -6.20779369e-07  8.00861021e-11  8.43288143e-11 
 1.85000000e-01  4.40326092e-03  1.30884434e-03 -5.95906519e-07  8.93100756e-11  9.47737519e-11 
 1.90000000e-01  7.62795844e-03  2.91046678e-03 -5.72408394e-07  9.97866042e-11  1.06515837e-10 
 1.95000000e-01  1.10910276e-02  4.61381747e-03 -5.50370111e-07  1.11789784e-10  1.19829365e-10 
 2.00000000e-01  1.47759668e-02  6.41105984e-03 -5.29646464e-07  1.25348842e-10  1.34811519e-10 
 2.05000000e-01  1.87773725e-02  8.34620400e-03 -5.10516092e-07  1.41079798e-10  1.52024615e-10 
 2.10000000e-01  2.30910401e-02  1.04173034e-02 -4.92864691e-07  1.59165217e-10  1.71702764e-10 
 2.15000000e-01  2.77731670e-02  1.26505734e-02 -4.76797478e-07  1.80166512e-10  1.94391478e-10 
 2.20000000e-01  3.28481769e-02  1.50577512e-02 -4.62296368e-07  2.04574204e-10  2.20580383e-10 
 2.25000000e-01  3.82537064e-02  1.76105778e-02 -4.49052652e-07  2.32455227e-10  2.50365710e-10 
 2.30000000e-01  4.40704852e-02  2.03472908e-02 -4.37251623e-07  2.64820834e-10  2.84674821e-10 
 2.35000000e-01  5.01651858e-02  2.32072837e-02 -4.26380394e-07  3.01434509e-10  3.23294696e-10 
 2.40000000e-01  5.65036107e-02  2.61757002e-02 -4.16279368e-07  3.42683763e-10  3.66569078e-10 
 2.45000000e-01  6.31239407e-02  2.92711420e-02 -4.07022281e-07  3.89589832e-10  4.15446884e-10 
 2.50000000e-01  6.98832140e-02  3.24285853e-02 -3.98139468e-07  4.41816275e-10  4.69616264e-10 
 2.55000000e-01  7.66899367e-02  3.56061750e-02 -3.89347982e-07  4.99259880e-10  5.28985418e-10 
 2.60000000e-01  8.36164959e-02  3.88380010e-02 -3.80855805e-07  5.63328152e-10  5.94908146e-10 
 2.65000000e-01  9.05631418e-02  4.20782574e-02 -3.72373669e-07  6.33832662e-10  6.67231003e-10 
 2.70000000e-01  9.74972758e-02  4.53123682e-02 -3.63820427e-07  7.11129667e-10  7.46322632e-10 
 2.75000000e-01  1.04423130e-01  4.85422856e-02 -3.55218615e-07  7.96020607e-10  8.32982820e-10 
 2.80000000e-01  1.11339651e-01  5.17678560e-02 -3.46577093e-07  8.89317645e-10  9.28028359e-10 
 2.85000000e-01  1.18246042e-01  5.49889556e-02 -3.37904932e-07  9.91913502e-10  1.03235808e-09 
 2.90000000e-01  1.25083928e-01  5.81786322e-02 -3.29067296e-07  1.10375222e-09  1.14595603e-09 
 2.95000000e-01  1.31908502e-01  6.13626373e-02 -3.20218604e-07  1.22671087e-09  1.27067786e-09 
 3.00000000e-01  1.38705919e-01  6.45346226e-02 -3.11335789e-07  1.36164211e-09  1.40739312e-09 
 3.05000000e-01  1.45349739e-01  6.76358229e-02 -3.02136981e-07  1.50670736e-09  1.55435167e-09 
 3.10000000e-01  1.51915790e-01  7.07016208e-02 -2.92826658e-07  1.66428073e-09  1.71389678e-09 
 3.15000000e-01  1.58479250e-01  7.37669183e-02 -2.83588794e-07  1.83743401e-09  1.88906436e-09 
 3.20000000e-01  1.64999211e-01  7.68128100e-02 -2.74340588e-07  2.02644556e-09  2.08017104e-09 
 3.25000000e-01  1.71327948e-01  7.97703448e-02 -2.64783597e-07  2.22759484e-09  2.28361013e-09 
 3.30000000e-01  1.77667005e-01  8.27334514e-02 -2.55363129e-07  2.44845130e-09  2.50683006e-09 
 3.35000000e-01  1.83867531e-01  8.56326184e-02 -2.45784774e-07  2.68487328e-09  2.74580604e-09 
 3.40000000e-01  1.90007146e-01  8.85039663e-02 -2.36222484e-07  2.94079537e-09  3.00443312e-09 
 3.45000000e-01  1.96047156e-01  9.13294232e-02 -2.26616405e-07  3.21563918e-09  3.28217454e-09 
 3.50000000e-01  2.02036361e-01  9.41316222e-02 -2.17072811e-07  3.51285568e-09  3.58245758e-09 
 3.55000000e-01  2.07891574e-01  9.68715726e-02 -2.07458249e-07  3.82916913e-09  3.90207846e-09 
 3.60000000e-01  2.13682817e-01  9.95819984e-02 -1.97916493e-07  4.16928148e-09  4.24569367e-09 
 3.65000000e-01  2.19346704e-01  1.02233288e-01 -1.88359953e-07  4.53022618e-09  4.61038715e-09 
 3.70000000e-01  2.24925051e-01  1.04844934e-01 -1.78879134e-07  4.91536796e-09  4.99948456e-09 
 3.75000000e-01  2.30402309e-01  1.07409778e-01 -1.69469363e-07  5.32440968e-09  5.41268129e-09 
 3.80000000e-01  2.35749394e-01  1.09914301e-01 -1.60109959e-07  5.75547373e-09  5.84808628e-09 
 3.85000000e-01  2.40946363e-01  1.12349267e-01 -1.50799516e-07  6.20670748e-09  6.30379751e-09 
 3.90000000e-01  2.45955944e-01  1.14697299e-01 -1.41518695e-07  6.67389492e-09  6.77552147e-09 
 3.95000000e-01  2.50737537e-01  1.16939393e-01 -1.32253056e-07  7.15127674e-09  7.25735335e-09 
 4.00000000e-01  2.55192799e-01  1.19029429e-01 -1.22931740e-07  7.62530995e-09  7.73557343e-09 
 4.05000000e-01  2.59228937e-01  1.20923680e-01 -1.13516160e-07  8.08030571e-09  8.19417581e-09 
 4.10000000e-01  2.62700881e-01  1.22553862e-01 -1.03941237e-07  8.49170163e-09  8.60827332e-09 
 4.15000000e-01  2.65496840e-01  1.23867219e-01 -9.42159519e-08  8.83638660e-09  8.95449823e-09 
 4.20000000e-01  2.67593237e-01  1.24852370e-01 -8.44592087e-08  9.10209590e-09  9.22066233e-09 
 4.25000000e-01  2.69091609e-01  1.25556821e-01 -7.48931777e-08  9.29499035e-09  9.41331036e-09 
 4.30000000e-01  2.70161763e-01  1.26060205e-01 -6.57508259e-08  9.43352100e-09  9.55103709e-09 
 4.35000000e-01  2.70928005e-01  1.26420829e-01 -5.71765973e-08  9.53237108e-09  9.64899728e-09 
 4.40000000e-01  2.71490519e-01  1.26685732e-01 -4.92563640e-08  9.60418932e-09  9.72003077e-09 
 4.45000000e-01  2.71917101e-01  1.26886694e-01 -4.20244799e-08  9.65783649e-09  9.77296963e-09 
 4.50000000e-01  2.72252940e-01  1.27045010e-01 -3.54819361e-08  9.69931123e-09  9.81364707e-09 
 4.55000000e-01  2.72519891e-01  1.27170911e-01 -2.96056303e-08  9.73152825e-09  9.84524422e-09 
 4.60000000e-01  2.72738819e-01  1.27274219e-01 -2.43640159e-08  9.75732378e-09  9.87044574e-09 
 4.65000000e-01  2.72919207e-01  1.27359355e-01 -1.97162142e-08  9.77798709e-09  9.89071264e-09 
 4.70000000e-01  2.73073679e-01  1.27432282e-01 -1.56191593e-08  9.79525733e-09  9.90751416e-09 
 4.75000000e-01  2.73206736e-01  1.27495098e-01 -1.20261849e-08  9.80975515e-09  9.92156249e-09 
 4.80000000e-01  2.73323332e-01  1.27550164e-01 -8.89080142e-09  9.82215105e-09  9.93350214e-09 
 4.85000000e-01  2.73424200e-01  1.27597789e-01 -6.16698024e-09  9.83254579e-09  9.94360470e-09 
 4.90000000e-01  2.73513518e-01  1.27639934e-01 -3.81092890e-09  9.84152633e-09  9.95232325e-09 
 4.95000000e-01  2.73595855e-01  1.27678821e-01 -1.78099355e-09  9.84970523e-09  9.96010080e-09 
 5.00000000e-01  2.73670235e-01  1.27713923e-01 -3.80424864e-11  9.85696181e-09  9.96696101e-09 
 5.05000000e-01  2.73736615e-01  1.27745246e-01  1.45374228e-09  9.86327158e-09  9.97297968e-09 
 5.10000000e-01  2.73796620e-01  1.27773548e-01  2.72694157e-09  9.86886195e-09  9.97832180e-09 
 5.15000000e-01  2.73852227e-01  1.27799780e-01  3.81097928e-09  9.87400109e-09  9.98316419e-09 
 5.20000000e-01  2.73901488e-01  1.27823004e-01  4.73191745e-09  9.87841408e-09  9.98740714e-09 
 5.25000000e-01  2.73948898e-01  1.27845336e-01  5.51316952e-09  9.88273839e-09  9.99137363e-09 
 5.30000000e-01  2.73990072e-01  1.27864743e-01  6.17472146e-09  9.88632688e-09  9.99479805e-09 
 5.35000000e-01  2.74029860e-01  1.27883489e-01  6.73464531e-09  9.88987754e-09  9.99802025e-09 
 5.40000000e-01  2.74065537e-01  1.27900297e-01  7.20802089e-09  9.89299207e-09  1.00008833e-08 
 5.45000000e-01  2.74097843e-01  1.27915503e-01  7.60808958e-09  9.89577649e-09  1.00034572e-08 
 5.50000000e-01  2.74127396e-01  1.27929418e-01  7.94621807e-09  9.89830526e-09  1.00058060e-08 
 5.55000000e-01  2.74156358e-01  1.27943055e-01  8.23230048e-09  9.90088728e-09  1.00080875e-08 
 5.60000000e-01  2.74183833e-01  1.27955985e-01  8.47444108e-09  9.90338945e-09  1.00102518e-08 
 5.65000000e-01  2.74209409e-01  1.27968009e-01  8.67953136e-09  9.90575205e-09  1.00122778e-08 
 5.70000000e-01  2.74229991e-01  1.27977691e-01  8.85303991e-09  9.90751366e-09  1.00139671e-08 
 5.75000000e-01  2.74250193e-01  1.27987182e-01  9.00046628e-09  9.90934122e-09  1.00156250e-08 
 5.80000000e-01  2.74273660e-01  1.27998238e-01  9.12644880e-09  9.91173530e-09  1.00174996e-08 
 5.85000000e-01  2.74290516e-01  1.28006166e-01  9.23314927e-09  9.91329004e-09  1.00189315e-08 
 5.90000000e-01  2.74307373e-01  1.28014094e-01  9.32432802e-09  9.91494134e-09  1.00203614e-08 
 5.95000000e-01  2.74324742e-01  1.28022256e-01  9.40246444e-09  9.91675646e-09  1.00218224e-08 
 6.00000000e-01  2.74336902e-01  1.28027968e-01  9.46878168e-09  9.91790436e-09  1.00229368e-08 
 6.05000000e-01  2.74349721e-01  1.28034002e-01  9.52573463e-09  9.91921923e-09  1.00240946e-08 
 6.10000000e-01  2.74364135e-01  1.28040765e-01  9.57482422e-09  9.92083735e-09  1.00253533e-08 
 6.15000000e-01  2.74373464e-01  1.28045174e-01  9.61628830e-09  9.92177328e-09  1.00262787e-08 
 6.20000000e-01  2.74385630e-01  1.28050867e-01  9.65216369e-09  9.92318809e-09  1.00273833e-08 
 6.25000000e-01  2.74394670e-01  1.28055130e-01  9.68246622e-09  9.92418940e-09  1.00282843e-08 
 6.30000000e-01  2.74405994e-01  1.28060452e-01  9.70864637e-09  9.92556628e-09  1.00293325e-08 
 6.35000000e-01  2.74415375e-01  1.28064860e-01  9.73073595e-09  9.92670044e-09  1.00302502e-08 
 6.40000000e-01  2.74424573e-01  1.28069180e-01  9.75107795e-09  9.92782494e-09  1.00311544e-08 
 6.45000000e-01  2.74433960e-01  1.28073602e-01  9.76556497e-09  9.92903239e-09  1.00320687e-08 
 6.50000000e-01  2.74441237e-01  1.28077010e-01  9.77893296e-09  9.92995183e-09  1.00328394e-08 
 6.55000000e-01  2.74448207e-01  1.28080285e-01  9.79026670e-09  9.93084292e-09  1.00335891e-08 
 6.60000000e-01  2.74456322e-01  1.28084105e-01  9.80008942e-09  9.93191369e-09  1.00344134e-08 
 6.65000000e-01  2.74464314e-01  1.28087852e-01  9.80848588e-09  9.93298760e-09  1.00352253e-08 
 6.70000000e-01  2.74471023e-01  1.28091006e-01  9.81552797e-09  9.93388435e-09  1.00359514e-08 
 6.75000000e-01  2.74475906e-01  1.28093299e-01  9.82132771e-09  9.93453212e-09  1.00365543e-08 
 6.80000000e-01  2.74482338e-01  1.28096319e-01  9.82652891e-09  9.93541016e-09  1.00372572e-08 
 6.85000000e-01  2.74486703e-01  1.28098370e-01  9.83075306e-09  9.93599620e-09  1.00378215e-08 
 6.90000000e-01  2.74495082e-01  1.28102310e-01  9.83498216e-09  9.93716548e-09  1.00386494e-08 
 6.95000000e-01  2.74497674e-01  1.28103516e-01  9.83790624e-09  9.93751387e-09  1.00390905e-08 
 7.00000000e-01  2.74504962e-01  1.28106950e-01  9.84111284e-09  9.93853402e-09  1.00398426e-08 
 7.05000000e-01  2.74511111e-01  1.28109841e-01  9.84382564e-09  9.93939768e-09  1.00405162e-08 
 7.10000000e-01  2.74517771e-01  1.28112964e-01  9.84633554e-09  9.94034019e-09  1.00412204e-08 
 7.15000000e-01  2.74523089e-01  1.28115473e-01  9.84842996e-09  9.94108463e-09  1.00418358e-08 
 7.20000000e-01  2.74527373e-01  1.28117479e-01  9.85018013e-09  9.94168914e-09  1.00423784e-08 
 7.25000000e-01  2.74535772e-01  1.28121420e-01  9.85235847e-09  9.94288802e-09  1.00431910e-08 
 7.30000000e-01  2.74540140e-01  1.28123473e-01  9.85382514e-09  9.94350672e-09  1.00437358e-08 
 7.35000000e-01  2.74543362e-01  1.28124971e-01  9.85500543e-09  9.94396439e-09  1.00442007e-08 
 7.40000000e-01  2.74548339e-01  1.28127322e-01  9.85634188e-09  9.94466987e-09  1.00447829e-08 
 7.45000000e-01  2.74554649e-01  1.28130290e-01  9.85777565e-09  9.94557028e-09  1.00454500e-08 
 7.50000000e-01  2.74560713e-01  1.28133131e-01  9.85909123e-09  9.94643791e-09  1.00460972e-08 
 7.55000000e-01  2.74564643e-01  1.28134981e-01  9.86003825e-09  9.94699661e-09  1.00466029e-08 
 7.60000000e-01  2.74569653e-01  1.28137334e-01  9.86110978e-09  9.94771295e-09  1.00471784e-08 
 7.65000000e-01  2.74575109e-01  1.28139895e-01  9.86215817e-09  9.94849588e-09  1.00477789e-08 
 7.70000000e-01  2.74580802e-01  1.28142577e-01  9.86324159e-09  9.94930807e-09  1.00483954e-08 
 7.75000000e-01  2.74585279e-01  1.28144685e-01  9.86414021e-09  9.94994703e-09  1.00489302e-08 
 7.80000000e-01  2.74588050e-01  1.28145983e-01  9.86476749e-09  9.95034214e-09  1.00493473e-08 
 7.85000000e-01  2.74594286e-01  1.28148914e-01  9.86589289e-09  9.95123654e-09  1.00499928e-08 
 7.90000000e-01  2.74597109e-01  1.28150241e-01  9.86652719e-09  9.95163712e-09  1.00504119e-08 
 7.95000000e-01  2.74603529e-01  1.28153268e-01  9.86767506e-09  9.95255492e-09  1.00510671e-08 
 8.00000000e-01  2.74609438e-01  1.28156034e-01  9.86874107e-09  9.95340432e-09  1.00516829e-08 
 8.05000000e-01  2.74614501e-01  1.28158415e-01  9.86968940e-09  9.95412812e-09  1.00522435e-08 
 8.10000000e-01  2.74617493e-01  1.28159815e-01  9.87033745e-09  9.95455672e-09  1.00526644e-08 
 8.15000000e-01  2.74623722e-01  1.28162739e-01  9.87144945e-09  9.95545116e-09  1.00532978e-08 
 8.20000000e-01  2.74629253e-01  1.28165330e-01  9.87245925e-09  9.95624583e-09  1.00538834e-08 
 8.25000000e-01  2.74635130e-01  1.28168103e-01  9.87352255e-09  9.95708341e-09  1.00544908e-08 
 8.30000000e-01  2.74644301e-01  1.28172412e-01  9.87505389e-09  9.95840058e-09  1.00553134e-08 
 8.35000000e-01  2.74646302e-01  1.28173357e-01  9.87555803e-09  9.95868124e-09  1.00556612e-08 
 8.40000000e-01  2.74652497e-01  1.28176249e-01  9.87665517e-09  9.95957694e-09  1.00562813e-08 
 8.45000000e-01  2.74656216e-01  1.28177994e-01  9.87740120e-09  9.96010917e-09  1.00567384e-08 
 8.50000000e-01  2.74658603e-01  1.28179130e-01  9.87795971e-09  9.96044153e-09  1.00571078e-08 
 8.55000000e-01  2.74661469e-01  1.28180485e-01  9.87858444e-09  9.96084771e-09  1.00575072e-08 
 8.60000000e-01  2.74668272e-01  1.28183667e-01  9.87976452e-09  9.96182719e-09  1.00581605e-08 
 8.65000000e-01  2.74674608e-01  1.28186644e-01  9.88088127e-09  9.96273575e-09  1.00587840e-08 
 8.70000000e-01  2.74675743e-01  1.28187176e-01  9.88125100e-09  9.96289402e-09  1.00590630e-08 
 8.75000000e-01  2.74683418e-01  1.28190773e-01  9.88255344e-09  9.96399690e-09  1.00597697e-08 
 8.80000000e-01  2.74685765e-01  1.28191890e-01  9.88309806e-09  9.96432466e-09  1.00601268e-08 
 8.85000000e-01  2.74691675e-01  1.28194660e-01  9.88414604e-09  9.96517336e-09  1.00607150e-08 
 8.90000000e-01  2.74693557e-01  1.28195543e-01  9.88461649e-09  9.96543948e-09  1.00610363e-08 
 8.95000000e-01  2.74697791e-01  1.28197540e-01  9.88542532e-09  9.96604197e-09  1.00615126e-08 
 9.00000000e-01  2.74705479e-01  1.28201144e-01  9.88672383e-09  9.96714698e-09  1.00622136e-08 
 9.05000000e-01  2.74708594e-01  1.28202604e-01  9.88736572e-09  9.96759231e-09  1.00626115e-08 
 9.10000000e-01  2.74715425e-01  1.28205818e-01  9.88854270e-09  9.96856880e-09  1.00632552e-08 
 9.15000000e-01  2.74722006e-01  1.28208919e-01  9.88968239e-09  9.96950961e-09  1.00638802e-08 
 9.20000000e-01  2.74726410e-01  1.28210976e-01  9.89050219e-09  9.97014371e-09  1.00643578e-08 
 9.25000000e-01  2.74731270e-01  1.28213266e-01  9.89139205e-09  9.97083396e-09  1.00648668e-08 
 9.30000000e-01  2.74733507e-01  1.28214309e-01  9.89189929e-09  9.97115223e-09  1.00651992e-08 
 9.35000000e-01  2.74741040e-01  1.28217857e-01  9.89317017e-09  9.97223046e-09  1.00658821e-08 
 9.40000000e-01  2.74744062e-01  1.28219264e-01  9.89378568e-09  9.97266442e-09  1.00662630e-08 
 9.45000000e-01  2.74751697e-01  1.28222873e-01  9.89507251e-09  9.97375125e-09  1.00669518e-08 
 9.50000000e-01  2.74757793e-01  1.28225735e-01  9.89612953e-09  9.97462575e-09  1.00675345e-08 
 9.55000000e-01  2.74759384e-01  1.28226470e-01  9.89653555e-09  9.97485195e-09  1.00678171e-08 
 9.60000000e-01  2.74761001e-01  1.28227237e-01  9.89694935e-09  9.97507426e-09  1.00681027e-08 
 9.65000000e-01  2.74768026e-01  1.28230531e-01  9.89813441e-09  9.97608218e-09  1.00687424e-08 
 9.70000000e-01  2.74773389e-01  1.28233055e-01  9.89908261e-09  9.97684670e-09  1.00692726e-08 
 9.75000000e-01  2.74776846e-01  1.28234669e-01  9.89975127e-09  9.97734196e-09  1.00696737e-08 
 9.80000000e-01  2.74781580e-01  1.28236897e-01  9.90060626e-09  9.97801615e-09  1.00701599e-08 
 9.85000000e-01  2.74787963e-01  1.28239901e-01  9.90169710e-09  9.97892840e-09  1.00707539e-08 
 9.90000000e-01  2.74792525e-01  1.28242037e-01  9.90252137e-09  9.97958102e-09  1.00712250e-08 
 9.95000000e-01  2.74798010e-01  1.28244609e-01  9.90347733e-09  9.98036648e-09  1.00717561e-08 
 1.00000000e+00  2.74800022e-01  1.28245567e-01  9.90393867e-09  9.98064347e-09  1.00720591e-08 
 1.00500000e+00  2.74804579e-01  1.28247704e-01  9.90475910e-09  9.98129413e-09  1.00725269e-08 
 1.01000000e+00  2.74810355e-01  1.28250422e-01  9.90575573e-09  9.98211719e-09  1.00730751e-08 
 1.01500000e+00  2.74815370e-01  1.28252772e-01  9.90663893e-09  9.98283492e-09  1.00735707e-08 
 1.02000000e+00  2.74819959e-01  1.28254931e-01  9.90746286e-09  9.98348673e-09  1.00740388e-08 
 1.02500000e+00  2.74822806e-01  1.28256267e-01  9.90803321e-09  9.98389058e-09  1.00743898e-08 
 1.03000000e+00  2.74834237e-01  1.28261650e-01  9.90983967e-09  9.98552816e-09  1.00753078e-08 
 1.03500000e+00  2.74836759e-01  1.28262834e-01  9.91036162e-09  9.98588262e-09  1.00756359e-08 
 1.04000000e+00  2.74842279e-01  1.28265405e-01  9.91130576e-09  9.98667790e-09  1.00761571e-08 
 1.04500000e+00  2.74845815e-01  1.28267078e-01  9.91197437e-09  9.98717372e-09  1.00765514e-08 
 1.05000000e+00  2.74851220e-01  1.28269602e-01  9.91290238e-09  9.98794937e-09  1.00770646e-08 
 1.05500000e+00  2.74855052e-01  1.28271416e-01  9.91361167e-09  9.98848687e-09  1.00774767e-08 
 1.06000000e+00  2.74861233e-01  1.28274327e-01  9.91465539e-09  9.98936690e-09  1.00780421e-08 
 1.06500000e+00  2.74866730e-01  1.28276900e-01  9.91559506e-09  9.99015455e-09  1.00785594e-08 
 1.07000000e+00  2.74871877e-01  1.28279311e-01  9.91648377e-09  9.99088977e-09  1.00790529e-08 
 1.07500000e+00  2.74876295e-01  1.28281394e-01  9.91727090e-09  9.99151425e-09  1.00794993e-08 
 1.08000000e+00  2.74880368e-01  1.28283299e-01  9.91800259e-09  9.99209374e-09  1.00799200e-08 
 1.08500000e+00  2.74882827e-01  1.28284460e-01  9.91850524e-09  9.99243467e-09  1.00802351e-08 
 1.09000000e+00  2.74887794e-01  1.28286781e-01  9.91936234e-09  9.99314530e-09  1.00807127e-08 
 1.09500000e+00  2.74897318e-01  1.28291260e-01  9.92087883e-09  9.99450859e-09  1.00814925e-08 
 1.10000000e+00  2.74903356e-01  1.28294101e-01  9.92189332e-09  9.99536826e-09  1.00820417e-08 
 1.10500000e+00  2.74906420e-01  1.28295540e-01  9.92247668e-09  9.99579645e-09  1.00823924e-08 
 1.11000000e+00  2.74910521e-01  1.28297469e-01  9.92320989e-09  9.99637669e-09  1.00828119e-08 
 1.11500000e+00  2.74919260e-01  1.28301588e-01  9.92461193e-09  9.99762283e-09  1.00835375e-08 
 1.12000000e+00  2.74922747e-01  1.28303220e-01  9.92525169e-09  9.99811507e-09  1.00839135e-08 
 1.12500000e+00  2.74930921e-01  1.28307074e-01  9.92657126e-09  9.99927906e-09  1.00846008e-08 
 1.13000000e+00  2.74933288e-01  1.28308169e-01  9.92704464e-09  9.99961195e-09  1.00848999e-08 
 1.13500000e+00  2.74940554e-01  1.28311584e-01  9.92822818e-09  1.00006489e-08  1.00855243e-08 
 1.14000000e+00  2.74941538e-01  1.28312049e-01  9.92850658e-09  1.00007745e-08  1.00857334e-08 
 1.14500000e+00  2.74943324e-01  1.28312885e-01  9.92889781e-09  1.00010171e-08  1.00859940e-08 
 1.15000000e+00  2.74948998e-01  1.28315549e-01  9.92984833e-09  1.00018229e-08  1.00865108e-08 
 1.15500000e+00  2.74954563e-01  1.28318171e-01  9.93078498e-09  1.00026113e-08  1.00870210e-08 
 1.16000000e+00  2.74956950e-01  1.28319288e-01  9.93125976e-09  1.00029406e-08  1.00873192e-08 
 1.16500000e+00  2.74967848e-01  1.28324399e-01  9.93295793e-09  1.00045053e-08  1.00881781e-08 
 1.17000000e+00  2.74972938e-01  1.28326801e-01  9.93382467e-09  1.00052211e-08  1.00886554e-08 
 1.17500000e+00  2.74976586e-01  1.28328515e-01  9.93447989e-09  1.00057321e-08  1.00890357e-08 
 1.18000000e+00  2.74983230e-01  1.28331625e-01  9.93556213e-09  1.00066803e-08  1.00896115e-08 
 1.18500000e+00  2.74982870e-01  1.28331467e-01  9.93564155e-09  1.00066048e-08  1.00897275e-08 
 1.19000000e+00  2.74988488e-01  1.28334101e-01  9.93657661e-09  1.00074032e-08  1.00902354e-08 
 1.19500000e+00  2.74995558e-01  1.28337419e-01  9.93772048e-09  1.00084080e-08  1.00908388e-08 
 1.20000000e+00  2.75001193e-01  1.28340073e-01  9.93865988e-09  1.00092035e-08  1.00913483e-08 
 1.20500000e+00  2.75011059e-01  1.28344697e-01  9.94020297e-09  1.00106175e-08  1.00921343e-08 
 1.21000000e+00  2.75015360e-01  1.28346722e-01  9.94094816e-09  1.00112188e-08  1.00925545e-08 
 1.21500000e+00  2.75018494e-01  1.28348199e-01  9.94152459e-09  1.00116499e-08  1.00928972e-08 
 1.22000000e+00  2.75025741e-01  1.28351594e-01  9.94268873e-09  1.00126831e-08  1.00935090e-08 
 1.22500000e+00  2.75039062e-01  1.28357850e-01  9.94472993e-09  1.00145945e-08  1.00945222e-08 
 1.23000000e+00  2.75042894e-01  1.28359650e-01  9.94540337e-09  1.00151264e-08  1.00949090e-08 
 1.23500000e+00  2.75044666e-01  1.28360481e-01  9.94577865e-09  1.00153622e-08  1.00951591e-08 
 1.24000000e+00  2.75054064e-01  1.28364898e-01  9.94725406e-09  1.00167021e-08  1.00959127e-08 
 1.24500000e+00  2.75057484e-01  1.28366499e-01  9.94786443e-09  1.00171765e-08  1.00962703e-08 
 1.25000000e+00  2.75063794e-01  1.28369467e-01  9.94889394e-09  1.00180668e-08  1.00968195e-08 
 1.25500000e+00  2.75064080e-01  1.28369602e-01  9.94905304e-09  1.00180835e-08  1.00969703e-08 
 1.26000000e+00  2.75076551e-01  1.28375464e-01  9.95096956e-09  1.00198666e-08  1.00979252e-08 
 1.26500000e+00  2.75081331e-01  1.28377702e-01  9.95177316e-09  1.00205376e-08  1.00983709e-08 
 1.27000000e+00  2.75085127e-01  1.28379478e-01  9.95243441e-09  1.00210644e-08  1.00987513e-08 
 1.27500000e+00  2.75092269e-01  1.28382841e-01  9.95358228e-09  1.00220718e-08  1.00993541e-08 
 1.28000000e+00  2.75096793e-01  1.28384966e-01  9.95434968e-09  1.00227022e-08  1.00997830e-08 
 1.28500000e+00  2.75109886e-01  1.28391118e-01  9.95635296e-09  1.00245758e-08  1.01007770e-08 
 1.29000000e+00  2.75114885e-01  1.28393466e-01  9.95718780e-09  1.00252736e-08  1.01012365e-08 
 1.29500000e+00  2.75115851e-01  1.28393921e-01  9.95744049e-09  1.00253831e-08  1.01014297e-08 
 1.30000000e+00  2.75125819e-01  1.28398600e-01  9.95899031e-09  1.00268037e-08  1.01022161e-08 
 1.30500000e+00  2.75129543e-01  1.28400337e-01  9.95963586e-09  1.00273182e-08  1.01025890e-08 
 1.31000000e+00  2.75142624e-01  1.28406506e-01  9.96164244e-09  1.00291804e-08  1.01035840e-08 
 1.31500000e+00  2.75148137e-01  1.28409104e-01  9.96255176e-09  1.00299467e-08  1.01040773e-08 
 1.32000000e+00  2.75148745e-01  1.28409374e-01  9.96274499e-09  1.00300093e-08  1.01042434e-08 
 1.32500000e+00  2.75157671e-01  1.28413577e-01  9.96414671e-09  1.00312711e-08  1.01049618e-08 
 1.33000000e+00  2.75160351e-01  1.28414840e-01  9.96464404e-09  1.00316263e-08  1.01052668e-08 
 1.33500000e+00  2.75164604e-01  1.28416824e-01  9.96536282e-09  1.00322140e-08  1.01056733e-08 
 1.34000000e+00  2.75177660e-01  1.28422969e-01  9.96736029e-09  1.00340753e-08  1.01066639e-08 
 1.34500000e+00  2.75181994e-01  1.28425000e-01  9.96809297e-09  1.00346716e-08  1.01070766e-08 
 1.35000000e+00  2.75189163e-01  1.28428353e-01  9.96923148e-09  1.00356844e-08  1.01076749e-08 
 1.35500000e+00  2.75193623e-01  1.28430462e-01  9.96998719e-09  1.00362899e-08  1.01080981e-08 
 1.36000000e+00  2.75198477e-01  1.28432741e-01  9.97079454e-09  1.00369579e-08  1.01085451e-08 
 1.36500000e+00  2.75201637e-01  1.28434235e-01  9.97136040e-09  1.00373782e-08  1.01088817e-08 
 1.37000000e+00  2.75216365e-01  1.28441134e-01  9.97358857e-09  1.00394888e-08  1.01099779e-08 
 1.37500000e+00  2.75218689e-01  1.28442230e-01  9.97403122e-09  1.00397849e-08  1.01102585e-08 
 1.38000000e+00  2.75224067e-01  1.28444762e-01  9.97491532e-09  1.00405260e-08  1.01107408e-08 
 1.38500000e+00  2.75227738e-01  1.28446490e-01  9.97555168e-09  1.00410184e-08  1.01111100e-08 
 1.39000000e+00  2.75233175e-01  1.28449050e-01  9.97644368e-09  1.00417646e-08  1.01115961e-08 
 1.39500000e+00  2.75240788e-01  1.28452627e-01  9.97764850e-09  1.00428307e-08  1.01122252e-08 
 1.40000000e+00  2.75248275e-01  1.28456141e-01  9.97883388e-09  1.00438780e-08  1.01128454e-08 
 1.40500000e+00  2.75249716e-01  1.28456801e-01  9.97914063e-09  1.00440485e-08  1.01130649e-08 
 1.41000000e+00  2.75255335e-01  1.28459440e-01  9.98005595e-09  1.00448233e-08  1.01135621e-08 
 1.41500000e+00  2.75262135e-01  1.28462655e-01  9.98114828e-09  1.00457606e-08  1.01141402e-08 
 1.42000000e+00  2.75261437e-01  1.28462336e-01  9.98115274e-09  1.00456095e-08  1.01142220e-08 
 1.42500000e+00  2.75261666e-01  1.28462426e-01  9.98128298e-09  1.00456010e-08  1.01143616e-08 
 1.43000000e+00  2.75269185e-01  1.28465970e-01  9.98247572e-09  1.00466438e-08  1.01149860e-08 
 1.43500000e+00  2.75274730e-01  1.28468572e-01  9.98337866e-09  1.00474035e-08  1.01154785e-08 
 1.44000000e+00  2.75278020e-01  1.28470125e-01  9.98395849e-09  1.00478285e-08  1.01158237e-08 
 1.44500000e+00  2.75273320e-01  1.28467911e-01  9.98337816e-09  1.00470953e-08  1.01156398e-08 
 1.45000000e+00  2.75274028e-01  1.28468244e-01  9.98358178e-09  1.00471475e-08  1.01158138e-08 
 1.45500000e+00  2.75278872e-01  1.28470518e-01  9.98438299e-09  1.00478003e-08  1.01162608e-08 
 1.46000000e+00  2.75275536e-01  1.28468957e-01  9.98400298e-09  1.00472571e-08  1.01161690e-08 
 1.46500000e+00  2.75265572e-01  1.28464276e-01  9.98266230e-09  1.00457521e-08  1.01156392e-08 
 1.47000000e+00  2.75262434e-01  1.28462818e-01  9.98231375e-09  1.00452342e-08  1.01155623e-08 
 1.47500000e+00  2.75261974e-01  1.28462585e-01  9.98234227e-09  1.00451171e-08  1.01156579e-08 
 1.48000000e+00  2.75246486e-01  1.28455335e-01  9.98021046e-09  1.00427946e-08  1.01147677e-08 
 1.48500000e+00  2.75235711e-01  1.28450263e-01  9.97874947e-09  1.00411714e-08  1.01141841e-08 
 1.49000000e+00  2.75226793e-01  1.28446082e-01  9.97756276e-09  1.00398109e-08  1.01137258e-08 
 1.49500000e+00  2.75210693e-01  1.28438503e-01  9.97533078e-09  1.00374114e-08  1.01127908e-08 
 1.50000000e+00  2.75192748e-01  1.28430101e-01  9.97284560e-09  1.00347291e-08  1.01117401e-08 
