 frequency       v(PSRR_dB)     
 1.00000000e-01  5.88331604e+01 
 1.02305973e-01  5.88331602e+01 
 1.04665121e-01  5.88331600e+01 
 1.07078670e-01  5.88331598e+01 
 1.09547876e-01  5.88331596e+01 
 1.12074020e-01  5.88331593e+01 
 1.14658417e-01  5.88331591e+01 
 1.17302409e-01  5.88331588e+01 
 1.20007371e-01  5.88331586e+01 
 1.22774708e-01  5.88331583e+01 
 1.25605860e-01  5.88331580e+01 
 1.28502297e-01  5.88331577e+01 
 1.31465525e-01  5.88331574e+01 
 1.34497085e-01  5.88331570e+01 
 1.37598551e-01  5.88331567e+01 
 1.40771537e-01  5.88331563e+01 
 1.44017690e-01  5.88331559e+01 
 1.47338699e-01  5.88331555e+01 
 1.50736290e-01  5.88331551e+01 
 1.54212228e-01  5.88331547e+01 
 1.57768320e-01  5.88331542e+01 
 1.61406415e-01  5.88331537e+01 
 1.65128404e-01  5.88331532e+01 
 1.68936220e-01  5.88331527e+01 
 1.72831844e-01  5.88331521e+01 
 1.76817299e-01  5.88331515e+01 
 1.80894658e-01  5.88331509e+01 
 1.85066040e-01  5.88331503e+01 
 1.89333613e-01  5.88331496e+01 
 1.93699595e-01  5.88331489e+01 
 1.98166255e-01  5.88331482e+01 
 2.02735916e-01  5.88331474e+01 
 2.07410951e-01  5.88331466e+01 
 2.12193792e-01  5.88331458e+01 
 2.17086923e-01  5.88331449e+01 
 2.22092889e-01  5.88331440e+01 
 2.27214291e-01  5.88331430e+01 
 2.32453791e-01  5.88331420e+01 
 2.37814113e-01  5.88331410e+01 
 2.43298042e-01  5.88331399e+01 
 2.48908429e-01  5.88331387e+01 
 2.54648190e-01  5.88331375e+01 
 2.60520309e-01  5.88331363e+01 
 2.66527837e-01  5.88331349e+01 
 2.72673897e-01  5.88331336e+01 
 2.78961683e-01  5.88331321e+01 
 2.85394464e-01  5.88331306e+01 
 2.91975583e-01  5.88331290e+01 
 2.98708461e-01  5.88331273e+01 
 3.05596598e-01  5.88331256e+01 
 3.12643573e-01  5.88331238e+01 
 3.19853049e-01  5.88331219e+01 
 3.27228774e-01  5.88331199e+01 
 3.34774581e-01  5.88331178e+01 
 3.42494392e-01  5.88331156e+01 
 3.50392221e-01  5.88331133e+01 
 3.58472171e-01  5.88331109e+01 
 3.66738442e-01  5.88331084e+01 
 3.75195331e-01  5.88331058e+01 
 3.83847234e-01  5.88331031e+01 
 3.92698648e-01  5.88331002e+01 
 4.01754173e-01  5.88330972e+01 
 4.11018515e-01  5.88330941e+01 
 4.20496491e-01  5.88330908e+01 
 4.30193027e-01  5.88330873e+01 
 4.40113162e-01  5.88330837e+01 
 4.50262052e-01  5.88330800e+01 
 4.60644974e-01  5.88330760e+01 
 4.71267322e-01  5.88330719e+01 
 4.82134619e-01  5.88330675e+01 
 4.93252513e-01  5.88330630e+01 
 5.04626783e-01  5.88330583e+01 
 5.16263340e-01  5.88330533e+01 
 5.28168234e-01  5.88330481e+01 
 5.40347650e-01  5.88330427e+01 
 5.52807921e-01  5.88330370e+01 
 5.65555523e-01  5.88330310e+01 
 5.78597080e-01  5.88330248e+01 
 5.91939372e-01  5.88330183e+01 
 6.05589334e-01  5.88330115e+01 
 6.19554061e-01  5.88330043e+01 
 6.33840810e-01  5.88329969e+01 
 6.48457008e-01  5.88329890e+01 
 6.63410251e-01  5.88329808e+01 
 6.78708313e-01  5.88329723e+01 
 6.94359143e-01  5.88329633e+01 
 7.10370877e-01  5.88329539e+01 
 7.26751838e-01  5.88329441e+01 
 7.43510539e-01  5.88329338e+01 
 7.60655691e-01  5.88329230e+01 
 7.78196206e-01  5.88329118e+01 
 7.96141200e-01  5.88329000e+01 
 8.14500001e-01  5.88328876e+01 
 8.33282151e-01  5.88328747e+01 
 8.52497412e-01  5.88328612e+01 
 8.72155772e-01  5.88328470e+01 
 8.92267449e-01  5.88328322e+01 
 9.12842895e-01  5.88328167e+01 
 9.33892805e-01  5.88328005e+01 
 9.55428121e-01  5.88327835e+01 
 9.77460036e-01  5.88327657e+01 
 1.00000000e+00  5.88327471e+01 
 1.02305973e+00  5.88327276e+01 
 1.04665121e+00  5.88327072e+01 
 1.07078670e+00  5.88326859e+01 
 1.09547876e+00  5.88326636e+01 
 1.12074020e+00  5.88326402e+01 
 1.14658417e+00  5.88326157e+01 
 1.17302409e+00  5.88325901e+01 
 1.20007371e+00  5.88325633e+01 
 1.22774708e+00  5.88325353e+01 
 1.25605860e+00  5.88325059e+01 
 1.28502297e+00  5.88324752e+01 
 1.31465525e+00  5.88324430e+01 
 1.34497085e+00  5.88324094e+01 
 1.37598551e+00  5.88323742e+01 
 1.40771537e+00  5.88323373e+01 
 1.44017690e+00  5.88322987e+01 
 1.47338699e+00  5.88322583e+01 
 1.50736290e+00  5.88322160e+01 
 1.54212228e+00  5.88321718e+01 
 1.57768320e+00  5.88321254e+01 
 1.61406415e+00  5.88320770e+01 
 1.65128404e+00  5.88320262e+01 
 1.68936220e+00  5.88319731e+01 
 1.72831844e+00  5.88319176e+01 
 1.76817299e+00  5.88318594e+01 
 1.80894658e+00  5.88317985e+01 
 1.85066040e+00  5.88317348e+01 
 1.89333613e+00  5.88335243e+01 
 1.93699595e+00  5.88334544e+01 
 1.98166255e+00  5.88333814e+01 
 2.02735916e+00  5.88333049e+01 
 2.07410951e+00  5.88332248e+01 
 2.12193792e+00  5.88331410e+01 
 2.17086923e+00  5.88330533e+01 
 2.22092889e+00  5.88329615e+01 
 2.27214291e+00  5.88328654e+01 
 2.32453791e+00  5.88327649e+01 
 2.37814113e+00  5.88326597e+01 
 2.43298042e+00  5.88325495e+01 
 2.48908429e+00  5.88324342e+01 
 2.54648190e+00  5.88323136e+01 
 2.60520309e+00  5.88321873e+01 
 2.66527837e+00  5.88320551e+01 
 2.72673897e+00  5.88319168e+01 
 2.78961683e+00  5.88317720e+01 
 2.85394464e+00  5.88316204e+01 
 2.91975583e+00  5.88333179e+01 
 2.98708461e+00  5.88331519e+01 
 3.05596598e+00  5.88329781e+01 
 3.12643573e+00  5.88327962e+01 
 3.19853049e+00  5.88326059e+01 
 3.27228774e+00  5.88324066e+01 
 3.34774581e+00  5.88321981e+01 
 3.42494392e+00  5.88319798e+01 
 3.50392221e+00  5.88317514e+01 
 3.58472171e+00  5.88315123e+01 
 3.66738442e+00  5.88326541e+01 
 3.75195331e+00  5.88323921e+01 
 3.83847234e+00  5.88321180e+01 
 3.92698648e+00  5.88318310e+01 
 4.01754173e+00  5.88315307e+01 
 4.11018515e+00  5.88312164e+01 
 4.20496491e+00  5.88308875e+01 
 4.30193027e+00  5.88328631e+01 
 4.40113162e+00  5.88325027e+01 
 4.50262052e+00  5.88321255e+01 
 4.60644974e+00  5.88317306e+01 
 4.71267322e+00  5.88313174e+01 
 4.82134619e+00  5.88327410e+01 
 4.93252513e+00  5.88322882e+01 
 5.04626783e+00  5.88318144e+01 
 5.16263340e+00  5.88313186e+01 
 5.28168234e+00  5.88326555e+01 
 5.40347650e+00  5.88321122e+01 
 5.52807921e+00  5.88315437e+01 
 5.65555523e+00  5.88309486e+01 
 5.78597080e+00  5.88326457e+01 
 5.91939372e+00  5.88319937e+01 
 6.05589334e+00  5.88313114e+01 
 6.19554061e+00  5.88315252e+01 
 6.33840810e+00  5.88307777e+01 
 6.48457008e+00  5.88323153e+01 
 6.63410251e+00  5.88333525e+01 
 6.78708313e+00  5.88324953e+01 
 6.94359143e+00  5.88339185e+01 
 7.10370877e+00  5.88329794e+01 
 7.26751838e+00  5.88333888e+01 
 7.43510539e+00  5.88323601e+01 
 7.60655691e+00  5.88331396e+01 
 7.78196206e+00  5.88320128e+01 
 7.96141200e+00  5.88326895e+01 
 8.14500001e+00  5.88333112e+01 
 8.33282151e+00  5.88320192e+01 
 8.52497412e+00  5.88325230e+01 
 8.72155772e+00  5.88329638e+01 
 8.92267449e+00  5.88314824e+01 
 9.12842895e+00  5.88313241e+01 
 9.33892805e+00  5.88320213e+01 
 9.55428121e+00  5.88321789e+01 
 9.77460036e+00  5.88322572e+01 
 1.00000000e+01  5.88327166e+01 
 1.02305973e+01  5.88316972e+01 
 1.04665121e+01  5.88338351e+01 
 1.07078670e+01  5.88335577e+01 
 1.09547876e+01  5.88331808e+01 
 1.12074020e+01  5.88326998e+01 
 1.14658417e+01  5.88321098e+01 
 1.17302409e+01  5.88314057e+01 
 1.20007371e+01  5.88324381e+01 
 1.22774708e+01  5.88319536e+01 
 1.25605860e+01  5.88322661e+01 
 1.28502297e+01  5.88310499e+01 
 1.31465525e+01  5.88334021e+01 
 1.34497085e+01  5.88318924e+01 
 1.37598551e+01  5.88320817e+01 
 1.40771537e+01  5.88316427e+01 
 1.44017690e+01  5.88319597e+01 
 1.47338699e+01  5.88320966e+01 
 1.50736290e+01  5.88311172e+01 
 1.54212228e+01  5.88327244e+01 
 1.57768320e+01  5.88313414e+01 
 1.61406415e+01  5.88320621e+01 
 1.65128404e+01  5.88307011e+01 
 1.68936220e+01  5.88314230e+01 
 1.72831844e+01  5.88332892e+01 
 1.76817299e+01  5.88325763e+01 
 1.80894658e+01  5.88320561e+01 
 1.85066040e+01  5.88312520e+01 
 1.89333613e+01  5.88306146e+01 
 1.93699595e+01  5.88324496e+01 
 1.98166255e+01  5.88307116e+01 
 2.02735916e+01  5.88304886e+01 
 2.07410951e+01  5.88317644e+01 
 2.12193792e+01  5.88303476e+01 
 2.17086923e+01  5.88308593e+01 
 2.22092889e+01  5.88314261e+01 
 2.27214291e+01  5.88306372e+01 
 2.32453791e+01  5.88298643e+01 
 2.37814113e+01  5.88309416e+01 
 2.43298042e+01  5.88292094e+01 
 2.48908429e+01  5.88288189e+01 
 2.54648190e+01  5.88278911e+01 
 2.60520309e+01  5.88287192e+01 
 2.66527837e+01  5.88280315e+01 
 2.72673897e+01  5.88276551e+01 
 2.78961683e+01  5.88275611e+01 
 2.85394464e+01  5.88291105e+01 
 2.91975583e+01  5.88280990e+01 
 2.98708461e+01  5.88282028e+01 
 3.05596598e+01  5.88275330e+01 
 3.12643573e+01  5.88274442e+01 
 3.19853049e+01  5.88269715e+01 
 3.27228774e+01  5.88279296e+01 
 3.34774581e+01  5.88256419e+01 
 3.42494392e+01  5.88260905e+01 
 3.50392221e+01  5.88269128e+01 
 3.58472171e+01  5.88275980e+01 
 3.66738442e+01  5.88267057e+01 
 3.75195331e+01  5.88246482e+01 
 3.83847234e+01  5.88250777e+01 
 3.92698648e+01  5.88242307e+01 
 4.01754173e+01  5.88239008e+01 
 4.11018515e+01  5.88221729e+01 
 4.20496491e+01  5.88226871e+01 
 4.30193027e+01  5.88235226e+01 
 4.40113162e+01  5.88227553e+01 
 4.50262052e+01  5.88244785e+01 
 4.60644974e+01  5.88216678e+01 
 4.71267322e+01  5.88230395e+01 
 4.82134619e+01  5.88206365e+01 
 4.93252513e+01  5.88199254e+01 
 5.04626783e+01  5.88208272e+01 
 5.16263340e+01  5.88195098e+01 
 5.28168234e+01  5.88182005e+01 
 5.40347650e+01  5.88172544e+01 
 5.52807921e+01  5.88179465e+01 
 5.65555523e+01  5.88182929e+01 
 5.78597080e+01  5.88168144e+01 
 5.91939372e+01  5.88166043e+01 
 6.05589334e+01  5.88152152e+01 
 6.19554061e+01  5.88125069e+01 
 6.33840810e+01  5.88138775e+01 
 6.48457008e+01  5.88117779e+01 
 6.63410251e+01  5.88115919e+01 
 6.78708313e+01  5.88113017e+01 
 6.94359143e+01  5.88088832e+01 
 7.10370877e+01  5.88101542e+01 
 7.26751838e+01  5.88084564e+01 
 7.43510539e+01  5.88072810e+01 
 7.60655691e+01  5.88059540e+01 
 7.78196206e+01  5.88047148e+01 
 7.96141200e+01  5.88051755e+01 
 8.14500001e+01  5.87974123e+01 
 8.33282151e+01  5.87991633e+01 
 8.52497412e+01  5.87958288e+01 
 8.72155772e+01  5.87950098e+01 
 8.92267449e+01  5.87936077e+01 
 9.12842895e+01  5.87941671e+01 
 9.33892805e+01  5.87912158e+01 
 9.55428121e+01  5.87904336e+01 
 9.77460036e+01  5.87891718e+01 
 1.00000000e+02  5.87870662e+01 
 1.02305973e+02  5.87837529e+01 
 1.04665121e+02  5.87806222e+01 
 1.07078670e+02  5.87800735e+01 
 1.09547876e+02  5.87774920e+01 
 1.12074020e+02  5.87765650e+01 
 1.14658417e+02  5.87736062e+01 
 1.17302409e+02  5.87699523e+01 
 1.20007371e+02  5.87682827e+01 
 1.22774708e+02  5.87639181e+01 
 1.25605860e+02  5.87631954e+01 
 1.28502297e+02  5.87622657e+01 
 1.31465525e+02  5.87577833e+01 
 1.34497085e+02  5.87527516e+01 
 1.37598551e+02  5.87473847e+01 
 1.40771537e+02  5.87432958e+01 
 1.44017690e+02  5.87424144e+01 
 1.47338699e+02  5.87389731e+01 
 1.50736290e+02  5.87380821e+01 
 1.54212228e+02  5.87329693e+01 
 1.57768320e+02  5.87277247e+01 
 1.61406415e+02  5.87232464e+01 
 1.65128404e+02  5.87167346e+01 
 1.68936220e+02  5.87162988e+01 
 1.72831844e+02  5.87098836e+01 
 1.76817299e+02  5.87032657e+01 
 1.80894658e+02  5.86979778e+01 
 1.85066040e+02  5.86900574e+01 
 1.89333613e+02  5.86805486e+01 
 1.93699595e+02  5.86757520e+01 
 1.98166255e+02  5.86661701e+01 
 2.02735916e+02  5.86661493e+01 
 2.07410951e+02  5.86565490e+01 
 2.12193792e+02  5.86506733e+01 
 2.17086923e+02  5.86419084e+01 
 2.22092889e+02  5.86317738e+01 
 2.27214291e+02  5.86187859e+01 
 2.32453791e+02  5.86104747e+01 
 2.37814113e+02  5.86022403e+01 
 2.43298042e+02  5.85902280e+01 
 2.48908429e+02  5.85811522e+01 
 2.54648190e+02  5.85640581e+01 
 2.60520309e+02  5.85510841e+01 
 2.66527837e+02  5.85402823e+01 
 2.72673897e+02  5.85286083e+01 
 2.78961683e+02  5.85161529e+01 
 2.85394464e+02  5.84997623e+01 
 2.91975583e+02  5.84869519e+01 
 2.98708461e+02  5.84774808e+01 
 3.05596598e+02  5.84590073e+01 
 3.12643573e+02  5.84433992e+01 
 3.19853049e+02  5.84282295e+01 
 3.27228774e+02  5.84096012e+01 
 3.34774581e+02  5.83915439e+01 
 3.42494392e+02  5.83740581e+01 
 3.50392221e+02  5.83507964e+01 
 3.58472171e+02  5.83264119e+01 
 3.66738442e+02  5.83121401e+01 
 3.75195331e+02  5.82876929e+01 
 3.83847234e+02  5.82705502e+01 
 3.92698648e+02  5.82415593e+01 
 4.01754173e+02  5.82162460e+01 
 4.11018515e+02  5.81918593e+01 
 4.20496491e+02  5.81640898e+01 
 4.30193027e+02  5.81348707e+01 
 4.40113162e+02  5.81020187e+01 
 4.50262052e+02  5.80720944e+01 
 4.60644974e+02  5.80409346e+01 
 4.71267322e+02  5.80097201e+01 
 4.82134619e+02  5.79781748e+01 
 4.93252513e+02  5.79379725e+01 
 5.04626783e+02  5.79093955e+01 
 5.16263340e+02  5.78686557e+01 
 5.28168234e+02  5.78302722e+01 
 5.40347650e+02  5.77917452e+01 
 5.52807921e+02  5.77519597e+01 
 5.65555523e+02  5.77071191e+01 
 5.78597080e+02  5.76589618e+01 
 5.91939372e+02  5.76126219e+01 
 6.05589334e+02  5.75708693e+01 
 6.19554061e+02  5.75221485e+01 
 6.33840810e+02  5.74745962e+01 
 6.48457008e+02  5.74217370e+01 
 6.63410251e+02  5.73659920e+01 
 6.78708313e+02  5.73122635e+01 
 6.94359143e+02  5.72590850e+01 
 7.10370877e+02  5.72020822e+01 
 7.26751838e+02  5.71420190e+01 
 7.43510539e+02  5.70834425e+01 
 7.60655691e+02  5.70229602e+01 
 7.78196206e+02  5.69582503e+01 
 7.96141200e+02  5.68926963e+01 
 8.14500001e+02  5.68287295e+01 
 8.33282151e+02  5.67624217e+01 
 8.52497412e+02  5.66913536e+01 
 8.72155772e+02  5.66185792e+01 
 8.92267449e+02  5.65486231e+01 
 9.12842895e+02  5.64739182e+01 
 9.33892805e+02  5.64002399e+01 
 9.55428121e+02  5.63232306e+01 
 9.77460036e+02  5.62487383e+01 
 1.00000000e+03  5.61643026e+01 
 1.02305973e+03  5.60822208e+01 
 1.04665121e+03  5.60064757e+01 
 1.07078670e+03  5.59228527e+01 
 1.09547876e+03  5.58410027e+01 
 1.12074020e+03  5.57574417e+01 
 1.14658417e+03  5.56717303e+01 
 1.17302409e+03  5.55855174e+01 
 1.20007371e+03  5.54976922e+01 
 1.22774708e+03  5.54103153e+01 
 1.25605860e+03  5.53241979e+01 
 1.28502297e+03  5.52314001e+01 
 1.31465525e+03  5.51443658e+01 
 1.34497085e+03  5.50518447e+01 
 1.37598551e+03  5.49617104e+01 
 1.40771537e+03  5.48725960e+01 
 1.44017690e+03  5.47772436e+01 
 1.47338699e+03  5.46909702e+01 
 1.50736290e+03  5.45974694e+01 
 1.54212228e+03  5.45091637e+01 
 1.57768320e+03  5.44156291e+01 
 1.61406415e+03  5.43251647e+01 
 1.65128404e+03  5.42366460e+01 
 1.68936220e+03  5.41460010e+01 
 1.72831844e+03  5.40561932e+01 
 1.76817299e+03  5.39676632e+01 
 1.80894658e+03  5.38807460e+01 
 1.85066040e+03  5.37955790e+01 
 1.89333613e+03  5.37092887e+01 
 1.93699595e+03  5.36230636e+01 
 1.98166255e+03  5.35407047e+01 
 2.02735916e+03  5.34581570e+01 
 2.07410951e+03  5.33788432e+01 
 2.12193792e+03  5.32993985e+01 
 2.17086923e+03  5.32235186e+01 
 2.22092889e+03  5.31472825e+01 
 2.27214291e+03  5.30727490e+01 
 2.32453791e+03  5.30020980e+01 
 2.37814113e+03  5.29325258e+01 
 2.43298042e+03  5.28655004e+01 
 2.48908429e+03  5.28004984e+01 
 2.54648190e+03  5.27369669e+01 
 2.60520309e+03  5.26781564e+01 
 2.66527837e+03  5.26204045e+01 
 2.72673897e+03  5.25655896e+01 
 2.78961683e+03  5.25136835e+01 
 2.85394464e+03  5.24653354e+01 
 2.91975583e+03  5.24194019e+01 
 2.98708461e+03  5.23753861e+01 
 3.05596598e+03  5.23383828e+01 
 3.12643573e+03  5.22994832e+01 
 3.19853049e+03  5.22674914e+01 
 3.27228774e+03  5.22371770e+01 
 3.34774581e+03  5.22124960e+01 
 3.42494392e+03  5.21895780e+01 
 3.50392221e+03  5.21713170e+01 
 3.58472171e+03  5.21564993e+01 
 3.66738442e+03  5.21459107e+01 
 3.75195331e+03  5.21380301e+01 
 3.83847234e+03  5.21348158e+01 
 3.92698648e+03  5.21361433e+01 
 4.01754173e+03  5.21409830e+01 
 4.11018515e+03  5.21492003e+01 
 4.20496491e+03  5.21629966e+01 
 4.30193027e+03  5.21804322e+01 
 4.40113162e+03  5.22025350e+01 
 4.50262052e+03  5.22289191e+01 
 4.60644974e+03  5.22593212e+01 
 4.71267322e+03  5.22940178e+01 
 4.82134619e+03  5.23326723e+01 
 4.93252513e+03  5.23755501e+01 
 5.04626783e+03  5.24237228e+01 
 5.16263340e+03  5.24762441e+01 
 5.28168234e+03  5.25328171e+01 
 5.40347650e+03  5.25942913e+01 
 5.52807921e+03  5.26590393e+01 
 5.65555523e+03  5.27287245e+01 
 5.78597080e+03  5.28026841e+01 
 5.91939372e+03  5.28813702e+01 
 6.05589334e+03  5.29637274e+01 
 6.19554061e+03  5.30505505e+01 
 6.33840810e+03  5.31413356e+01 
 6.48457008e+03  5.32354270e+01 
 6.63410251e+03  5.33343236e+01 
 6.78708313e+03  5.34358587e+01 
 6.94359143e+03  5.35417387e+01 
 7.10370877e+03  5.36516717e+01 
 7.26751838e+03  5.37636247e+01 
 7.43510539e+03  5.38797303e+01 
 7.60655691e+03  5.39993004e+01 
 7.78196206e+03  5.41210388e+01 
 7.96141200e+03  5.42450757e+01 
 8.14500001e+03  5.43730355e+01 
 8.33282151e+03  5.45018832e+01 
 8.52497412e+03  5.46331383e+01 
 8.72155772e+03  5.47670365e+01 
 8.92267449e+03  5.49018173e+01 
 9.12842895e+03  5.50386316e+01 
 9.33892805e+03  5.51756505e+01 
 9.55428121e+03  5.53149494e+01 
 9.77460036e+03  5.54537568e+01 
 1.00000000e+04  5.55934849e+01 
 1.02305973e+04  5.57331676e+01 
 1.04665121e+04  5.58730943e+01 
 1.07078670e+04  5.60126085e+01 
 1.09547876e+04  5.61514232e+01 
 1.12074020e+04  5.62891894e+01 
 1.14658417e+04  5.64257476e+01 
 1.17302409e+04  5.65612169e+01 
 1.20007371e+04  5.66945886e+01 
 1.22774708e+04  5.68265379e+01 
 1.25605860e+04  5.69564637e+01 
 1.28502297e+04  5.70837031e+01 
 1.31465525e+04  5.72084897e+01 
 1.34497085e+04  5.73303991e+01 
 1.37598551e+04  5.74492125e+01 
 1.40771537e+04  5.75658820e+01 
 1.44017690e+04  5.76781892e+01 
 1.47338699e+04  5.77875380e+01 
 1.50736290e+04  5.78934513e+01 
 1.54212228e+04  5.79957199e+01 
 1.57768320e+04  5.80938638e+01 
 1.61406415e+04  5.81887095e+01 
 1.65128404e+04  5.82793019e+01 
 1.68936220e+04  5.83659049e+01 
 1.72831844e+04  5.84487322e+01 
 1.76817299e+04  5.85275448e+01 
 1.80894658e+04  5.86021258e+01 
 1.85066040e+04  5.86730900e+01 
 1.89333613e+04  5.87397483e+01 
 1.93699595e+04  5.88027408e+01 
 1.98166255e+04  5.88615996e+01 
 2.02735916e+04  5.89167146e+01 
 2.07410951e+04  5.89681385e+01 
 2.12193792e+04  5.90160096e+01 
 2.17086923e+04  5.90600350e+01 
 2.22092889e+04  5.91006338e+01 
 2.27214291e+04  5.91379601e+01 
 2.32453791e+04  5.91718041e+01 
 2.37814113e+04  5.92025063e+01 
 2.43298042e+04  5.92302146e+01 
 2.48908429e+04  5.92549848e+01 
 2.54648190e+04  5.92768473e+01 
 2.60520309e+04  5.92959274e+01 
 2.66527837e+04  5.93124929e+01 
 2.72673897e+04  5.93266236e+01 
 2.78961683e+04  5.93383686e+01 
 2.85394464e+04  5.93480160e+01 
 2.91975583e+04  5.93553461e+01 
 2.98708461e+04  5.93608579e+01 
 3.05596598e+04  5.93644533e+01 
 3.12643573e+04  5.93663107e+01 
 3.19853049e+04  5.93666747e+01 
 3.27228774e+04  5.93655329e+01 
 3.34774581e+04  5.93629987e+01 
 3.42494392e+04  5.93592035e+01 
 3.50392221e+04  5.93542926e+01 
 3.58472171e+04  5.93483954e+01 
 3.66738442e+04  5.93416203e+01 
 3.75195331e+04  5.93340754e+01 
 3.83847234e+04  5.93257923e+01 
 3.92698648e+04  5.93169749e+01 
 4.01754173e+04  5.93076216e+01 
 4.11018515e+04  5.92979011e+01 
 4.20496491e+04  5.92879140e+01 
 4.30193027e+04  5.92777188e+01 
 4.40113162e+04  5.92674533e+01 
 4.50262052e+04  5.92571384e+01 
 4.60644974e+04  5.92469476e+01 
 4.71267322e+04  5.92368510e+01 
 4.82134619e+04  5.92270126e+01 
 4.93252513e+04  5.92174461e+01 
 5.04626783e+04  5.92082838e+01 
 5.16263340e+04  5.91995630e+01 
 5.28168234e+04  5.91913611e+01 
 5.40347650e+04  5.91837391e+01 
 5.52807921e+04  5.91767507e+01 
 5.65555523e+04  5.91704509e+01 
 5.78597080e+04  5.91649056e+01 
 5.91939372e+04  5.91601749e+01 
 6.05589334e+04  5.91562668e+01 
 6.19554061e+04  5.91532892e+01 
 6.33840810e+04  5.91512059e+01 
 6.48457008e+04  5.91501296e+01 
 6.63410251e+04  5.91500668e+01 
 6.78708313e+04  5.91510604e+01 
 6.94359143e+04  5.91531311e+01 
 7.10370877e+04  5.91563113e+01 
 7.26751838e+04  5.91606372e+01 
 7.43510539e+04  5.91661249e+01 
 7.60655691e+04  5.91727952e+01 
 7.78196206e+04  5.91806774e+01 
 7.96141200e+04  5.91897856e+01 
 8.14500001e+04  5.92001329e+01 
 8.33282151e+04  5.92117401e+01 
 8.52497412e+04  5.92246000e+01 
 8.72155772e+04  5.92387348e+01 
 8.92267449e+04  5.92541529e+01 
 9.12842895e+04  5.92708492e+01 
 9.33892805e+04  5.92888252e+01 
 9.55428121e+04  5.93080906e+01 
 9.77460036e+04  5.93286326e+01 
 1.00000000e+05  5.93504556e+01 
 1.02305973e+05  5.93735452e+01 
 1.04665121e+05  5.93978925e+01 
 1.07078670e+05  5.94234963e+01 
 1.09547876e+05  5.94503350e+01 
 1.12074020e+05  5.94783924e+01 
 1.14658417e+05  5.95076553e+01 
 1.17302409e+05  5.95381061e+01 
 1.20007371e+05  5.95697186e+01 
 1.22774708e+05  5.96024724e+01 
 1.25605860e+05  5.96363408e+01 
 1.28502297e+05  5.96712993e+01 
 1.31465525e+05  5.97073182e+01 
 1.34497085e+05  5.97443641e+01 
 1.37598551e+05  5.97824072e+01 
 1.40771537e+05  5.98214124e+01 
 1.44017690e+05  5.98613446e+01 
 1.47338699e+05  5.99021647e+01 
 1.50736290e+05  5.99438368e+01 
 1.54212228e+05  5.99863197e+01 
 1.57768320e+05  6.00295717e+01 
 1.61406415e+05  6.00735523e+01 
 1.65128404e+05  6.01182172e+01 
 1.68936220e+05  6.01635242e+01 
 1.72831844e+05  6.02094281e+01 
 1.76817299e+05  6.02558848e+01 
 1.80894658e+05  6.03028502e+01 
 1.85066040e+05  6.03502782e+01 
 1.89333613e+05  6.03981248e+01 
 1.93699595e+05  6.04463455e+01 
 1.98166255e+05  6.04948961e+01 
 2.02735916e+05  6.05437335e+01 
 2.07410951e+05  6.05928150e+01 
 2.12193792e+05  6.06420993e+01 
 2.17086923e+05  6.06915459e+01 
 2.22092889e+05  6.07411159e+01 
 2.27214291e+05  6.07907716e+01 
 2.32453791e+05  6.08404773e+01 
 2.37814113e+05  6.08901988e+01 
 2.43298042e+05  6.09399038e+01 
 2.48908429e+05  6.09895623e+01 
 2.54648190e+05  6.10391463e+01 
 2.60520309e+05  6.10886298e+01 
 2.66527837e+05  6.11379897e+01 
 2.72673897e+05  6.11872048e+01 
 2.78961683e+05  6.12362566e+01 
 2.85394464e+05  6.12851291e+01 
 2.91975583e+05  6.13338092e+01 
 2.98708461e+05  6.13822860e+01 
 3.05596598e+05  6.14305508e+01 
 3.12643573e+05  6.14785988e+01 
 3.19853049e+05  6.15264268e+01 
 3.27228774e+05  6.15740344e+01 
 3.34774581e+05  6.16214237e+01 
 3.42494392e+05  6.16685999e+01 
 3.50392221e+05  6.17155701e+01 
 3.58472171e+05  6.17623437e+01 
 3.66738442e+05  6.18089330e+01 
 3.75195331e+05  6.18553521e+01 
 3.83847234e+05  6.19016176e+01 
 3.92698648e+05  6.19477479e+01 
 4.01754173e+05  6.19937634e+01 
 4.11018515e+05  6.20396867e+01 
 4.20496491e+05  6.20855418e+01 
 4.30193027e+05  6.21313546e+01 
 4.40113162e+05  6.21771524e+01 
 4.50262052e+05  6.22229638e+01 
 4.60644974e+05  6.22688192e+01 
 4.71267322e+05  6.23147493e+01 
 4.82134619e+05  6.23607866e+01 
 4.93252513e+05  6.24069639e+01 
 5.04626783e+05  6.24533149e+01 
 5.16263340e+05  6.24998742e+01 
 5.28168234e+05  6.25466764e+01 
 5.40347650e+05  6.25937567e+01 
 5.52807921e+05  6.26411501e+01 
 5.65555523e+05  6.26888919e+01 
 5.78597080e+05  6.27370174e+01 
 5.91939372e+05  6.27855612e+01 
 6.05589334e+05  6.28345576e+01 
 6.19554061e+05  6.28840404e+01 
 6.33840810e+05  6.29340428e+01 
 6.48457008e+05  6.29845966e+01 
 6.63410251e+05  6.30357331e+01 
 6.78708313e+05  6.30874822e+01 
 6.94359143e+05  6.31398725e+01 
 7.10370877e+05  6.31929312e+01 
 7.26751838e+05  6.32466838e+01 
 7.43510539e+05  6.33011542e+01 
 7.60655691e+05  6.33563644e+01 
 7.78196206e+05  6.34123345e+01 
 7.96141200e+05  6.34690824e+01 
 8.14500001e+05  6.35266239e+01 
 8.33282151e+05  6.35849725e+01 
 8.52497412e+05  6.36441393e+01 
 8.72155772e+05  6.37041330e+01 
 8.92267449e+05  6.37649597e+01 
 9.12842895e+05  6.38266227e+01 
 9.33892805e+05  6.38891231e+01 
 9.55428121e+05  6.39524589e+01 
 9.77460036e+05  6.40166254e+01 
 1.00000000e+06  6.40816154e+01 
 1.02305973e+06  6.41474187e+01 
 1.04665121e+06  6.42140223e+01 
 1.07078670e+06  6.42814107e+01 
 1.09547876e+06  6.43495655e+01 
 1.12074020e+06  6.44184657e+01 
 1.14658417e+06  6.44880878e+01 
 1.17302409e+06  6.45584057e+01 
 1.20007371e+06  6.46293909e+01 
 1.22774708e+06  6.47010124e+01 
 1.25605860e+06  6.47732373e+01 
 1.28502297e+06  6.48460304e+01 
 1.31465525e+06  6.49193546e+01 
 1.34497085e+06  6.49931710e+01 
 1.37598551e+06  6.50674390e+01 
 1.40771537e+06  6.51421168e+01 
 1.44017690e+06  6.52171608e+01 
 1.47338699e+06  6.52925268e+01 
 1.50736290e+06  6.53681693e+01 
 1.54212228e+06  6.54440422e+01 
 1.57768320e+06  6.55200989e+01 
 1.61406415e+06  6.55962922e+01 
 1.65128404e+06  6.56725751e+01 
 1.68936220e+06  6.57489004e+01 
 1.72831844e+06  6.58252210e+01 
 1.76817299e+06  6.59014904e+01 
 1.80894658e+06  6.59776627e+01 
 1.85066040e+06  6.60536926e+01 
 1.89333613e+06  6.61295357e+01 
 1.93699595e+06  6.62051488e+01 
 1.98166255e+06  6.62804899e+01 
 2.02735916e+06  6.63555182e+01 
 2.07410951e+06  6.64301945e+01 
 2.12193792e+06  6.65044812e+01 
 2.17086923e+06  6.65783421e+01 
 2.22092889e+06  6.66517432e+01 
 2.27214291e+06  6.67246519e+01 
 2.32453791e+06  6.67970376e+01 
 2.37814113e+06  6.68688719e+01 
 2.43298042e+06  6.69401278e+01 
 2.48908429e+06  6.70107807e+01 
 2.54648190e+06  6.70808077e+01 
 2.60520309e+06  6.71501880e+01 
 2.66527837e+06  6.72189026e+01 
 2.72673897e+06  6.72869343e+01 
 2.78961683e+06  6.73542679e+01 
 2.85394464e+06  6.74208899e+01 
 2.91975583e+06  6.74867884e+01 
 2.98708461e+06  6.75519533e+01 
 3.05596598e+06  6.76163759e+01 
 3.12643573e+06  6.76800490e+01 
 3.19853049e+06  6.77429668e+01 
 3.27228774e+06  6.78051247e+01 
 3.34774581e+06  6.78665194e+01 
 3.42494392e+06  6.79271487e+01 
 3.50392221e+06  6.79870113e+01 
 3.58472171e+06  6.80461068e+01 
 3.66738442e+06  6.81044358e+01 
 3.75195331e+06  6.81619993e+01 
 3.83847234e+06  6.82187993e+01 
 3.92698648e+06  6.82748381e+01 
 4.01754173e+06  6.83301187e+01 
 4.11018515e+06  6.83846443e+01 
 4.20496491e+06  6.84384186e+01 
 4.30193027e+06  6.84914455e+01 
 4.40113162e+06  6.85437292e+01 
 4.50262052e+06  6.85952741e+01 
 4.60644974e+06  6.86460848e+01 
 4.71267322e+06  6.86961658e+01 
 4.82134619e+06  6.87455219e+01 
 4.93252513e+06  6.87941578e+01 
 5.04626783e+06  6.88420783e+01 
 5.16263340e+06  6.88892882e+01 
 5.28168234e+06  6.89357924e+01 
 5.40347650e+06  6.89815954e+01 
 5.52807921e+06  6.90267022e+01 
 5.65555523e+06  6.90711173e+01 
 5.78597080e+06  6.91148455e+01 
 5.91939372e+06  6.91578914e+01 
 6.05589334e+06  6.92002594e+01 
 6.19554061e+06  6.92419542e+01 
 6.33840810e+06  6.92829802e+01 
 6.48457008e+06  6.93233417e+01 
 6.63410251e+06  6.93630433e+01 
 6.78708313e+06  6.94020891e+01 
 6.94359143e+06  6.94404835e+01 
 7.10370877e+06  6.94782306e+01 
 7.26751838e+06  6.95153346e+01 
 7.43510539e+06  6.95517997e+01 
 7.60655691e+06  6.95876298e+01 
 7.78196206e+06  6.96228290e+01 
 7.96141200e+06  6.96574013e+01 
 8.14500001e+06  6.96913505e+01 
 8.33282151e+06  6.97246805e+01 
 8.52497412e+06  6.97573952e+01 
 8.72155772e+06  6.97894982e+01 
 8.92267449e+06  6.98209932e+01 
 9.12842895e+06  6.98518841e+01 
 9.33892805e+06  6.98821744e+01 
 9.55428121e+06  6.99118677e+01 
 9.77460036e+06  6.99409678e+01 
 1.00000000e+07  6.99694781e+01 
 1.02305973e+07  6.99974023e+01 
 1.04665121e+07  7.00247441e+01 
 1.07078670e+07  7.00515070e+01 
 1.09547876e+07  7.00776949e+01 
 1.12074020e+07  7.01033115e+01 
 1.14658417e+07  7.01283606e+01 
 1.17302409e+07  7.01528461e+01 
 1.20007371e+07  7.01767722e+01 
 1.22774708e+07  7.02001429e+01 
 1.25605860e+07  7.02229625e+01 
 1.28502297e+07  7.02452355e+01 
 1.31465525e+07  7.02669665e+01 
 1.34497085e+07  7.02881602e+01 
 1.37598551e+07  7.03088216e+01 
 1.40771537e+07  7.03289560e+01 
 1.44017690e+07  7.03485685e+01 
 1.47338699e+07  7.03676649e+01 
 1.50736290e+07  7.03862510e+01 
 1.54212228e+07  7.04043327e+01 
 1.57768320e+07  7.04219163e+01 
 1.61406415e+07  7.04390083e+01 
 1.65128404e+07  7.04556154e+01 
 1.68936220e+07  7.04717445e+01 
 1.72831844e+07  7.04874028e+01 
 1.76817299e+07  7.05025975e+01 
 1.80894658e+07  7.05173362e+01 
 1.85066040e+07  7.05316267e+01 
 1.89333613e+07  7.05454768e+01 
 1.93699595e+07  7.05588947e+01 
 1.98166255e+07  7.05718886e+01 
 2.02735916e+07  7.05844667e+01 
 2.07410951e+07  7.05966377e+01 
 2.12193792e+07  7.06084102e+01 
 2.17086923e+07  7.06197927e+01 
 2.22092889e+07  7.06307941e+01 
 2.27214291e+07  7.06414233e+01 
 2.32453791e+07  7.06516890e+01 
 2.37814113e+07  7.06616003e+01 
 2.43298042e+07  7.06711659e+01 
 2.48908429e+07  7.06803949e+01 
 2.54648190e+07  7.06892961e+01 
 2.60520309e+07  7.06978783e+01 
 2.66527837e+07  7.07061505e+01 
 2.72673897e+07  7.07141213e+01 
 2.78961683e+07  7.07217995e+01 
 2.85394464e+07  7.07291935e+01 
 2.91975583e+07  7.07363120e+01 
 2.98708461e+07  7.07431633e+01 
 3.05596598e+07  7.07497557e+01 
 3.12643573e+07  7.07560974e+01 
 3.19853049e+07  7.07621963e+01 
 3.27228774e+07  7.07680604e+01 
 3.34774581e+07  7.07736973e+01 
 3.42494392e+07  7.07791148e+01 
 3.50392221e+07  7.07843201e+01 
 3.58472171e+07  7.07893206e+01 
 3.66738442e+07  7.07941234e+01 
 3.75195331e+07  7.07987354e+01 
 3.83847234e+07  7.08031633e+01 
 3.92698648e+07  7.08074139e+01 
 4.01754173e+07  7.08114934e+01 
 4.11018515e+07  7.08154082e+01 
 4.20496491e+07  7.08191644e+01 
 4.30193027e+07  7.08227678e+01 
 4.40113162e+07  7.08262242e+01 
 4.50262052e+07  7.08295391e+01 
 4.60644974e+07  7.08327180e+01 
 4.71267322e+07  7.08357662e+01 
 4.82134619e+07  7.08386886e+01 
 4.93252513e+07  7.08414903e+01 
 5.04626783e+07  7.08441758e+01 
 5.16263340e+07  7.08467500e+01 
 5.28168234e+07  7.08492171e+01 
 5.40347650e+07  7.08515816e+01 
 5.52807921e+07  7.08538475e+01 
 5.65555523e+07  7.08560189e+01 
 5.78597080e+07  7.08580996e+01 
 5.91939372e+07  7.08600933e+01 
 6.05589334e+07  7.08620038e+01 
 6.19554061e+07  7.08638344e+01 
 6.33840810e+07  7.08655884e+01 
 6.48457008e+07  7.08672692e+01 
 6.63410251e+07  7.08688798e+01 
 6.78708313e+07  7.08704232e+01 
 6.94359143e+07  7.08719023e+01 
 7.10370877e+07  7.08733199e+01 
 7.26751838e+07  7.08746787e+01 
 7.43510539e+07  7.08759812e+01 
 7.60655691e+07  7.08772299e+01 
 7.78196206e+07  7.08784272e+01 
 7.96141200e+07  7.08795753e+01 
 8.14500001e+07  7.08806766e+01 
 8.33282151e+07  7.08817332e+01 
 8.52497412e+07  7.08827470e+01 
 8.72155772e+07  7.08837201e+01 
 8.92267449e+07  7.08846543e+01 
 9.12842895e+07  7.08855515e+01 
 9.33892805e+07  7.08864135e+01 
 9.55428121e+07  7.08872419e+01 
 9.77460036e+07  7.08880384e+01 
 1.00000000e+08  7.08888045e+01 
 1.02305973e+08  7.08895419e+01 
 1.04665121e+08  7.08902519e+01 
 1.07078670e+08  7.08909359e+01 
 1.09547876e+08  7.08915954e+01 
 1.12074020e+08  7.08922316e+01 
 1.14658417e+08  7.08928458e+01 
 1.17302409e+08  7.08934393e+01 
 1.20007371e+08  7.08940132e+01 
 1.22774708e+08  7.08945688e+01 
 1.25605860e+08  7.08951071e+01 
 1.28502297e+08  7.08956292e+01 
 1.31465525e+08  7.08961362e+01 
 1.34497085e+08  7.08966291e+01 
 1.37598551e+08  7.08971089e+01 
 1.40771537e+08  7.08975766e+01 
 1.44017690e+08  7.08980332e+01 
 1.47338699e+08  7.08984795e+01 
 1.50736290e+08  7.08989165e+01 
 1.54212228e+08  7.08993450e+01 
 1.57768320e+08  7.08997660e+01 
 1.61406415e+08  7.09001804e+01 
 1.65128404e+08  7.09005889e+01 
 1.68936220e+08  7.09009923e+01 
 1.72831844e+08  7.09013917e+01 
 1.76817299e+08  7.09017876e+01 
 1.80894658e+08  7.09021811e+01 
 1.85066040e+08  7.09025728e+01 
 1.89333613e+08  7.09029635e+01 
 1.93699595e+08  7.09033542e+01 
 1.98166255e+08  7.09037455e+01 
 2.02735916e+08  7.09041384e+01 
 2.07410951e+08  7.09045335e+01 
 2.12193792e+08  7.09049317e+01 
 2.17086923e+08  7.09053339e+01 
 2.22092889e+08  7.09057408e+01 
 2.27214291e+08  7.09061533e+01 
 2.32453791e+08  7.09065723e+01 
 2.37814113e+08  7.09069986e+01 
 2.43298042e+08  7.09074330e+01 
 2.48908429e+08  7.09078766e+01 
 2.54648190e+08  7.09083301e+01 
 2.60520309e+08  7.09087945e+01 
 2.66527837e+08  7.09092709e+01 
 2.72673897e+08  7.09097600e+01 
 2.78961683e+08  7.09102631e+01 
 2.85394464e+08  7.09107810e+01 
 2.91975583e+08  7.09113148e+01 
 2.98708461e+08  7.09118657e+01 
 3.05596598e+08  7.09124348e+01 
 3.12643573e+08  7.09130232e+01 
 3.19853049e+08  7.09136321e+01 
 3.27228774e+08  7.09142628e+01 
 3.34774581e+08  7.09149166e+01 
 3.42494392e+08  7.09155947e+01 
 3.50392221e+08  7.09162986e+01 
 3.58472171e+08  7.09170298e+01 
 3.66738442e+08  7.09177895e+01 
 3.75195331e+08  7.09185796e+01 
 3.83847234e+08  7.09194014e+01 
 3.92698648e+08  7.09202567e+01 
 4.01754173e+08  7.09211472e+01 
 4.11018515e+08  7.09220747e+01 
 4.20496491e+08  7.09230411e+01 
 4.30193027e+08  7.09240483e+01 
 4.40113162e+08  7.09250983e+01 
 4.50262052e+08  7.09261932e+01 
 4.60644974e+08  7.09273353e+01 
 4.71267322e+08  7.09285267e+01 
 4.82134619e+08  7.09297698e+01 
 4.93252513e+08  7.09310672e+01 
 5.04626783e+08  7.09324214e+01 
 5.16263340e+08  7.09338351e+01 
 5.28168234e+08  7.09353109e+01 
 5.40347650e+08  7.09368520e+01 
 5.52807921e+08  7.09384612e+01 
 5.65555523e+08  7.09401417e+01 
 5.78597080e+08  7.09418967e+01 
 5.91939372e+08  7.09437298e+01 
 6.05589334e+08  7.09456444e+01 
 6.19554061e+08  7.09476442e+01 
 6.33840810e+08  7.09497331e+01 
 6.48457008e+08  7.09519151e+01 
 6.63410251e+08  7.09541943e+01 
 6.78708313e+08  7.09565750e+01 
 6.94359143e+08  7.09590618e+01 
 7.10370877e+08  7.09616594e+01 
 7.26751838e+08  7.09643725e+01 
 7.43510539e+08  7.09672063e+01 
 7.60655691e+08  7.09701660e+01 
 7.78196206e+08  7.09732570e+01 
 7.96141200e+08  7.09764851e+01 
 8.14500001e+08  7.09798561e+01 
 8.33282151e+08  7.09833761e+01 
 8.52497412e+08  7.09870514e+01 
 8.72155772e+08  7.09908886e+01 
 8.92267449e+08  7.09948946e+01 
 9.12842895e+08  7.09990762e+01 
 9.33892805e+08  7.10034410e+01 
 9.55428121e+08  7.10079963e+01 
 9.77460036e+08  7.10127500e+01 
 1.00000000e+09  7.10177102e+01 
 1.02305973e+09  7.10228853e+01 
 1.04665121e+09  7.10282838e+01 
 1.07078670e+09  7.10339146e+01 
 1.09547876e+09  7.10397870e+01 
 1.12074020e+09  7.10459103e+01 
 1.14658417e+09  7.10522944e+01 
 1.17302409e+09  7.10589491e+01 
 1.20007371e+09  7.10658849e+01 
 1.22774708e+09  7.10731123e+01 
 1.25605860e+09  7.10806421e+01 
 1.28502297e+09  7.10884856e+01 
 1.31465525e+09  7.10966540e+01 
 1.34497085e+09  7.11051590e+01 
 1.37598551e+09  7.11140126e+01 
 1.40771537e+09  7.11232269e+01 
 1.44017690e+09  7.11328144e+01 
 1.47338699e+09  7.11427875e+01 
 1.50736290e+09  7.11531592e+01 
 1.54212228e+09  7.11639424e+01 
 1.57768320e+09  7.11751503e+01 
 1.61406415e+09  7.11867962e+01 
 1.65128404e+09  7.11988935e+01 
 1.68936220e+09  7.12114558e+01 
 1.72831844e+09  7.12244967e+01 
 1.76817299e+09  7.12380297e+01 
 1.80894658e+09  7.12520686e+01 
 1.85066040e+09  7.12666267e+01 
 1.89333613e+09  7.12817177e+01 
 1.93699595e+09  7.12973549e+01 
 1.98166255e+09  7.13135514e+01 
 2.02735916e+09  7.13303202e+01 
 2.07410951e+09  7.13476739e+01 
 2.12193792e+09  7.13656248e+01 
 2.17086923e+09  7.13841848e+01 
 2.22092889e+09  7.14033653e+01 
 2.27214291e+09  7.14231772e+01 
 2.32453791e+09  7.14436309e+01 
 2.37814113e+09  7.14647358e+01 
 2.43298042e+09  7.14865010e+01 
 2.48908429e+09  7.15089343e+01 
 2.54648190e+09  7.15320430e+01 
 2.60520309e+09  7.15558331e+01 
 2.66527837e+09  7.15803098e+01 
 2.72673897e+09  7.16054771e+01 
 2.78961683e+09  7.16313376e+01 
 2.85394464e+09  7.16578929e+01 
 2.91975583e+09  7.16851430e+01 
 2.98708461e+09  7.17130865e+01 
 3.05596598e+09  7.17417207e+01 
 3.12643573e+09  7.17710411e+01 
 3.19853049e+09  7.18010416e+01 
 3.27228774e+09  7.18317145e+01 
 3.34774581e+09  7.18630502e+01 
 3.42494392e+09  7.18950377e+01 
 3.50392221e+09  7.19276636e+01 
 3.58472171e+09  7.19609131e+01 
 3.66738442e+09  7.19947695e+01 
 3.75195331e+09  7.20292140e+01 
 3.83847234e+09  7.20642262e+01 
 3.92698648e+09  7.20997835e+01 
 4.01754173e+09  7.21358619e+01 
 4.11018515e+09  7.21724352e+01 
 4.20496491e+09  7.22094757e+01 
 4.30193027e+09  7.22469538e+01 
 4.40113162e+09  7.22848385e+01 
 4.50262052e+09  7.23230970e+01 
 4.60644974e+09  7.23616952e+01 
 4.71267322e+09  7.24005974e+01 
 4.82134619e+09  7.24397670e+01 
 4.93252513e+09  7.24791660e+01 
 5.04626783e+09  7.25187553e+01 
 5.16263340e+09  7.25584953e+01 
 5.28168234e+09  7.25983451e+01 
 5.40347650e+09  7.26382637e+01 
 5.52807921e+09  7.26782094e+01 
 5.65555523e+09  7.27181403e+01 
 5.78597080e+09  7.27580143e+01 
 5.91939372e+09  7.27977894e+01 
 6.05589334e+09  7.28374236e+01 
 6.19554061e+09  7.28768755e+01 
 6.33840810e+09  7.29161039e+01 
 6.48457008e+09  7.29550684e+01 
 6.63410251e+09  7.29937294e+01 
 6.78708313e+09  7.30320481e+01 
 6.94359143e+09  7.30699867e+01 
 7.10370877e+09  7.31075087e+01 
 7.26751838e+09  7.31445788e+01 
 7.43510539e+09  7.31811631e+01 
 7.60655691e+09  7.32172290e+01 
 7.78196206e+09  7.32527457e+01 
 7.96141200e+09  7.32876838e+01 
 8.14500001e+09  7.33220157e+01 
 8.33282151e+09  7.33557154e+01 
 8.52497412e+09  7.33887589e+01 
 8.72155772e+09  7.34211237e+01 
 8.92267449e+09  7.34527892e+01 
 9.12842895e+09  7.34837368e+01 
 9.33892805e+09  7.35139494e+01 
 9.55428121e+09  7.35434120e+01 
 9.77460036e+09  7.35721111e+01 
 1.00000000e+10  7.36000351e+01 
