 frequency       v(Amag_dB)      v(Aarg)        
 1.00000000e-02  4.22101853e+00  8.81220137e+01 
 1.02305973e-02  4.41882076e+00  8.80787399e+01 
 1.04665121e-02  4.61661286e+00  8.80344705e+01 
 1.07078670e-02  4.81439435e+00  8.79891827e+01 
 1.09547876e-02  5.01216474e+00  8.79428532e+01 
 1.12074020e-02  5.20992350e+00  8.78954581e+01 
 1.14658417e-02  5.40767010e+00  8.78469731e+01 
 1.17302409e-02  5.60540398e+00  8.77973732e+01 
 1.20007371e-02  5.80312454e+00  8.77466330e+01 
 1.22774708e-02  6.00083116e+00  8.76947264e+01 
 1.25605860e-02  6.19852319e+00  8.76416268e+01 
 1.28502297e-02  6.39619996e+00  8.75873068e+01 
 1.31465525e-02  6.59386076e+00  8.75317388e+01 
 1.34497085e-02  6.79150484e+00  8.74748942e+01 
 1.37598551e-02  6.98913143e+00  8.74167439e+01 
 1.40771537e-02  7.18673971e+00  8.73572583e+01 
 1.44017690e-02  7.38432883e+00  8.72964067e+01 
 1.47338699e-02  7.58189791e+00  8.72341583e+01 
 1.50736290e-02  7.77944602e+00  8.71704812e+01 
 1.54212228e-02  7.97697217e+00  8.71053430e+01 
 1.57768320e-02  8.17447535e+00  8.70387104e+01 
 1.61406415e-02  8.37195450e+00  8.69705497e+01 
 1.65128404e-02  8.56940850e+00  8.69008260e+01 
 1.68936220e-02  8.76683618e+00  8.68295040e+01 
 1.72831844e-02  8.96423632e+00  8.67565476e+01 
 1.76817299e-02  9.16160765e+00  8.66819197e+01 
 1.80894658e-02  9.35894883e+00  8.66055825e+01 
 1.85066040e-02  9.55625847e+00  8.65274975e+01 
 1.89333613e-02  9.75353510e+00  8.64476253e+01 
 1.93699595e-02  9.95077720e+00  8.63659255e+01 
 1.98166255e-02  1.01479832e+01  8.62823571e+01 
 2.02735916e-02  1.03451513e+01  8.61968780e+01 
 2.07410951e-02  1.05422799e+01  8.61094453e+01 
 2.12193792e-02  1.07393672e+01  8.60200152e+01 
 2.17086923e-02  1.09364111e+01  8.59285430e+01 
 2.22092889e-02  1.11334098e+01  8.58349829e+01 
 2.27214291e-02  1.13303610e+01  8.57392885e+01 
 2.32453791e-02  1.15272628e+01  8.56414119e+01 
 2.37814113e-02  1.17241126e+01  8.55413048e+01 
 2.43298042e-02  1.19209082e+01  8.54389174e+01 
 2.48908429e-02  1.21176471e+01  8.53341992e+01 
 2.54648190e-02  1.23143266e+01  8.52270985e+01 
 2.60520309e-02  1.25109440e+01  8.51175627e+01 
 2.66527837e-02  1.27074965e+01  8.50055381e+01 
 2.72673897e-02  1.29039811e+01  8.48909698e+01 
 2.78961683e-02  1.31003947e+01  8.47738020e+01 
 2.85394464e-02  1.32967339e+01  8.46539776e+01 
 2.91975583e-02  1.34929954e+01  8.45314387e+01 
 2.98708461e-02  1.36891757e+01  8.44061259e+01 
 3.05596598e-02  1.38852710e+01  8.42779791e+01 
 3.12643573e-02  1.40812774e+01  8.41469366e+01 
 3.19853049e-02  1.42771909e+01  8.40129358e+01 
 3.27228774e-02  1.44730072e+01  8.38759131e+01 
 3.34774581e-02  1.46687220e+01  8.37358033e+01 
 3.42494392e-02  1.48643305e+01  8.35925405e+01 
 3.50392221e-02  1.50598279e+01  8.34460573e+01 
 3.58472171e-02  1.52552093e+01  8.32962852e+01 
 3.66738442e-02  1.54504692e+01  8.31431546e+01 
 3.75195331e-02  1.56456023e+01  8.29865947e+01 
 3.83847234e-02  1.58406028e+01  8.28265334e+01 
 3.92698648e-02  1.60354647e+01  8.26628975e+01 
 4.01754173e-02  1.62301817e+01  8.24956127e+01 
 4.11018515e-02  1.64247473e+01  8.23246034e+01 
 4.20496491e-02  1.66191548e+01  8.21497930e+01 
 4.30193027e-02  1.68133969e+01  8.19711035e+01 
 4.40113162e-02  1.70074663e+01  8.17884561e+01 
 4.50262052e-02  1.72013552e+01  8.16017706e+01 
 4.60644974e-02  1.73950557e+01  8.14109659e+01 
 4.71267322e-02  1.75885592e+01  8.12159598e+01 
 4.82134619e-02  1.77818571e+01  8.10166689e+01 
 4.93252513e-02  1.79749402e+01  8.08130090e+01 
 5.04626783e-02  1.81677990e+01  8.06048948e+01 
 5.16263340e-02  1.83604235e+01  8.03922401e+01 
 5.28168234e-02  1.85528036e+01  8.01749578e+01 
 5.40347650e-02  1.87449284e+01  7.99529600e+01 
 5.52807921e-02  1.89367867e+01  7.97261581e+01 
 5.65555523e-02  1.91283670e+01  7.94944624e+01 
 5.78597080e-02  1.93196570e+01  7.92577830e+01 
 5.91939372e-02  1.95106443e+01  7.90160292e+01 
 6.05589334e-02  1.97013156e+01  7.87691097e+01 
 6.19554061e-02  1.98916574e+01  7.85169329e+01 
 6.33840810e-02  2.00816556e+01  7.82594068e+01 
 6.48457008e-02  2.02712954e+01  7.79964391e+01 
 6.63410251e-02  2.04605615e+01  7.77279377e+01 
 6.78708313e-02  2.06494381e+01  7.74538100e+01 
 6.94359143e-02  2.08379087e+01  7.71739638e+01 
 7.10370877e-02  2.10259563e+01  7.68883071e+01 
 7.26751838e-02  2.12135631e+01  7.65967482e+01 
 7.43510539e-02  2.14007109e+01  7.62991961e+01 
 7.60655691e-02  2.15873805e+01  7.59955602e+01 
 7.78196206e-02  2.17735523e+01  7.56857510e+01 
 7.96141200e-02  2.19592059e+01  7.53696799e+01 
 8.14500001e-02  2.21443202e+01  7.50472597e+01 
 8.33282151e-02  2.23288734e+01  7.47184044e+01 
 8.52497412e-02  2.25128430e+01  7.43830299e+01 
 8.72155772e-02  2.26962056e+01  7.40410537e+01 
 8.92267449e-02  2.28789373e+01  7.36923956e+01 
 9.12842895e-02  2.30610131e+01  7.33369777e+01 
 9.33892805e-02  2.32424077e+01  7.29747247e+01 
 9.55428121e-02  2.34230945e+01  7.26055642e+01 
 9.77460036e-02  2.36030465e+01  7.22294269e+01 
 1.00000000e-01  2.37822358e+01  7.18462470e+01 
 1.02305973e-01  2.39606337e+01  7.14559626e+01 
 1.04665121e-01  2.41382107e+01  7.10585157e+01 
 1.07078670e-01  2.43149366e+01  7.06538526e+01 
 1.09547876e-01  2.44907804e+01  7.02419247e+01 
 1.12074020e-01  2.46657103e+01  6.98226881e+01 
 1.14658417e-01  2.48396938e+01  6.93961046e+01 
 1.17302409e-01  2.50126976e+01  6.89621416e+01 
 1.20007371e-01  2.51846878e+01  6.85207728e+01 
 1.22774708e-01  2.53556298e+01  6.80719783e+01 
 1.25605860e-01  2.55254883e+01  6.76157452e+01 
 1.28502297e-01  2.56942273e+01  6.71520677e+01 
 1.31465525e-01  2.58618103e+01  6.66809480e+01 
 1.34497085e-01  2.60282002e+01  6.62023958e+01 
 1.37598551e-01  2.61933594e+01  6.57164296e+01 
 1.40771537e-01  2.63572499e+01  6.52230766e+01 
 1.44017690e-01  2.65198331e+01  6.47223728e+01 
 1.47338699e-01  2.66810704e+01  6.42143641e+01 
 1.50736290e-01  2.68409224e+01  6.36991058e+01 
 1.54212228e-01  2.69993500e+01  6.31766635e+01 
 1.57768320e-01  2.71563135e+01  6.26471132e+01 
 1.61406415e-01  2.73117733e+01  6.21105415e+01 
 1.65128404e-01  2.74656900e+01  6.15670460e+01 
 1.68936220e-01  2.76180239e+01  6.10167355e+01 
 1.72831844e-01  2.77687358e+01  6.04597299e+01 
 1.76817299e-01  2.79177865e+01  5.98961610e+01 
 1.80894658e-01  2.80651373e+01  5.93261720e+01 
 1.85066040e-01  2.82107501e+01  5.87499178e+01 
 1.89333613e-01  2.83545870e+01  5.81675652e+01 
 1.93699595e-01  2.84966110e+01  5.75792928e+01 
 1.98166255e-01  2.86367859e+01  5.69852908e+01 
 2.02735916e-01  2.87750764e+01  5.63857613e+01 
 2.07410951e-01  2.89114479e+01  5.57809176e+01 
 2.12193792e-01  2.90458673e+01  5.51709846e+01 
 2.17086923e-01  2.91783024e+01  5.45561981e+01 
 2.22092889e-01  2.93087224e+01  5.39368047e+01 
 2.27214291e-01  2.94370981e+01  5.33130614e+01 
 2.32453791e-01  2.95634015e+01  5.26852354e+01 
 2.37814113e-01  2.96876065e+01  5.20536032e+01 
 2.43298042e-01  2.98096886e+01  5.14184505e+01 
 2.48908429e-01  2.99296251e+01  5.07800715e+01 
 2.54648190e-01  3.00473953e+01  5.01387681e+01 
 2.60520309e-01  3.01629803e+01  4.94948498e+01 
 2.66527837e-01  3.02763634e+01  4.88486321e+01 
 2.72673897e-01  3.03875301e+01  4.82004368e+01 
 2.78961683e-01  3.04964677e+01  4.75505904e+01 
 2.85394464e-01  3.06031663e+01  4.68994238e+01 
 2.91975583e-01  3.07076177e+01  4.62472711e+01 
 2.98708461e-01  3.08098164e+01  4.55944692e+01 
 3.05596598e-01  3.09097591e+01  4.49413564e+01 
 3.12643573e-01  3.10074447e+01  4.42882719e+01 
 3.19853049e-01  3.11028747e+01  4.36355551e+01 
 3.27228774e-01  3.11960528e+01  4.29835440e+01 
 3.34774581e-01  3.12869850e+01  4.23325751e+01 
 3.42494392e-01  3.13756797e+01  4.16829820e+01 
 3.50392221e-01  3.14621474e+01  4.10350949e+01 
 3.58472171e-01  3.15464010e+01  4.03892395e+01 
 3.66738442e-01  3.16284555e+01  3.97457365e+01 
 3.75195331e-01  3.17083279e+01  3.91049006e+01 
 3.83847234e-01  3.17860375e+01  3.84670398e+01 
 3.92698648e-01  3.18616053e+01  3.78324548e+01 
 4.01754173e-01  3.19350542e+01  3.72014383e+01 
 4.11018515e-01  3.20064092e+01  3.65742745e+01 
 4.20496491e-01  3.20756967e+01  3.59512384e+01 
 4.30193027e-01  3.21429447e+01  3.53325952e+01 
 4.40113162e-01  3.22081830e+01  3.47186003e+01 
 4.50262052e-01  3.22714425e+01  3.41094983e+01 
 4.60644974e-01  3.23327554e+01  3.35055233e+01 
 4.71267322e-01  3.23921554e+01  3.29068980e+01 
 4.82134619e-01  3.24496770e+01  3.23138338e+01 
 4.93252513e-01  3.25053556e+01  3.17265308e+01 
 5.04626783e-01  3.25592278e+01  3.11451771e+01 
 5.16263340e-01  3.26113306e+01  3.05699492e+01 
 5.28168234e-01  3.26617020e+01  3.00010118e+01 
 5.40347650e-01  3.27103801e+01  2.94385179e+01 
 5.52807921e-01  3.27574039e+01  2.88826085e+01 
 5.65555523e-01  3.28028124e+01  2.83334134e+01 
 5.78597080e-01  3.28466450e+01  2.77910505e+01 
 5.91939372e-01  3.28889412e+01  2.72556267e+01 
 6.05589334e-01  3.29297407e+01  2.67272375e+01 
 6.19554061e-01  3.29690831e+01  2.62059676e+01 
 6.33840810e-01  3.30070077e+01  2.56918913e+01 
 6.48457008e-01  3.30435540e+01  2.51850722e+01 
 6.63410251e-01  3.30787610e+01  2.46855640e+01 
 6.78708313e-01  3.31126674e+01  2.41934107e+01 
 6.94359143e-01  3.31453118e+01  2.37086468e+01 
 7.10370877e-01  3.31767321e+01  2.32312980e+01 
 7.26751838e-01  3.32069657e+01  2.27613810e+01 
 7.43510539e-01  3.32360497e+01  2.22989044e+01 
 7.60655691e-01  3.32640206e+01  2.18438687e+01 
 7.78196206e-01  3.32909140e+01  2.13962669e+01 
 7.96141200e-01  3.33167653e+01  2.09560847e+01 
 8.14500001e-01  3.33416089e+01  2.05233012e+01 
 8.33282151e-01  3.33654787e+01  2.00978888e+01 
 8.52497412e-01  3.33884077e+01  1.96798138e+01 
 8.72155772e-01  3.34104285e+01  1.92690371e+01 
 8.92267449e-01  3.34315725e+01  1.88655138e+01 
 9.12842895e-01  3.34518708e+01  1.84691942e+01 
 9.33892805e-01  3.34713533e+01  1.80800240e+01 
 9.55428121e-01  3.34900495e+01  1.76979443e+01 
 9.77460036e-01  3.35079878e+01  1.73228925e+01 
 1.00000000e+00  3.35251961e+01  1.69548021e+01 
 1.02305973e+00  3.35417013e+01  1.65936031e+01 
 1.04665121e+00  3.35575297e+01  1.62392225e+01 
 1.07078670e+00  3.35727066e+01  1.58915846e+01 
 1.09547876e+00  3.35872568e+01  1.55506109e+01 
 1.12074020e+00  3.36012042e+01  1.52162207e+01 
 1.14658417e+00  3.36145718e+01  1.48883312e+01 
 1.17302409e+00  3.36273822e+01  1.45668578e+01 
 1.20007371e+00  3.36396570e+01  1.42517142e+01 
 1.22774708e+00  3.36514172e+01  1.39428129e+01 
 1.25605860e+00  3.36626831e+01  1.36400650e+01 
 1.28502297e+00  3.36734741e+01  1.33433807e+01 
 1.31465525e+00  3.36838093e+01  1.30526693e+01 
 1.34497085e+00  3.36937069e+01  1.27678395e+01 
 1.37598551e+00  3.37031844e+01  1.24887995e+01 
 1.40771537e+00  3.37122589e+01  1.22154571e+01 
 1.44017690e+00  3.37209466e+01  1.19477199e+01 
 1.47338699e+00  3.37292634e+01  1.16854954e+01 
 1.50736290e+00  3.37372244e+01  1.14286911e+01 
 1.54212228e+00  3.37448442e+01  1.11772149e+01 
 1.57768320e+00  3.37521369e+01  1.09309746e+01 
 1.61406415e+00  3.37591160e+01  1.06898786e+01 
 1.65128404e+00  3.37657945e+01  1.04538355e+01 
 1.68936220e+00  3.37721850e+01  1.02227548e+01 
 1.72831844e+00  3.37782994e+01  9.99654620e+00 
 1.76817299e+00  3.37841494e+01  9.77512034e+00 
 1.80894658e+00  3.37897459e+01  9.55838849e+00 
 1.85066040e+00  3.37950998e+01  9.34626272e+00 
 1.89333613e+00  3.38002212e+01  9.13865597e+00 
 1.93699595e+00  3.38051200e+01  8.93548204e+00 
 1.98166255e+00  3.38098056e+01  8.73665572e+00 
 2.02735916e+00  3.38142870e+01  8.54209272e+00 
 2.07410951e+00  3.38185731e+01  8.35170980e+00 
 2.12193792e+00  3.38226720e+01  8.16542475e+00 
 2.17086923e+00  3.38265919e+01  7.98315643e+00 
 2.22092889e+00  3.38303404e+01  7.80482478e+00 
 2.27214291e+00  3.38339248e+01  7.63035086e+00 
 2.32453791e+00  3.38373523e+01  7.45965688e+00 
 2.37814113e+00  3.38406294e+01  7.29266615e+00 
 2.43298042e+00  3.38437629e+01  7.12930317e+00 
 2.48908429e+00  3.38467588e+01  6.96949358e+00 
 2.54648190e+00  3.38496230e+01  6.81316421e+00 
 2.60520309e+00  3.38523614e+01  6.66024305e+00 
 2.66527837e+00  3.38549793e+01  6.51065927e+00 
 2.72673897e+00  3.38574820e+01  6.36434321e+00 
 2.78961683e+00  3.38598746e+01  6.22122641e+00 
 2.85394464e+00  3.38621617e+01  6.08124156e+00 
 2.91975583e+00  3.38643480e+01  5.94432253e+00 
 2.98708461e+00  3.38664378e+01  5.81040435e+00 
 3.05596598e+00  3.38684355e+01  5.67942322e+00 
 3.12643573e+00  3.38703450e+01  5.55131648e+00 
 3.19853049e+00  3.38721701e+01  5.42602261e+00 
 3.27228774e+00  3.38739146e+01  5.30348124e+00 
 3.34774581e+00  3.38755820e+01  5.18363311e+00 
 3.42494392e+00  3.38771757e+01  5.06642006e+00 
 3.50392221e+00  3.38786989e+01  4.95178505e+00 
 3.58472171e+00  3.38801547e+01  4.83967212e+00 
 3.66738442e+00  3.38815461e+01  4.73002639e+00 
 3.75195331e+00  3.38828759e+01  4.62279404e+00 
 3.83847234e+00  3.38841467e+01  4.51792228e+00 
 3.92698648e+00  3.38853613e+01  4.41535938e+00 
 4.01754173e+00  3.38865221e+01  4.31505461e+00 
 4.11018515e+00  3.38876314e+01  4.21695826e+00 
 4.20496491e+00  3.38886915e+01  4.12102159e+00 
 4.30193027e+00  3.38897046e+01  4.02719687e+00 
 4.40113162e+00  3.38906728e+01  3.93543728e+00 
 4.50262052e+00  3.38915980e+01  3.84569699e+00 
 4.60644974e+00  3.38924821e+01  3.75793106e+00 
 4.71267322e+00  3.38933271e+01  3.67209551e+00 
 4.82134619e+00  3.38941345e+01  3.58814721e+00 
 4.93252513e+00  3.38949060e+01  3.50604393e+00 
 5.04626783e+00  3.38956433e+01  3.42574433e+00 
 5.16263340e+00  3.38963478e+01  3.34720788e+00 
 5.28168234e+00  3.38970211e+01  3.27039492e+00 
 5.40347650e+00  3.38976644e+01  3.19526659e+00 
 5.52807921e+00  3.38982791e+01  3.12178485e+00 
 5.65555523e+00  3.38988665e+01  3.04991243e+00 
 5.78597080e+00  3.38994278e+01  2.97961286e+00 
 5.91939372e+00  3.38999641e+01  2.91085041e+00 
 6.05589334e+00  3.39004766e+01  2.84359010e+00 
 6.19554061e+00  3.39009663e+01  2.77779769e+00 
 6.33840810e+00  3.39014342e+01  2.71343965e+00 
 6.48457008e+00  3.39018813e+01  2.65048315e+00 
 6.63410251e+00  3.39023085e+01  2.58889604e+00 
 6.78708313e+00  3.39027167e+01  2.52864686e+00 
 6.94359143e+00  3.39031067e+01  2.46970480e+00 
 7.10370877e+00  3.39034794e+01  2.41203970e+00 
 7.26751838e+00  3.39038355e+01  2.35562203e+00 
 7.43510539e+00  3.39041757e+01  2.30042288e+00 
 7.60655691e+00  3.39045008e+01  2.24641394e+00 
 7.78196206e+00  3.39048114e+01  2.19356750e+00 
 7.96141200e+00  3.39051081e+01  2.14185643e+00 
 8.14500001e+00  3.39053917e+01  2.09125417e+00 
 8.33282151e+00  3.39056626e+01  2.04173472e+00 
 8.52497412e+00  3.39059214e+01  1.99327259e+00 
 8.72155772e+00  3.39061687e+01  1.94584288e+00 
 8.92267449e+00  3.39064050e+01  1.89942115e+00 
 9.12842895e+00  3.39066307e+01  1.85398352e+00 
 9.33892805e+00  3.39068464e+01  1.80950656e+00 
 9.55428121e+00  3.39070524e+01  1.76596736e+00 
 9.77460036e+00  3.39072493e+01  1.72334347e+00 
 1.00000000e+01  3.39074374e+01  1.68161291e+00 
 1.02305973e+01  3.39076171e+01  1.64075414e+00 
 1.04665121e+01  3.39077887e+01  1.60074607e+00 
 1.07078670e+01  3.39079527e+01  1.56156806e+00 
 1.09547876e+01  3.39081094e+01  1.52319986e+00 
 1.12074020e+01  3.39082591e+01  1.48562165e+00 
 1.14658417e+01  3.39084021e+01  1.44881403e+00 
 1.17302409e+01  3.39085387e+01  1.41275795e+00 
 1.20007371e+01  3.39086691e+01  1.37743478e+00 
 1.22774708e+01  3.39087938e+01  1.34282625e+00 
 1.25605860e+01  3.39089128e+01  1.30891446e+00 
 1.28502297e+01  3.39090266e+01  1.27568186e+00 
 1.31465525e+01  3.39091352e+01  1.24311126e+00 
 1.34497085e+01  3.39092390e+01  1.21118579e+00 
 1.37598551e+01  3.39093381e+01  1.17988893e+00 
 1.40771537e+01  3.39094327e+01  1.14920447e+00 
 1.44017690e+01  3.39095231e+01  1.11911652e+00 
 1.47338699e+01  3.39096094e+01  1.08960950e+00 
 1.50736290e+01  3.39096919e+01  1.06066811e+00 
 1.54212228e+01  3.39097706e+01  1.03227736e+00 
 1.57768320e+01  3.39098458e+01  1.00442255e+00 
 1.61406415e+01  3.39099176e+01  9.77089219e-01 
 1.65128404e+01  3.39099861e+01  9.50263214e-01 
 1.68936220e+01  3.39100515e+01  9.23930623e-01 
 1.72831844e+01  3.39101140e+01  8.98077793e-01 
 1.76817299e+01  3.39101736e+01  8.72691317e-01 
 1.80894658e+01  3.39102305e+01  8.47758028e-01 
 1.85066040e+01  3.39102848e+01  8.23264995e-01 
 1.89333613e+01  3.39103367e+01  7.99199512e-01 
 1.93699595e+01  3.39103861e+01  7.75549094e-01 
 1.98166255e+01  3.39104333e+01  7.52301470e-01 
 2.02735916e+01  3.39104783e+01  7.29444578e-01 
 2.07410951e+01  3.39105212e+01  7.06966556e-01 
 2.12193792e+01  3.39105621e+01  6.84855739e-01 
 2.17086923e+01  3.39106012e+01  6.63100651e-01 
 2.22092889e+01  3.39106383e+01  6.41690001e-01 
 2.27214291e+01  3.39106738e+01  6.20612675e-01 
 2.32453791e+01  3.39107076e+01  5.99857731e-01 
 2.37814113e+01  3.39107397e+01  5.79414394e-01 
 2.43298042e+01  3.39107703e+01  5.59272050e-01 
 2.48908429e+01  3.39107995e+01  5.39420241e-01 
 2.54648190e+01  3.39108272e+01  5.19848659e-01 
 2.60520309e+01  3.39108536e+01  5.00547142e-01 
 2.66527837e+01  3.39108787e+01  4.81505666e-01 
 2.72673897e+01  3.39109025e+01  4.62714343e-01 
 2.78961683e+01  3.39109251e+01  4.44163413e-01 
 2.85394464e+01  3.39109466e+01  4.25843242e-01 
 2.91975583e+01  3.39109669e+01  4.07744315e-01 
 2.98708461e+01  3.39109862e+01  3.89857231e-01 
 3.05596598e+01  3.39110045e+01  3.72172699e-01 
 3.12643573e+01  3.39110218e+01  3.54681533e-01 
 3.19853049e+01  3.39110381e+01  3.37374648e-01 
 3.27228774e+01  3.39110535e+01  3.20243052e-01 
 3.34774581e+01  3.39110680e+01  3.03277846e-01 
 3.42494392e+01  3.39110817e+01  2.86470217e-01 
 3.50392221e+01  3.39110945e+01  2.69811433e-01 
 3.58472171e+01  3.39111066e+01  2.53292838e-01 
 3.66738442e+01  3.39111178e+01  2.36905852e-01 
 3.75195331e+01  3.39111283e+01  2.20641960e-01 
 3.83847234e+01  3.39111381e+01  2.04492712e-01 
 3.92698648e+01  3.39111472e+01  1.88449717e-01 
 4.01754173e+01  3.39111555e+01  1.72504640e-01 
 4.11018515e+01  3.39111632e+01  1.56649196e-01 
 4.20496491e+01  3.39111703e+01  1.40875146e-01 
 4.30193027e+01  3.39111767e+01  1.25174295e-01 
 4.40113162e+01  3.39111824e+01  1.09538484e-01 
 4.50262052e+01  3.39111876e+01  9.39595880e-02 
 4.60644974e+01  3.39111921e+01  7.84295125e-02 
 4.71267322e+01  3.39111961e+01  6.29401875e-02 
 4.82134619e+01  3.39111994e+01  4.74835643e-02 
 4.93252513e+01  3.39112022e+01  3.20516112e-02 
 5.04626783e+01  3.39112044e+01  1.66363092e-02 
 5.16263340e+01  3.39112060e+01  1.22964803e-03 
 5.28168234e+01  3.39112070e+01 -1.41763783e-02 
 5.40347650e+01  3.39112075e+01 -2.95897753e-02 
 5.52807921e+01  3.39112074e+01 -4.50185524e-02 
 5.65555523e+01  3.39112068e+01 -6.04707271e-02 
 5.78597080e+01  3.39112056e+01 -7.59543289e-02 
 5.91939372e+01  3.39112038e+01 -9.14774037e-02 
 6.05589334e+01  3.39112014e+01 -1.07048018e-01 
 6.19554061e+01  3.39111985e+01 -1.22674262e-01 
 6.33840810e+01  3.39111949e+01 -1.38364257e-01 
 6.48457008e+01  3.39111908e+01 -1.54126156e-01 
 6.63410251e+01  3.39111861e+01 -1.69968148e-01 
 6.78708313e+01  3.39111808e+01 -1.85898465e-01 
 6.94359143e+01  3.39111748e+01 -2.01925386e-01 
 7.10370877e+01  3.39111682e+01 -2.18057238e-01 
 7.26751838e+01  3.39111610e+01 -2.34302403e-01 
 7.43510539e+01  3.39111531e+01 -2.50669323e-01 
 7.60655691e+01  3.39111445e+01 -2.67166501e-01 
 7.78196206e+01  3.39111352e+01 -2.83802509e-01 
 7.96141200e+01  3.39111252e+01 -3.00585991e-01 
 8.14500001e+01  3.39111145e+01 -3.17525668e-01 
 8.33282151e+01  3.39111030e+01 -3.34630340e-01 
 8.52497412e+01  3.39110907e+01 -3.51908894e-01 
 8.72155772e+01  3.39110776e+01 -3.69370307e-01 
 8.92267449e+01  3.39110637e+01 -3.87023651e-01 
 9.12842895e+01  3.39110489e+01 -4.04878097e-01 
 9.33892805e+01  3.39110332e+01 -4.22942921e-01 
 9.55428121e+01  3.39110166e+01 -4.41227507e-01 
 9.77460036e+01  3.39109990e+01 -4.59741353e-01 
 1.00000000e+02  3.39109804e+01 -4.78494078e-01 
 1.02305973e+02  3.39109608e+01 -4.97495421e-01 
 1.04665121e+02  3.39109401e+01 -5.16755252e-01 
 1.07078670e+02  3.39109183e+01 -5.36283576e-01 
 1.09547876e+02  3.39108953e+01 -5.56090536e-01 
 1.12074020e+02  3.39108711e+01 -5.76186418e-01 
 1.14658417e+02  3.39108457e+01 -5.96581659e-01 
 1.17302409e+02  3.39108189e+01 -6.17286851e-01 
 1.20007371e+02  3.39107907e+01 -6.38312747e-01 
 1.22774708e+02  3.39107611e+01 -6.59670265e-01 
 1.25605860e+02  3.39107300e+01 -6.81370494e-01 
 1.28502297e+02  3.39106974e+01 -7.03424703e-01 
 1.31465525e+02  3.39106631e+01 -7.25844343e-01 
 1.34497085e+02  3.39106272e+01 -7.48641051e-01 
 1.37598551e+02  3.39105894e+01 -7.71826664e-01 
 1.40771537e+02  3.39105498e+01 -7.95413217e-01 
 1.44017690e+02  3.39105083e+01 -8.19412953e-01 
 1.47338699e+02  3.39104648e+01 -8.43838330e-01 
 1.50736290e+02  3.39104191e+01 -8.68702023e-01 
 1.54212228e+02  3.39103712e+01 -8.94016936e-01 
 1.57768320e+02  3.39103211e+01 -9.19796206e-01 
 1.61406415e+02  3.39102685e+01 -9.46053209e-01 
 1.65128404e+02  3.39102134e+01 -9.72801567e-01 
 1.68936220e+02  3.39101557e+01 -1.00005516e+00 
 1.72831844e+02  3.39100952e+01 -1.02782812e+00 
 1.76817299e+02  3.39100318e+01 -1.05613486e+00 
 1.80894658e+02  3.39099655e+01 -1.08499005e+00 
 1.85066040e+02  3.39098960e+01 -1.11440866e+00 
 1.89333613e+02  3.39098232e+01 -1.14440594e+00 
 1.93699595e+02  3.39097469e+01 -1.17499745e+00 
 1.98166255e+02  3.39096671e+01 -1.20619904e+00 
 2.02735916e+02  3.39095835e+01 -1.23802689e+00 
 2.07410951e+02  3.39094959e+01 -1.27049749e+00 
 2.12193792e+02  3.39094042e+01 -1.30362766e+00 
 2.17086923e+02  3.39093082e+01 -1.33743457e+00 
 2.22092889e+02  3.39092077e+01 -1.37193573e+00 
 2.27214291e+02  3.39091025e+01 -1.40714902e+00 
 2.32453791e+02  3.39089923e+01 -1.44309265e+00 
 2.37814113e+02  3.39088770e+01 -1.47978525e+00 
 2.43298042e+02  3.39087563e+01 -1.51724581e+00 
 2.48908429e+02  3.39086299e+01 -1.55549371e+00 
 2.54648190e+02  3.39084976e+01 -1.59454875e+00 
 2.60520309e+02  3.39083590e+01 -1.63443112e+00 
 2.66527837e+02  3.39082141e+01 -1.67516146e+00 
 2.72673897e+02  3.39080623e+01 -1.71676082e+00 
 2.78961683e+02  3.39079034e+01 -1.75925071e+00 
 2.85394464e+02  3.39077371e+01 -1.80265309e+00 
 2.91975583e+02  3.39075630e+01 -1.84699038e+00 
 2.98708461e+02  3.39073808e+01 -1.89228548e+00 
 3.05596598e+02  3.39071901e+01 -1.93856177e+00 
 3.12643573e+02  3.39069905e+01 -1.98584316e+00 
 3.19853049e+02  3.39067815e+01 -2.03415402e+00 
 3.27228774e+02  3.39065628e+01 -2.08351929e+00 
 3.34774581e+02  3.39063339e+01 -2.13396442e+00 
 3.42494392e+02  3.39060943e+01 -2.18551541e+00 
 3.50392221e+02  3.39058436e+01 -2.23819882e+00 
 3.58472171e+02  3.39055811e+01 -2.29204179e+00 
 3.66738442e+02  3.39053064e+01 -2.34707203e+00 
 3.75195331e+02  3.39050189e+01 -2.40331786e+00 
 3.83847234e+02  3.39047180e+01 -2.46080820e+00 
 3.92698648e+02  3.39044031e+01 -2.51957262e+00 
 4.01754173e+02  3.39040734e+01 -2.57964130e+00 
 4.11018515e+02  3.39037285e+01 -2.64104509e+00 
 4.20496491e+02  3.39033674e+01 -2.70381550e+00 
 4.30193027e+02  3.39029896e+01 -2.76798473e+00 
 4.40113162e+02  3.39025941e+01 -2.83358567e+00 
 4.50262052e+02  3.39021802e+01 -2.90065192e+00 
 4.60644974e+02  3.39017470e+01 -2.96921781e+00 
 4.71267322e+02  3.39012937e+01 -3.03931841e+00 
 4.82134619e+02  3.39008193e+01 -3.11098956e+00 
 4.93252513e+02  3.39003228e+01 -3.18426786e+00 
 5.04626783e+02  3.38998031e+01 -3.25919070e+00 
 5.16263340e+02  3.38992593e+01 -3.33579629e+00 
 5.28168234e+02  3.38986902e+01 -3.41412363e+00 
 5.40347650e+02  3.38980946e+01 -3.49421259e+00 
 5.52807921e+02  3.38974714e+01 -3.57610390e+00 
 5.65555523e+02  3.38968191e+01 -3.65983913e+00 
 5.78597080e+02  3.38961365e+01 -3.74546078e+00 
 5.91939372e+02  3.38954222e+01 -3.83301221e+00 
 6.05589334e+02  3.38946747e+01 -3.92253775e+00 
 6.19554061e+02  3.38938924e+01 -4.01408265e+00 
 6.33840810e+02  3.38930739e+01 -4.10769311e+00 
 6.48457008e+02  3.38922172e+01 -4.20341633e+00 
 6.63410251e+02  3.38913208e+01 -4.30130051e+00 
 6.78708313e+02  3.38903828e+01 -4.40139482e+00 
 6.94359143e+02  3.38894013e+01 -4.50374951e+00 
 7.10370877e+02  3.38883742e+01 -4.60841584e+00 
 7.26751838e+02  3.38872994e+01 -4.71544618e+00 
 7.43510539e+02  3.38861748e+01 -4.82489394e+00 
 7.60655691e+02  3.38849981e+01 -4.93681365e+00 
 7.78196206e+02  3.38837668e+01 -5.05126099e+00 
 7.96141200e+02  3.38824785e+01 -5.16829273e+00 
 8.14500001e+02  3.38811304e+01 -5.28796682e+00 
 8.33282151e+02  3.38797200e+01 -5.41034237e+00 
 8.52497412e+02  3.38782442e+01 -5.53547970e+00 
 8.72155772e+02  3.38767002e+01 -5.66344032e+00 
 8.92267449e+02  3.38750847e+01 -5.79428697e+00 
 9.12842895e+02  3.38733945e+01 -5.92808360e+00 
 9.33892805e+02  3.38716262e+01 -6.06489545e+00 
 9.55428121e+02  3.38697762e+01 -6.20478902e+00 
 9.77460036e+02  3.38678408e+01 -6.34783206e+00 
 1.00000000e+03  3.38658160e+01 -6.49409365e+00 
 1.02305973e+03  3.38636978e+01 -6.64364416e+00 
 1.04665121e+03  3.38614819e+01 -6.79655529e+00 
 1.07078670e+03  3.38591639e+01 -6.95290005e+00 
 1.09547876e+03  3.38567391e+01 -7.11275281e+00 
 1.12074020e+03  3.38542027e+01 -7.27618928e+00 
 1.14658417e+03  3.38515496e+01 -7.44328649e+00 
 1.17302409e+03  3.38487745e+01 -7.61412289e+00 
 1.20007371e+03  3.38458720e+01 -7.78877827e+00 
 1.22774708e+03  3.38428361e+01 -7.96733376e+00 
 1.25605860e+03  3.38396610e+01 -8.14987189e+00 
 1.28502297e+03  3.38363403e+01 -8.33647655e+00 
 1.31465525e+03  3.38328675e+01 -8.52723296e+00 
 1.34497085e+03  3.38292357e+01 -8.72222775e+00 
 1.37598551e+03  3.38254379e+01 -8.92154886e+00 
 1.40771537e+03  3.38214666e+01 -9.12528558e+00 
 1.44017690e+03  3.38173140e+01 -9.33352854e+00 
 1.47338699e+03  3.38129720e+01 -9.54636962e+00 
 1.50736290e+03  3.38084323e+01 -9.76390207e+00 
 1.54212228e+03  3.38036861e+01 -9.98622034e+00 
 1.57768320e+03  3.37987242e+01 -1.02134201e+01 
 1.61406415e+03  3.37935370e+01 -1.04455984e+01 
 1.65128404e+03  3.37881147e+01 -1.06828531e+01 
 1.68936220e+03  3.37824469e+01 -1.09252836e+01 
 1.72831844e+03  3.37765229e+01 -1.11729901e+01 
 1.76817299e+03  3.37703314e+01 -1.14260740e+01 
 1.80894658e+03  3.37638608e+01 -1.16846376e+01 
 1.85066040e+03  3.37570991e+01 -1.19487840e+01 
 1.89333613e+03  3.37500334e+01 -1.22186174e+01 
 1.93699595e+03  3.37426509e+01 -1.24942426e+01 
 1.98166255e+03  3.37349378e+01 -1.27757652e+01 
 2.02735916e+03  3.37268800e+01 -1.30632913e+01 
 2.07410951e+03  3.37184628e+01 -1.33569277e+01 
 2.12193792e+03  3.37096709e+01 -1.36567813e+01 
 2.17086923e+03  3.37004885e+01 -1.39629597e+01 
 2.22092889e+03  3.36908992e+01 -1.42755703e+01 
 2.27214291e+03  3.36808859e+01 -1.45947208e+01 
 2.32453791e+03  3.36704309e+01 -1.49205188e+01 
 2.37814113e+03  3.36595159e+01 -1.52530716e+01 
 2.43298042e+03  3.36481221e+01 -1.55924861e+01 
 2.48908429e+03  3.36362297e+01 -1.59388688e+01 
 2.54648190e+03  3.36238184e+01 -1.62923253e+01 
 2.60520309e+03  3.36108672e+01 -1.66529605e+01 
 2.66527837e+03  3.35973545e+01 -1.70208779e+01 
 2.72673897e+03  3.35832578e+01 -1.73961799e+01 
 2.78961683e+03  3.35685540e+01 -1.77789674e+01 
 2.85394464e+03  3.35532191e+01 -1.81693395e+01 
 2.91975583e+03  3.35372285e+01 -1.85673932e+01 
 2.98708461e+03  3.35205569e+01 -1.89732232e+01 
 3.05596598e+03  3.35031782e+01 -1.93869220e+01 
 3.12643573e+03  3.34850654e+01 -1.98085790e+01 
 3.19853049e+03  3.34661910e+01 -2.02382806e+01 
 3.27228774e+03  3.34465266e+01 -2.06761100e+01 
 3.34774581e+03  3.34260429e+01 -2.11221463e+01 
 3.42494392e+03  3.34047103e+01 -2.15764651e+01 
 3.50392221e+03  3.33824980e+01 -2.20391374e+01 
 3.58472171e+03  3.33593748e+01 -2.25102296e+01 
 3.66738442e+03  3.33353086e+01 -2.29898031e+01 
 3.75195331e+03  3.33102667e+01 -2.34779141e+01 
 3.83847234e+03  3.32842158e+01 -2.39746129e+01 
 3.92698648e+03  3.32571220e+01 -2.44799439e+01 
 4.01754173e+03  3.32289505e+01 -2.49939451e+01 
 4.11018515e+03  3.31996663e+01 -2.55166478e+01 
 4.20496491e+03  3.31692336e+01 -2.60480762e+01 
 4.30193027e+03  3.31376163e+01 -2.65882468e+01 
 4.40113162e+03  3.31047778e+01 -2.71371686e+01 
 4.50262052e+03  3.30706811e+01 -2.76948423e+01 
 4.60644974e+03  3.30352889e+01 -2.82612602e+01 
 4.71267322e+03  3.29985635e+01 -2.88364058e+01 
 4.82134619e+03  3.29604672e+01 -2.94202536e+01 
 4.93252513e+03  3.29209620e+01 -3.00127685e+01 
 5.04626783e+03  3.28800100e+01 -3.06139059e+01 
 5.16263340e+03  3.28375733e+01 -3.12236114e+01 
 5.28168234e+03  3.27936139e+01 -3.18418205e+01 
 5.40347650e+03  3.27480943e+01 -3.24684583e+01 
 5.52807921e+03  3.27009772e+01 -3.31034396e+01 
 5.65555523e+03  3.26522255e+01 -3.37466685e+01 
 5.78597080e+03  3.26018029e+01 -3.43980388e+01 
 5.91939372e+03  3.25496736e+01 -3.50574332e+01 
 6.05589334e+03  3.24958023e+01 -3.57247243e+01 
 6.19554061e+03  3.24401548e+01 -3.63997736e+01 
 6.33840810e+03  3.23826976e+01 -3.70824325e+01 
 6.48457008e+03  3.23233986e+01 -3.77725418e+01 
 6.63410251e+03  3.22622263e+01 -3.84699324e+01 
 6.78708313e+03  3.21991510e+01 -3.91744252e+01 
 6.94359143e+03  3.21341442e+01 -3.98858316e+01 
 7.10370877e+03  3.20671787e+01 -4.06039538e+01 
 7.26751838e+03  3.19982291e+01 -4.13285854e+01 
 7.43510539e+03  3.19272719e+01 -4.20595115e+01 
 7.60655691e+03  3.18542849e+01 -4.27965096e+01 
 7.78196206e+03  3.17792484e+01 -4.35393501e+01 
 7.96141200e+03  3.17021443e+01 -4.42877969e+01 
 8.14500001e+03  3.16229568e+01 -4.50416081e+01 
 8.33282151e+03  3.15416722e+01 -4.58005367e+01 
 8.52497412e+03  3.14582792e+01 -4.65643314e+01 
 8.72155772e+03  3.13727688e+01 -4.73327378e+01 
 8.92267449e+03  3.12851342e+01 -4.81054983e+01 
 9.12842895e+03  3.11953713e+01 -4.88823541e+01 
 9.33892805e+03  3.11034785e+01 -4.96630455e+01 
 9.55428121e+03  3.10094566e+01 -5.04473131e+01 
 9.77460036e+03  3.09133089e+01 -5.12348982e+01 
 1.00000000e+04  3.08150417e+01 -5.20255449e+01 
 1.02305973e+04  3.07146633e+01 -5.28190001e+01 
 1.04665121e+04  3.06121851e+01 -5.36150144e+01 
 1.07078670e+04  3.05076209e+01 -5.44133442e+01 
 1.09547876e+04  3.04009870e+01 -5.52137515e+01 
 1.12074020e+04  3.02923022e+01 -5.60160055e+01 
 1.14658417e+04  3.01815880e+01 -5.68198833e+01 
 1.17302409e+04  3.00688682e+01 -5.76251709e+01 
 1.20007371e+04  2.99541690e+01 -5.84316642e+01 
 1.22774708e+04  2.98375191e+01 -5.92391695e+01 
 1.25605860e+04  2.97189492e+01 -6.00475053e+01 
 1.28502297e+04  2.95984924e+01 -6.08565014e+01 
 1.31465525e+04  2.94761839e+01 -6.16660014e+01 
 1.34497085e+04  2.93520609e+01 -6.24758627e+01 
 1.37598551e+04  2.92261625e+01 -6.32859569e+01 
 1.40771537e+04  2.90985297e+01 -6.40961708e+01 
 1.44017690e+04  2.89692052e+01 -6.49064071e+01 
 1.47338699e+04  2.88382336e+01 -6.57165849e+01 
 1.50736290e+04  2.87056607e+01 -6.65266399e+01 
 1.54212228e+04  2.85715340e+01 -6.73365254e+01 
 1.57768320e+04  2.84359023e+01 -6.81462123e+01 
 1.61406415e+04  2.82988157e+01 -6.89556900e+01 
 1.65128404e+04  2.81603253e+01 -6.97649664e+01 
 1.68936220e+04  2.80204835e+01 -7.05740680e+01 
 1.72831844e+04  2.78793435e+01 -7.13830414e+01 
 1.76817299e+04  2.77369594e+01 -7.21919521e+01 
 1.80894658e+04  2.75933859e+01 -7.30008865e+01 
 1.85066040e+04  2.74486787e+01 -7.38099504e+01 
 1.89333613e+04  2.73028938e+01 -7.46192704e+01 
 1.93699595e+04  2.71560877e+01 -7.54289941e+01 
 1.98166255e+04  2.70083175e+01 -7.62392901e+01 
 2.02735916e+04  2.68596403e+01 -7.70503484e+01 
 2.07410951e+04  2.67101136e+01 -7.78623807e+01 
 2.12193792e+04  2.65597948e+01 -7.86756210e+01 
 2.17086923e+04  2.64087416e+01 -7.94903249e+01 
 2.22092889e+04  2.62570114e+01 -8.03067715e+01 
 2.27214291e+04  2.61046613e+01 -8.11252612e+01 
 2.32453791e+04  2.59517485e+01 -8.19461217e+01 
 2.37814113e+04  2.57983296e+01 -8.27697009e+01 
 2.43298042e+04  2.56444605e+01 -8.35963719e+01 
 2.48908429e+04  2.54901969e+01 -8.44265334e+01 
 2.54648190e+04  2.53355933e+01 -8.52606087e+01 
 2.60520309e+04  2.51807037e+01 -8.60990476e+01 
 2.66527837e+04  2.50255808e+01 -8.69423263e+01 
 2.72673897e+04  2.48702762e+01 -8.77909477e+01 
 2.78961683e+04  2.47148401e+01 -8.86454434e+01 
 2.85394464e+04  2.45593212e+01 -8.95063729e+01 
 2.91975583e+04  2.44037663e+01 -9.03743257e+01 
 2.98708461e+04  2.42482201e+01 -9.12499206e+01 
 3.05596598e+04  2.40927253e+01 -9.21338082e+01 
 3.12643573e+04  2.39373216e+01 -9.30266697e+01 
 3.19853049e+04  2.37820460e+01 -9.39292199e+01 
 3.27228774e+04  2.36269321e+01 -9.48422062e+01 
 3.34774581e+04  2.34720099e+01 -9.57664096e+01 
 3.42494392e+04  2.33173050e+01 -9.67026462e+01 
 3.50392221e+04  2.31628385e+01 -9.76517669e+01 
 3.58472171e+04  2.30086264e+01 -9.86146579e+01 
 3.66738442e+04  2.28546784e+01 -9.95922413e+01 
 3.75195331e+04  2.27009983e+01 -1.00585475e+02 
 3.83847234e+04  2.25475821e+01 -1.01595351e+02 
 3.92698648e+04  2.23944181e+01 -1.02622897e+02 
 4.01754173e+04  2.22414855e+01 -1.03669177e+02 
 4.11018515e+04  2.20887538e+01 -1.04735282e+02 
 4.20496491e+04  2.19361815e+01 -1.05822337e+02 
 4.30193027e+04  2.17837151e+01 -1.06931491e+02 
 4.40113162e+04  2.16312881e+01 -1.08063920e+02 
 4.50262052e+04  2.14788193e+01 -1.09220816e+02 
 4.60644974e+04  2.13262123e+01 -1.10403384e+02 
 4.71267322e+04  2.11733535e+01 -1.11612837e+02 
 4.82134619e+04  2.10201109e+01 -1.12850384e+02 
 4.93252513e+04  2.08663329e+01 -1.14117220e+02 
 5.04626783e+04  2.07118470e+01 -1.15414518e+02 
 5.16263340e+04  2.05564581e+01 -1.16743410e+02 
 5.28168234e+04  2.03999480e+01 -1.18104975e+02 
 5.40347650e+04  2.02420738e+01 -1.19500221e+02 
 5.52807921e+04  2.00825672e+01 -1.20930059e+02 
 5.65555523e+04  1.99211345e+01 -1.22395286e+02 
 5.78597080e+04  1.97574559e+01 -1.23896559e+02 
 5.91939372e+04  1.95911860e+01 -1.25434365e+02 
 6.05589334e+04  1.94219549e+01 -1.27008994e+02 
 6.19554061e+04  1.92493692e+01 -1.28620511e+02 
 6.33840810e+04  1.90730150e+01 -1.30268719e+02 
 6.48457008e+04  1.88924606e+01 -1.31953132e+02 
 6.63410251e+04  1.87072604e+01 -1.33672943e+02 
 6.78708313e+04  1.85169599e+01 -1.35426997e+02 
 6.94359143e+04  1.83211018e+01 -1.37213766e+02 
 7.10370877e+04  1.81192326e+01 -1.39031326e+02 
 7.26751838e+04  1.79109102e+01 -1.40877347e+02 
 7.43510539e+04  1.76957122e+01 -1.42749083e+02 
 7.60655691e+04  1.74732451e+01 -1.44643380e+02 
 7.78196206e+04  1.72431526e+01 -1.46556680e+02 
 7.96141200e+04  1.70051254e+01 -1.48485054e+02 
 8.14500001e+04  1.67589096e+01 -1.50424230e+02 
 8.33282151e+04  1.65043140e+01 -1.52369639e+02 
 8.52497412e+04  1.62412177e+01 -1.54316471e+02 
 8.72155772e+04  1.59695750e+01 -1.56259740e+02 
 8.92267449e+04  1.56894192e+01 -1.58194348e+02 
 9.12842895e+04  1.54008641e+01 -1.60115166e+02 
 9.33892805e+04  1.51041044e+01 -1.62017101e+02 
 9.55428121e+04  1.47994130e+01 -1.63895177e+02 
 9.77460036e+04  1.44871372e+01 -1.65744602e+02 
 1.00000000e+05  1.41676928e+01 -1.67560828e+02 
 1.02305973e+05  1.38415573e+01 -1.69339612e+02 
 1.04665121e+05  1.35092613e+01 -1.71077056e+02 
 1.07078670e+05  1.31713798e+01 -1.72769644e+02 
 1.09547876e+05  1.28285228e+01 -1.74414264e+02 
 1.12074020e+05  1.24813257e+01 -1.76008224e+02 
 1.14658417e+05  1.21304406e+01 -1.77549252e+02 
 1.17302409e+05  1.17765272e+01 -1.79035489e+02 
 1.20007371e+05  1.14202455e+01 -1.80465481e+02 
 1.22774708e+05  1.10622481e+01 -1.81838153e+02 
 1.25605860e+05  1.07031743e+01 -1.83152788e+02 
 1.28502297e+05  1.03436453e+01 -1.84408999e+02 
 1.31465525e+05  9.98425919e+00 -1.85606699e+02 
 1.34497085e+05  9.62558842e+00 -1.86746070e+02 
 1.37598551e+05  9.26817677e+00 -1.87827533e+02 
 1.40771537e+05  8.91253783e+00 -1.88851717e+02 
 1.44017690e+05  8.55915386e+00 -1.89819435e+02 
 1.47338699e+05  8.20847529e+00 -1.90731649e+02 
 1.50736290e+05  7.86092068e+00 -1.91589456e+02 
 1.54212228e+05  7.51687704e+00 -1.92394056e+02 
 1.57768320e+05  7.17670050e+00 -1.93146740e+02 
 1.61406415e+05  6.84071717e+00 -1.93848866e+02 
 1.65128404e+05  6.50922421e+00 -1.94501847e+02 
 1.68936220e+05  6.18249099e+00 -1.95107139e+02 
 1.72831844e+05  5.86076035e+00 -1.95666224e+02 
 1.76817299e+05  5.54424986e+00 -1.96180604e+02 
 1.80894658e+05  5.23315313e+00 -1.96651791e+02 
 1.85066040e+05  4.92764114e+00 -1.97081302e+02 
 1.89333613e+05  4.62786341e+00 -1.97470651e+02 
 1.93699595e+05  4.33394929e+00 -1.97821344e+02 
 1.98166255e+05  4.04600911e+00 -1.98134876e+02 
 2.02735916e+05  3.76413529e+00 -1.98412726e+02 
 2.07410951e+05  3.48840341e+00 -1.98656357e+02 
 2.12193792e+05  3.21887322e+00 -1.98867213e+02 
 2.17086923e+05  2.95558958e+00 -1.99046714e+02 
 2.22092889e+05  2.69858338e+00 -1.99196257e+02 
 2.27214291e+05  2.44787237e+00 -1.99317218e+02 
 2.32453791e+05  2.20346197e+00 -1.99410942e+02 
 2.37814113e+05  1.96534602e+00 -1.99478754e+02 
 2.43298042e+05  1.73350753e+00 -1.99521946e+02 
 2.48908429e+05  1.50791934e+00 -1.99541786e+02 
 2.54648190e+05  1.28854478e+00 -1.99539511e+02 
 2.60520309e+05  1.07533829e+00 -1.99516331e+02 
 2.66527837e+05  8.68246018e-01 -1.99473426e+02 
 2.72673897e+05  6.67206416e-01 -1.99411943e+02 
 2.78961683e+05  4.72150771e-01 -1.99333002e+02 
 2.85394464e+05  2.83003748e-01 -1.99237690e+02 
 2.91975583e+05  9.96839229e-02 -1.99127063e+02 
 2.98708461e+05 -7.78957237e-02 -1.99002144e+02 
 3.05596598e+05 -2.49827308e-01 -1.98863924e+02 
 3.12643573e+05 -4.16207580e-01 -1.98713361e+02 
 3.19853049e+05 -5.77137445e-01 -1.98551382e+02 
 3.27228774e+05 -7.32721511e-01 -1.98378878e+02 
 3.34774581e+05 -8.83067669e-01 -1.98196709e+02 
 3.42494392e+05 -1.02828665e+00 -1.98005699e+02 
 3.50392221e+05 -1.16849162e+00 -1.97806642e+02 
 3.58472171e+05 -1.30379781e+00 -1.97600296e+02 
 3.66738442e+05 -1.43432207e+00 -1.97387387e+02 
 3.75195331e+05 -1.56018257e+00 -1.97168608e+02 
 3.83847234e+05 -1.68149843e+00 -1.96944619e+02 
 3.92698648e+05 -1.79838935e+00 -1.96716049e+02 
 4.01754173e+05 -1.91097534e+00 -1.96483493e+02 
 4.11018515e+05 -2.01937641e+00 -1.96247518e+02 
 4.20496491e+05 -2.12371225e+00 -1.96008657e+02 
 4.30193027e+05 -2.22410203e+00 -1.95767415e+02 
 4.40113162e+05 -2.32066410e+00 -1.95524269e+02 
 4.50262052e+05 -2.41351578e+00 -1.95279666e+02 
 4.60644974e+05 -2.50277316e+00 -1.95034024e+02 
 4.71267322e+05 -2.58855089e+00 -1.94787738e+02 
 4.82134619e+05 -2.67096200e+00 -1.94541174e+02 
 4.93252513e+05 -2.75011779e+00 -1.94294675e+02 
 5.04626783e+05 -2.82612764e+00 -1.94048559e+02 
 5.16263340e+05 -2.89909888e+00 -1.93803122e+02 
 5.28168234e+05 -2.96913674e+00 -1.93558637e+02 
 5.40347650e+05 -3.03634419e+00 -1.93315357e+02 
 5.52807921e+05 -3.10082189e+00 -1.93073514e+02 
 5.65555523e+05 -3.16266815e+00 -1.92833320e+02 
 5.78597080e+05 -3.22197883e+00 -1.92594972e+02 
 5.91939372e+05 -3.27884731e+00 -1.92358648e+02 
 6.05589334e+05 -3.33336449e+00 -1.92124507e+02 
 6.19554061e+05 -3.38561875e+00 -1.91892698e+02 
 6.33840810e+05 -3.43569592e+00 -1.91663351e+02 
 6.48457008e+05 -3.48367931e+00 -1.91436584e+02 
 6.63410251e+05 -3.52964972e+00 -1.91212503e+02 
 6.78708313e+05 -3.57368542e+00 -1.90991199e+02 
 6.94359143e+05 -3.61586221e+00 -1.90772756e+02 
 7.10370877e+05 -3.65625340e+00 -1.90557243e+02 
 7.26751838e+05 -3.69492989e+00 -1.90344723e+02 
 7.43510539e+05 -3.73196020e+00 -1.90135246e+02 
 7.60655691e+05 -3.76741045e+00 -1.89928857e+02 
 7.78196206e+05 -3.80134450e+00 -1.89725590e+02 
 7.96141200e+05 -3.83382392e+00 -1.89525474e+02 
 8.14500001e+05 -3.86490807e+00 -1.89328530e+02 
 8.33282151e+05 -3.89465416e+00 -1.89134771e+02 
 8.52497412e+05 -3.92311727e+00 -1.88944208e+02 
 8.72155772e+05 -3.95035045e+00 -1.88756844e+02 
 8.92267449e+05 -3.97640473e+00 -1.88572677e+02 
 9.12842895e+05 -4.00132921e+00 -1.88391701e+02 
 9.33892805e+05 -4.02517109e+00 -1.88213906e+02 
 9.55428121e+05 -4.04797576e+00 -1.88039279e+02 
 9.77460036e+05 -4.06978682e+00 -1.87867800e+02 
 1.00000000e+06 -4.09064615e+00 -1.87699451e+02 
 1.02305973e+06 -4.11059397e+00 -1.87534208e+02 
 1.04665121e+06 -4.12966891e+00 -1.87372044e+02 
 1.07078670e+06 -4.14790801e+00 -1.87212931e+02 
 1.09547876e+06 -4.16534685e+00 -1.87056839e+02 
 1.12074020e+06 -4.18201954e+00 -1.86903736e+02 
 1.14658417e+06 -4.19795878e+00 -1.86753587e+02 
 1.17302409e+06 -4.21319596e+00 -1.86606358e+02 
 1.20007371e+06 -4.22776115e+00 -1.86462011e+02 
 1.22774708e+06 -4.24168317e+00 -1.86320509e+02 
 1.25605860e+06 -4.25498963e+00 -1.86181813e+02 
 1.28502297e+06 -4.26770702e+00 -1.86045883e+02 
 1.31465525e+06 -4.27986067e+00 -1.85912680e+02 
 1.34497085e+06 -4.29147486e+00 -1.85782163e+02 
 1.37598551e+06 -4.30257286e+00 -1.85654290e+02 
 1.40771537e+06 -4.31317692e+00 -1.85529020e+02 
 1.44017690e+06 -4.32330836e+00 -1.85406311e+02 
 1.47338699e+06 -4.33298757e+00 -1.85286121e+02 
 1.50736290e+06 -4.34223410e+00 -1.85168409e+02 
 1.54212228e+06 -4.35106663e+00 -1.85053131e+02 
 1.57768320e+06 -4.35950303e+00 -1.84940247e+02 
 1.61406415e+06 -4.36756042e+00 -1.84829715e+02 
 1.65128404e+06 -4.37525518e+00 -1.84721492e+02 
 1.68936220e+06 -4.38260295e+00 -1.84615538e+02 
 1.72831844e+06 -4.38961872e+00 -1.84511812e+02 
 1.76817299e+06 -4.39631681e+00 -1.84410272e+02 
 1.80894658e+06 -4.40271093e+00 -1.84310879e+02 
 1.85066040e+06 -4.40881418e+00 -1.84213592e+02 
 1.89333613e+06 -4.41463910e+00 -1.84118372e+02 
 1.93699595e+06 -4.42019766e+00 -1.84025179e+02 
 1.98166255e+06 -4.42550133e+00 -1.83933977e+02 
 2.02735916e+06 -4.43056107e+00 -1.83844725e+02 
 2.07410951e+06 -4.43538737e+00 -1.83757387e+02 
 2.12193792e+06 -4.43999023e+00 -1.83671927e+02 
 2.17086923e+06 -4.44437926e+00 -1.83588306e+02 
 2.22092889e+06 -4.44856361e+00 -1.83506491e+02 
 2.27214291e+06 -4.45255206e+00 -1.83426444e+02 
 2.32453791e+06 -4.45635299e+00 -1.83348133e+02 
 2.37814113e+06 -4.45997444e+00 -1.83271523e+02 
 2.43298042e+06 -4.46342407e+00 -1.83196580e+02 
 2.48908429e+06 -4.46670925e+00 -1.83123272e+02 
 2.54648190e+06 -4.46983699e+00 -1.83051566e+02 
 2.60520309e+06 -4.47281405e+00 -1.82981431e+02 
 2.66527837e+06 -4.47564687e+00 -1.82912836e+02 
 2.72673897e+06 -4.47834163e+00 -1.82845751e+02 
 2.78961683e+06 -4.48090424e+00 -1.82780145e+02 
 2.85394464e+06 -4.48334039e+00 -1.82715990e+02 
 2.91975583e+06 -4.48565552e+00 -1.82653258e+02 
 2.98708461e+06 -4.48785484e+00 -1.82591919e+02 
 3.05596598e+06 -4.48994336e+00 -1.82531946e+02 
 3.12643573e+06 -4.49192588e+00 -1.82473313e+02 
 3.19853049e+06 -4.49380704e+00 -1.82415993e+02 
 3.27228774e+06 -4.49559125e+00 -1.82359961e+02 
 3.34774581e+06 -4.49728278e+00 -1.82305190e+02 
 3.42494392e+06 -4.49888574e+00 -1.82251656e+02 
 3.50392221e+06 -4.50040405e+00 -1.82199335e+02 
 3.58472171e+06 -4.50184152e+00 -1.82148202e+02 
 3.66738442e+06 -4.50320180e+00 -1.82098235e+02 
 3.75195331e+06 -4.50448840e+00 -1.82049409e+02 
 3.83847234e+06 -4.50570471e+00 -1.82001703e+02 
 3.92698648e+06 -4.50685399e+00 -1.81955094e+02 
 4.01754173e+06 -4.50793939e+00 -1.81909560e+02 
 4.11018515e+06 -4.50896395e+00 -1.81865080e+02 
 4.20496491e+06 -4.50993057e+00 -1.81821632e+02 
 4.30193027e+06 -4.51084209e+00 -1.81779196e+02 
 4.40113162e+06 -4.51170121e+00 -1.81737750e+02 
 4.50262052e+06 -4.51251057e+00 -1.81697276e+02 
 4.60644974e+06 -4.51327267e+00 -1.81657753e+02 
 4.71267322e+06 -4.51398997e+00 -1.81619161e+02 
 4.82134619e+06 -4.51466480e+00 -1.81581481e+02 
 4.93252513e+06 -4.51529942e+00 -1.81544694e+02 
 5.04626783e+06 -4.51589601e+00 -1.81508781e+02 
 5.16263340e+06 -4.51645666e+00 -1.81473723e+02 
 5.28168234e+06 -4.51698338e+00 -1.81439502e+02 
 5.40347650e+06 -4.51747810e+00 -1.81406101e+02 
 5.52807921e+06 -4.51794269e+00 -1.81373500e+02 
 5.65555523e+06 -4.51837893e+00 -1.81341683e+02 
 5.78597080e+06 -4.51878852e+00 -1.81310632e+02 
 5.91939372e+06 -4.51917311e+00 -1.81280331e+02 
 6.05589334e+06 -4.51953425e+00 -1.81250761e+02 
 6.19554061e+06 -4.51987345e+00 -1.81221906e+02 
 6.33840810e+06 -4.52019213e+00 -1.81193750e+02 
 6.48457008e+06 -4.52049166e+00 -1.81166276e+02 
 6.63410251e+06 -4.52077333e+00 -1.81139469e+02 
 6.78708313e+06 -4.52103838e+00 -1.81113312e+02 
 6.94359143e+06 -4.52128798e+00 -1.81087791e+02 
 7.10370877e+06 -4.52152323e+00 -1.81062889e+02 
 7.26751838e+06 -4.52174519e+00 -1.81038592e+02 
 7.43510539e+06 -4.52195486e+00 -1.81014885e+02 
 7.60655691e+06 -4.52215316e+00 -1.80991752e+02 
 7.78196206e+06 -4.52234099e+00 -1.80969181e+02 
 7.96141200e+06 -4.52251917e+00 -1.80947156e+02 
 8.14500001e+06 -4.52268847e+00 -1.80925665e+02 
 8.33282151e+06 -4.52284964e+00 -1.80904692e+02 
 8.52497412e+06 -4.52300334e+00 -1.80884226e+02 
 8.72155772e+06 -4.52315021e+00 -1.80864252e+02 
 8.92267449e+06 -4.52329084e+00 -1.80844758e+02 
 9.12842895e+06 -4.52342577e+00 -1.80825732e+02 
 9.33892805e+06 -4.52355552e+00 -1.80807162e+02 
 9.55428121e+06 -4.52368055e+00 -1.80789034e+02 
 9.77460036e+06 -4.52380127e+00 -1.80771339e+02 
 1.00000000e+07 -4.52391810e+00 -1.80754063e+02 
 1.02305973e+07 -4.52403137e+00 -1.80737196e+02 
 1.04665121e+07 -4.52414143e+00 -1.80720728e+02 
 1.07078670e+07 -4.52424855e+00 -1.80704646e+02 
 1.09547876e+07 -4.52435301e+00 -1.80688942e+02 
 1.12074020e+07 -4.52445505e+00 -1.80673605e+02 
 1.14658417e+07 -4.52455486e+00 -1.80658624e+02 
 1.17302409e+07 -4.52465264e+00 -1.80643992e+02 
 1.20007371e+07 -4.52474854e+00 -1.80629697e+02 
 1.22774708e+07 -4.52484272e+00 -1.80615731e+02 
 1.25605860e+07 -4.52493529e+00 -1.80602086e+02 
 1.28502297e+07 -4.52502635e+00 -1.80588752e+02 
 1.31465525e+07 -4.52511598e+00 -1.80575722e+02 
 1.34497085e+07 -4.52520426e+00 -1.80562987e+02 
 1.37598551e+07 -4.52529124e+00 -1.80550540e+02 
 1.40771537e+07 -4.52537696e+00 -1.80538373e+02 
 1.44017690e+07 -4.52546144e+00 -1.80526478e+02 
 1.47338699e+07 -4.52554471e+00 -1.80514849e+02 
 1.50736290e+07 -4.52562678e+00 -1.80503479e+02 
 1.54212228e+07 -4.52570764e+00 -1.80492360e+02 
 1.57768320e+07 -4.52578728e+00 -1.80481487e+02 
 1.61406415e+07 -4.52586570e+00 -1.80470854e+02 
 1.65128404e+07 -4.52594286e+00 -1.80460454e+02 
 1.68936220e+07 -4.52601875e+00 -1.80450281e+02 
 1.72831844e+07 -4.52609334e+00 -1.80440330e+02 
 1.76817299e+07 -4.52616660e+00 -1.80430595e+02 
 1.80894658e+07 -4.52623849e+00 -1.80421072e+02 
 1.85066040e+07 -4.52630898e+00 -1.80411755e+02 
 1.89333613e+07 -4.52637803e+00 -1.80402638e+02 
 1.93699595e+07 -4.52644561e+00 -1.80393718e+02 
 1.98166255e+07 -4.52651168e+00 -1.80384990e+02 
 2.02735916e+07 -4.52657621e+00 -1.80376450e+02 
 2.07410951e+07 -4.52663917e+00 -1.80368092e+02 
 2.12193792e+07 -4.52670052e+00 -1.80359913e+02 
 2.17086923e+07 -4.52676023e+00 -1.80351910e+02 
 2.22092889e+07 -4.52681828e+00 -1.80344077e+02 
 2.27214291e+07 -4.52687465e+00 -1.80336411e+02 
 2.32453791e+07 -4.52692930e+00 -1.80328910e+02 
 2.37814113e+07 -4.52698224e+00 -1.80321568e+02 
 2.43298042e+07 -4.52703343e+00 -1.80314383e+02 
 2.48908429e+07 -4.52708288e+00 -1.80307352e+02 
 2.54648190e+07 -4.52713056e+00 -1.80300470e+02 
 2.60520309e+07 -4.52717649e+00 -1.80293736e+02 
 2.66527837e+07 -4.52722066e+00 -1.80287146e+02 
 2.72673897e+07 -4.52726306e+00 -1.80280697e+02 
 2.78961683e+07 -4.52730372e+00 -1.80274386e+02 
 2.85394464e+07 -4.52734263e+00 -1.80268210e+02 
 2.91975583e+07 -4.52737981e+00 -1.80262167e+02 
 2.98708461e+07 -4.52741529e+00 -1.80256255e+02 
 3.05596598e+07 -4.52744907e+00 -1.80250470e+02 
 3.12643573e+07 -4.52748118e+00 -1.80244810e+02 
 3.19853049e+07 -4.52751165e+00 -1.80239272e+02 
 3.27228774e+07 -4.52754051e+00 -1.80233854e+02 
 3.34774581e+07 -4.52756779e+00 -1.80228555e+02 
 3.42494392e+07 -4.52759351e+00 -1.80223370e+02 
 3.50392221e+07 -4.52761772e+00 -1.80218299e+02 
 3.58472171e+07 -4.52764046e+00 -1.80213339e+02 
 3.66738442e+07 -4.52766176e+00 -1.80208488e+02 
 3.75195331e+07 -4.52768167e+00 -1.80203743e+02 
 3.83847234e+07 -4.52770023e+00 -1.80199103e+02 
 3.92698648e+07 -4.52771748e+00 -1.80194565e+02 
 4.01754173e+07 -4.52773346e+00 -1.80190128e+02 
 4.11018515e+07 -4.52774823e+00 -1.80185790e+02 
 4.20496491e+07 -4.52776183e+00 -1.80181547e+02 
 4.30193027e+07 -4.52777430e+00 -1.80177400e+02 
 4.40113162e+07 -4.52778570e+00 -1.80173345e+02 
 4.50262052e+07 -4.52779607e+00 -1.80169381e+02 
 4.60644974e+07 -4.52780546e+00 -1.80165507e+02 
 4.71267322e+07 -4.52781391e+00 -1.80161719e+02 
 4.82134619e+07 -4.52782148e+00 -1.80158017e+02 
 4.93252513e+07 -4.52782820e+00 -1.80154398e+02 
 5.04626783e+07 -4.52783413e+00 -1.80150862e+02 
 5.16263340e+07 -4.52783931e+00 -1.80147406e+02 
 5.28168234e+07 -4.52784379e+00 -1.80144028e+02 
 5.40347650e+07 -4.52784759e+00 -1.80140727e+02 
 5.52807921e+07 -4.52785078e+00 -1.80137502e+02 
 5.65555523e+07 -4.52785339e+00 -1.80134350e+02 
 5.78597080e+07 -4.52785545e+00 -1.80131270e+02 
 5.91939372e+07 -4.52785702e+00 -1.80128261e+02 
 6.05589334e+07 -4.52785811e+00 -1.80125321e+02 
 6.19554061e+07 -4.52785878e+00 -1.80122449e+02 
 6.33840810e+07 -4.52785905e+00 -1.80119642e+02 
 6.48457008e+07 -4.52785895e+00 -1.80116901e+02 
 6.63410251e+07 -4.52785853e+00 -1.80114222e+02 
 6.78708313e+07 -4.52785780e+00 -1.80111605e+02 
 6.94359143e+07 -4.52785679e+00 -1.80109049e+02 
 7.10370877e+07 -4.52785554e+00 -1.80106551e+02 
 7.26751838e+07 -4.52785407e+00 -1.80104111e+02 
 7.43510539e+07 -4.52785240e+00 -1.80101728e+02 
 7.60655691e+07 -4.52785055e+00 -1.80099400e+02 
 7.78196206e+07 -4.52784855e+00 -1.80097125e+02 
 7.96141200e+07 -4.52784642e+00 -1.80094903e+02 
 8.14500001e+07 -4.52784416e+00 -1.80092733e+02 
 8.33282151e+07 -4.52784181e+00 -1.80090613e+02 
 8.52497412e+07 -4.52783938e+00 -1.80088542e+02 
 8.72155772e+07 -4.52783688e+00 -1.80086518e+02 
 8.92267449e+07 -4.52783432e+00 -1.80084542e+02 
 9.12842895e+07 -4.52783172e+00 -1.80082611e+02 
 9.33892805e+07 -4.52782909e+00 -1.80080725e+02 
 9.55428121e+07 -4.52782644e+00 -1.80078883e+02 
 9.77460036e+07 -4.52782378e+00 -1.80077083e+02 
 1.00000000e+08 -4.52782112e+00 -1.80075325e+02 
 1.02305973e+08 -4.52781847e+00 -1.80073607e+02 
 1.04665121e+08 -4.52781583e+00 -1.80071929e+02 
 1.07078670e+08 -4.52781321e+00 -1.80070290e+02 
 1.09547876e+08 -4.52781062e+00 -1.80068689e+02 
 1.12074020e+08 -4.52780806e+00 -1.80067124e+02 
 1.14658417e+08 -4.52780554e+00 -1.80065596e+02 
 1.17302409e+08 -4.52780305e+00 -1.80064103e+02 
 1.20007371e+08 -4.52780061e+00 -1.80062644e+02 
 1.22774708e+08 -4.52779821e+00 -1.80061219e+02 
 1.25605860e+08 -4.52779586e+00 -1.80059826e+02 
 1.28502297e+08 -4.52779357e+00 -1.80058466e+02 
 1.31465525e+08 -4.52779132e+00 -1.80057137e+02 
 1.34497085e+08 -4.52778913e+00 -1.80055838e+02 
 1.37598551e+08 -4.52778700e+00 -1.80054569e+02 
 1.40771537e+08 -4.52778492e+00 -1.80053330e+02 
 1.44017690e+08 -4.52778289e+00 -1.80052118e+02 
 1.47338699e+08 -4.52778093e+00 -1.80050935e+02 
 1.50736290e+08 -4.52777902e+00 -1.80049779e+02 
 1.54212228e+08 -4.52777716e+00 -1.80048649e+02 
 1.57768320e+08 -4.52777536e+00 -1.80047545e+02 
 1.61406415e+08 -4.52777362e+00 -1.80046466e+02 
 1.65128404e+08 -4.52777193e+00 -1.80045411e+02 
 1.68936220e+08 -4.52777030e+00 -1.80044381e+02 
 1.72831844e+08 -4.52776872e+00 -1.80043375e+02 
 1.76817299e+08 -4.52776720e+00 -1.80042391e+02 
 1.80894658e+08 -4.52776572e+00 -1.80041430e+02 
 1.85066040e+08 -4.52776430e+00 -1.80040491e+02 
 1.89333613e+08 -4.52776293e+00 -1.80039573e+02 
 1.93699595e+08 -4.52776160e+00 -1.80038676e+02 
 1.98166255e+08 -4.52776032e+00 -1.80037799e+02 
 2.02735916e+08 -4.52775909e+00 -1.80036943e+02 
 2.07410951e+08 -4.52775791e+00 -1.80036106e+02 
 2.12193792e+08 -4.52775676e+00 -1.80035287e+02 
 2.17086923e+08 -4.52775566e+00 -1.80034488e+02 
 2.22092889e+08 -4.52775461e+00 -1.80033706e+02 
 2.27214291e+08 -4.52775359e+00 -1.80032943e+02 
 2.32453791e+08 -4.52775261e+00 -1.80032197e+02 
 2.37814113e+08 -4.52775167e+00 -1.80031467e+02 
 2.43298042e+08 -4.52775076e+00 -1.80030754e+02 
 2.48908429e+08 -4.52774989e+00 -1.80030058e+02 
 2.54648190e+08 -4.52774906e+00 -1.80029377e+02 
 2.60520309e+08 -4.52774826e+00 -1.80028711e+02 
 2.66527837e+08 -4.52774749e+00 -1.80028061e+02 
 2.72673897e+08 -4.52774675e+00 -1.80027425e+02 
 2.78961683e+08 -4.52774604e+00 -1.80026804e+02 
 2.85394464e+08 -4.52774536e+00 -1.80026196e+02 
 2.91975583e+08 -4.52774471e+00 -1.80025603e+02 
 2.98708461e+08 -4.52774408e+00 -1.80025022e+02 
 3.05596598e+08 -4.52774348e+00 -1.80024455e+02 
 3.12643573e+08 -4.52774291e+00 -1.80023901e+02 
 3.19853049e+08 -4.52774235e+00 -1.80023359e+02 
 3.27228774e+08 -4.52774183e+00 -1.80022830e+02 
 3.34774581e+08 -4.52774132e+00 -1.80022312e+02 
 3.42494392e+08 -4.52774083e+00 -1.80021806e+02 
 3.50392221e+08 -4.52774037e+00 -1.80021312e+02 
 3.58472171e+08 -4.52773992e+00 -1.80020828e+02 
 3.66738442e+08 -4.52773950e+00 -1.80020356e+02 
 3.75195331e+08 -4.52773909e+00 -1.80019894e+02 
 3.83847234e+08 -4.52773869e+00 -1.80019442e+02 
 3.92698648e+08 -4.52773832e+00 -1.80019001e+02 
 4.01754173e+08 -4.52773796e+00 -1.80018569e+02 
 4.11018515e+08 -4.52773762e+00 -1.80018148e+02 
 4.20496491e+08 -4.52773729e+00 -1.80017735e+02 
 4.30193027e+08 -4.52773697e+00 -1.80017332e+02 
 4.40113162e+08 -4.52773667e+00 -1.80016938e+02 
 4.50262052e+08 -4.52773638e+00 -1.80016553e+02 
 4.60644974e+08 -4.52773611e+00 -1.80016177e+02 
 4.71267322e+08 -4.52773584e+00 -1.80015808e+02 
 4.82134619e+08 -4.52773559e+00 -1.80015449e+02 
 4.93252513e+08 -4.52773535e+00 -1.80015097e+02 
 5.04626783e+08 -4.52773512e+00 -1.80014753e+02 
 5.16263340e+08 -4.52773489e+00 -1.80014417e+02 
 5.28168234e+08 -4.52773468e+00 -1.80014088e+02 
 5.40347650e+08 -4.52773448e+00 -1.80013766e+02 
 5.52807921e+08 -4.52773429e+00 -1.80013452e+02 
 5.65555523e+08 -4.52773410e+00 -1.80013145e+02 
 5.78597080e+08 -4.52773392e+00 -1.80012845e+02 
 5.91939372e+08 -4.52773375e+00 -1.80012551e+02 
 6.05589334e+08 -4.52773359e+00 -1.80012264e+02 
 6.19554061e+08 -4.52773344e+00 -1.80011983e+02 
 6.33840810e+08 -4.52773329e+00 -1.80011709e+02 
 6.48457008e+08 -4.52773315e+00 -1.80011440e+02 
 6.63410251e+08 -4.52773301e+00 -1.80011178e+02 
 6.78708313e+08 -4.52773288e+00 -1.80010921e+02 
 6.94359143e+08 -4.52773276e+00 -1.80010670e+02 
 7.10370877e+08 -4.52773264e+00 -1.80010425e+02 
 7.26751838e+08 -4.52773253e+00 -1.80010185e+02 
 7.43510539e+08 -4.52773242e+00 -1.80009950e+02 
 7.60655691e+08 -4.52773231e+00 -1.80009720e+02 
 7.78196206e+08 -4.52773222e+00 -1.80009496e+02 
 7.96141200e+08 -4.52773212e+00 -1.80009276e+02 
 8.14500001e+08 -4.52773203e+00 -1.80009062e+02 
 8.33282151e+08 -4.52773194e+00 -1.80008852e+02 
 8.52497412e+08 -4.52773186e+00 -1.80008646e+02 
 8.72155772e+08 -4.52773178e+00 -1.80008446e+02 
 8.92267449e+08 -4.52773171e+00 -1.80008249e+02 
 9.12842895e+08 -4.52773163e+00 -1.80008057e+02 
 9.33892805e+08 -4.52773157e+00 -1.80007869e+02 
 9.55428121e+08 -4.52773150e+00 -1.80007685e+02 
 9.77460036e+08 -4.52773144e+00 -1.80007505e+02 
 1.00000000e+09 -4.52773138e+00 -1.80007329e+02 
