 frequency       v(Amag_dB)      v(Aarg)        
 1.00000000e-02 -9.76241063e+00  8.80760037e+01 
 1.02305973e-02 -9.56460607e+00  8.80316684e+01 
 1.04665121e-02 -9.36681154e+00  8.79863130e+01 
 1.07078670e-02 -9.16902751e+00  8.79399140e+01 
 1.09547876e-02 -8.97125446e+00  8.78924477e+01 
 1.12074020e-02 -8.77349290e+00  8.78438896e+01 
 1.14658417e-02 -8.57574338e+00  8.77942146e+01 
 1.17302409e-02 -8.37800645e+00  8.77433973e+01 
 1.20007371e-02 -8.18028269e+00  8.76914115e+01 
 1.22774708e-02 -7.98257272e+00  8.76382306e+01 
 1.25605860e-02 -7.78487719e+00  8.75838271e+01 
 1.28502297e-02 -7.58719676e+00  8.75281733e+01 
 1.31465525e-02 -7.38953212e+00  8.74712404e+01 
 1.34497085e-02 -7.19188403e+00  8.74129995e+01 
 1.37598551e-02 -6.99425325e+00  8.73534206e+01 
 1.40771537e-02 -6.79664057e+00  8.72924732e+01 
 1.44017690e-02 -6.59904685e+00  8.72301263e+01 
 1.47338699e-02 -6.40147296e+00  8.71663478e+01 
 1.50736290e-02 -6.20391982e+00  8.71011052e+01 
 1.54212228e-02 -6.00638840e+00  8.70343653e+01 
 1.57768320e-02 -5.80887971e+00  8.69660940e+01 
 1.61406415e-02 -5.61139479e+00  8.68962565e+01 
 1.65128404e-02 -5.41393476e+00  8.68248173e+01 
 1.68936220e-02 -5.21650076e+00  8.67517401e+01 
 1.72831844e-02 -5.01909401e+00  8.66769878e+01 
 1.76817299e-02 -4.82171577e+00  8.66005224e+01 
 1.80894658e-02 -4.62436735e+00  8.65223052e+01 
 1.85066040e-02 -4.42705014e+00  8.64422965e+01 
 1.89333613e-02 -4.22976559e+00  8.63604561e+01 
 1.93699595e-02 -4.03251521e+00  8.62767425e+01 
 1.98166255e-02 -3.83530057e+00  8.61911135e+01 
 2.02735916e-02 -3.63812334e+00  8.61035260e+01 
 2.07410951e-02 -3.44098524e+00  8.60139361e+01 
 2.12193792e-02 -3.24388808e+00  8.59222986e+01 
 2.17086923e-02 -3.04683375e+00  8.58285678e+01 
 2.22092889e-02 -2.84982424e+00  8.57326967e+01 
 2.27214291e-02 -2.65286160e+00  8.56346375e+01 
 2.32453791e-02 -2.45594801e+00  8.55343413e+01 
 2.37814113e-02 -2.25908572e+00  8.54317582e+01 
 2.43298042e-02 -2.06227710e+00  8.53268373e+01 
 2.48908429e-02 -1.86552463e+00  8.52195266e+01 
 2.54648190e-02 -1.66883088e+00  8.51097731e+01 
 2.60520309e-02 -1.47219856e+00  8.49975228e+01 
 2.66527837e-02 -1.27563049e+00  8.48827203e+01 
 2.72673897e-02 -1.07912963e+00  8.47653095e+01 
 2.78961683e-02 -8.82699067e-01  8.46452329e+01 
 2.85394464e-02 -6.86342019e-01  8.45224319e+01 
 2.91975583e-02 -4.90061860e-01  8.43968468e+01 
 2.98708461e-02 -2.93862113e-01  8.42684168e+01 
 3.05596598e-02 -9.77464585e-02  8.41370798e+01 
 3.12643573e-02  9.82812570e-02  8.40027726e+01 
 3.19853049e-02  2.94217016e-01  8.38654308e+01 
 3.27228774e-02  4.90056620e-01  8.37249888e+01 
 3.34774581e-02  6.85795685e-01  8.35813797e+01 
 3.42494392e-02  8.81429630e-01  8.34345355e+01 
 3.50392221e-02  1.07695367e+00  8.32843869e+01 
 3.58472171e-02  1.27236282e+00  8.31308634e+01 
 3.66738442e-02  1.46765185e+00  8.29738933e+01 
 3.75195331e-02  1.66281532e+00  8.28134035e+01 
 3.83847234e-02  1.85784755e+00  8.26493199e+01 
 3.92698648e-02  2.05274260e+00  8.24815670e+01 
 4.01754173e-02  2.24749428e+00  8.23100681e+01 
 4.11018515e-02  2.44209612e+00  8.21347453e+01 
 4.20496491e-02  2.63654138e+00  8.19555195e+01 
 4.30193027e-02  2.83082303e+00  8.17723102e+01 
 4.40113162e-02  3.02493373e+00  8.15850360e+01 
 4.50262052e-02  3.21886582e+00  8.13936142e+01 
 4.60644974e-02  3.41261132e+00  8.11979608e+01 
 4.71267322e-02  3.60616192e+00  8.09979907e+01 
 4.82134619e-02  3.79950893e+00  8.07936179e+01 
 4.93252513e-02  3.99264332e+00  8.05847551e+01 
 5.04626783e-02  4.18555567e+00  8.03713139e+01 
 5.16263340e-02  4.37823616e+00  8.01532051e+01 
 5.28168234e-02  4.57067458e+00  7.99303384e+01 
 5.40347650e-02  4.76286027e+00  7.97026224e+01 
 5.52807921e-02  4.95478216e+00  7.94699651e+01 
 5.65555523e-02  5.14642872e+00  7.92322736e+01 
 5.78597080e-02  5.33778794e+00  7.89894540e+01 
 5.91939372e-02  5.52884734e+00  7.87414121e+01 
 6.05589334e-02  5.71959394e+00  7.84880528e+01 
 6.19554061e-02  5.91001423e+00  7.82292804e+01 
 6.33840810e-02  6.10009418e+00  7.79649990e+01 
 6.48457008e-02  6.28981922e+00  7.76951122e+01 
 6.63410251e-02  6.47917420e+00  7.74195233e+01 
 6.78708313e-02  6.66814339e+00  7.71381356e+01 
 6.94359143e-02  6.85671049e+00  7.68508521e+01 
 7.10370877e-02  7.04485855e+00  7.65575761e+01 
 7.26751838e-02  7.23257001e+00  7.62582112e+01 
 7.43510539e-02  7.41982666e+00  7.59526613e+01 
 7.60655691e-02  7.60660965e+00  7.56408307e+01 
 7.78196206e-02  7.79289941e+00  7.53226245e+01 
 7.96141200e-02  7.97867574e+00  7.49979488e+01 
 8.14500001e-02  8.16391767e+00  7.46667106e+01 
 8.33282151e-02  8.34860357e+00  7.43288182e+01 
 8.52497412e-02  8.53271105e+00  7.39841814e+01 
 8.72155772e-02  8.71621699e+00  7.36327115e+01 
 8.92267449e-02  8.89909750e+00  7.32743220e+01 
 9.12842895e-02  9.08132796e+00  7.29089285e+01 
 9.33892805e-02  9.26288296e+00  7.25364487e+01 
 9.55428121e-02  9.44373632e+00  7.21568033e+01 
 9.77460036e-02  9.62386108e+00  7.17699159e+01 
 1.00000000e-01  9.80322949e+00  7.13757133e+01 
 1.02305973e-01  9.98181303e+00  7.09741257e+01 
 1.04665121e-01  1.01595824e+01  7.05650873e+01 
 1.07078670e-01  1.03364257e+01  7.01487237e+01 
 1.09547876e-01  1.05124761e+01  6.97246065e+01 
 1.12074020e-01  1.06876198e+01  6.92928673e+01 
 1.14658417e-01  1.08618243e+01  6.88534588e+01 
 1.17302409e-01  1.10350567e+01  6.84063394e+01 
 1.20007371e-01  1.12072830e+01  6.79514733e+01 
 1.22774708e-01  1.13784687e+01  6.74888309e+01 
 1.25605860e-01  1.15485787e+01  6.70183893e+01 
 1.28502297e-01  1.17175771e+01  6.65401325e+01 
 1.31465525e-01  1.18854275e+01  6.60540520e+01 
 1.34497085e-01  1.20520928e+01  6.55601468e+01 
 1.37598551e-01  1.22175355e+01  6.50584242e+01 
 1.40771537e-01  1.23817176e+01  6.45488999e+01 
 1.44017690e-01  1.25446007e+01  6.40315983e+01 
 1.47338699e-01  1.27061458e+01  6.35065530e+01 
 1.50736290e-01  1.28663139e+01  6.29738072e+01 
 1.54212228e-01  1.30250656e+01  6.24334138e+01 
 1.57768320e-01  1.31823614e+01  6.18854356e+01 
 1.61406415e-01  1.33381614e+01  6.13299462e+01 
 1.65128404e-01  1.34924261e+01  6.07670296e+01 
 1.68936220e-01  1.36451157e+01  6.01967805e+01 
 1.72831844e-01  1.37961908e+01  5.96193049e+01 
 1.76817299e-01  1.39456121e+01  5.90347199e+01 
 1.80894658e-01  1.40933407e+01  5.84431540e+01 
 1.85066040e-01  1.42392706e+01  5.78450135e+01 
 1.89333613e-01  1.43834995e+01  5.72399199e+01 
 1.93699595e-01  1.45259218e+01  5.66282996e+01 
 1.98166255e-01  1.46665009e+01  5.60103270e+01 
 2.02735916e-01  1.48052009e+01  5.53861880e+01 
 2.07410951e-01  1.49419872e+01  5.47560795e+01 
 2.12193792e-01  1.50768260e+01  5.41202096e+01 
 2.17086923e-01  1.52096846e+01  5.34787973e+01 
 2.22092889e-01  1.53405317e+01  5.28320720e+01 
 2.27214291e-01  1.54693375e+01  5.21802734e+01 
 2.32453791e-01  1.55960734e+01  5.15236508e+01 
 2.37814113e-01  1.57206553e+01  5.08627548e+01 
 2.43298042e-01  1.58431737e+01  5.01972712e+01 
 2.48908429e-01  1.59635470e+01  4.95277659e+01 
 2.54648190e-01  1.60817536e+01  4.88545223e+01 
 2.60520309e-01  1.61977739e+01  4.81778311e+01 
 2.66527837e-01  1.63115904e+01  4.74979891e+01 
 2.72673897e-01  1.64231877e+01  4.68152988e+01 
 2.78961683e-01  1.65325020e+01  4.61303673e+01 
 2.85394464e-01  1.66396240e+01  4.54429070e+01 
 2.91975583e-01  1.67444936e+01  4.47535314e+01 
 2.98708461e-01  1.68471040e+01  4.40625574e+01 
 3.05596598e-01  1.69474511e+01  4.33703033e+01 
 3.12643573e-01  1.70455329e+01  4.26770880e+01 
 3.19853049e-01  1.71413057e+01  4.19835308e+01 
 3.27228774e-01  1.72348615e+01  4.12893473e+01 
 3.34774581e-01  1.73261600e+01  4.05951537e+01 
 3.42494392e-01  1.74152087e+01  3.99012623e+01 
 3.50392221e-01  1.75019770e+01  3.92082801e+01 
 3.58472171e-01  1.75865578e+01  3.85159132e+01 
 3.66738442e-01  1.76689240e+01  3.78247591e+01 
 3.75195331e-01  1.77490916e+01  3.71351100e+01 
 3.83847234e-01  1.78270426e+01  3.64475448e+01 
 3.92698648e-01  1.79028700e+01  3.57617518e+01 
 4.01754173e-01  1.79765589e+01  3.50782951e+01 
 4.11018515e-01  1.80480997e+01  3.43977235e+01 
 4.20496491e-01  1.81175850e+01  3.37197080e+01 
 4.30193027e-01  1.81850077e+01  3.30447794e+01 
 4.40113162e-01  1.82503661e+01  3.23734498e+01 
 4.50262052e-01  1.83137515e+01  3.17053707e+01 
 4.60644974e-01  1.83751354e+01  3.10413117e+01 
 4.71267322e-01  1.84346080e+01  3.03809104e+01 
 4.82134619e-01  1.84921466e+01  2.97249032e+01 
 4.93252513e-01  1.85478400e+01  2.90729134e+01 
 5.04626783e-01  1.86016706e+01  2.84256428e+01 
 5.16263340e-01  1.86537254e+01  2.77827006e+01 
 5.28168234e-01  1.87039917e+01  2.71447524e+01 
 5.40347650e-01  1.87525542e+01  2.65113938e+01 
 5.52807921e-01  1.87994043e+01  2.58832539e+01 
 5.65555523e-01  1.88446244e+01  2.52599154e+01 
 5.78597080e-01  1.88882096e+01  2.46419703e+01 
 5.91939372e-01  1.89302197e+01  2.40292353e+01 
 6.05589334e-01  1.89706930e+01  2.34217704e+01 
 6.19554061e-01  1.90096861e+01  2.28193845e+01 
 6.33840810e-01  1.90471993e+01  2.22225967e+01 
 6.48457008e-01  1.90832895e+01  2.16311899e+01 
 6.63410251e-01  1.91179942e+01  2.10451785e+01 
 6.78708313e-01  1.91513505e+01  2.04645664e+01 
 6.94359143e-01  1.91833950e+01  1.98893471e+01 
 7.10370877e-01  1.92141639e+01  1.93195041e+01 
 7.26751838e-01  1.92436927e+01  1.87550112e+01 
 7.43510539e-01  1.92720167e+01  1.81958328e+01 
 7.60655691e-01  1.92991700e+01  1.76419242e+01 
 7.78196206e-01  1.93251864e+01  1.70932323e+01 
 7.96141200e-01  1.93500867e+01  1.65498974e+01 
 8.14500001e-01  1.93739280e+01  1.60114428e+01 
 8.33282151e-01  1.93967289e+01  1.54779968e+01 
 8.52497412e-01  1.94185092e+01  1.49496670e+01 
 8.72155772e-01  1.94393207e+01  1.44259753e+01 
 8.92267449e-01  1.94591710e+01  1.39072045e+01 
 9.12842895e-01  1.94781086e+01  1.33928771e+01 
 9.33892805e-01  1.94961407e+01  1.28832504e+01 
 9.55428121e-01  1.95133036e+01  1.23780244e+01 
 9.77460036e-01  1.95296223e+01  1.18770785e+01 
 1.00000000e+00  1.95451213e+01  1.13802877e+01 
 1.02305973e+00  1.95598237e+01  1.08875221e+01 
 1.04665121e+00  1.95737520e+01  1.03986474e+01 
 1.07078670e+00  1.95869275e+01  9.91352565e+00 
 1.09547876e+00  1.95993636e+01  9.43217101e+00 
 1.12074020e+00  1.96111011e+01  8.95396889e+00 
 1.14658417e+00  1.96221242e+01  8.47954023e+00 
 1.17302409e+00  1.96324780e+01  8.00811686e+00 
 1.20007371e+00  1.96421782e+01  7.53955299e+00 
 1.22774708e+00  1.96512284e+01  7.07398319e+00 
 1.25605860e+00  1.96596494e+01  6.61110038e+00 
 1.28502297e+00  1.96674498e+01  6.15087861e+00 
 1.31465525e+00  1.96746532e+01  5.69287917e+00 
 1.34497085e+00  1.96812612e+01  5.23720556e+00 
 1.37598551e+00  1.96872948e+01  4.78342645e+00 
 1.40771537e+00  1.96927544e+01  4.33163128e+00 
 1.44017690e+00  1.96976541e+01  3.88151915e+00 
 1.47338699e+00  1.97020021e+01  3.43291847e+00 
 1.50736290e+00  1.97058016e+01  2.98577423e+00 
 1.54212228e+00  1.97090675e+01  2.53967500e+00 
 1.57768320e+00  1.97117972e+01  2.09467930e+00 
 1.61406415e+00  1.97139994e+01  1.65049441e+00 
 1.65128404e+00  1.97156778e+01  1.20694473e+00 
 1.68936220e+00  1.97168319e+01  7.63960060e-01 
 1.72831844e+00  1.97174673e+01  3.21253686e-01 
 1.76817299e+00  1.97175849e+01 -1.21350864e-01 
 1.80894658e+00  1.97171849e+01 -5.64030155e-01 
 1.85066040e+00  1.97162666e+01 -1.00696073e+00 
 1.89333613e+00  1.97148255e+01 -1.45022391e+00 
 1.93699595e+00  1.97128595e+01 -1.89400196e+00 
 1.98166255e+00  1.97103731e+01 -2.33874962e+00 
 2.02735916e+00  1.97073515e+01 -2.78427385e+00 
 2.07410951e+00  1.97037949e+01 -3.23093514e+00 
 2.12193792e+00  1.96996947e+01 -3.67882187e+00 
 2.17086923e+00  1.96950486e+01 -4.12827921e+00 
 2.22092889e+00  1.96898443e+01 -4.57931014e+00 
 2.27214291e+00  1.96840730e+01 -5.03209059e+00 
 2.32453791e+00  1.96777272e+01 -5.48687308e+00 
 2.37814113e+00  1.96707963e+01 -5.94382523e+00 
 2.43298042e+00  1.96632667e+01 -6.40303832e+00 
 2.48908429e+00  1.96551296e+01 -6.86482771e+00 
 2.54648190e+00  1.96463663e+01 -7.32913626e+00 
 2.60520309e+00  1.96369660e+01 -7.79627340e+00 
 2.66527837e+00  1.96269117e+01 -8.26632835e+00 
 2.72673897e+00  1.96161889e+01 -8.73952762e+00 
 2.78961683e+00  1.96047787e+01 -9.21595806e+00 
 2.85394464e+00  1.95926646e+01 -9.69583731e+00 
 2.91975583e+00  1.95798259e+01 -1.01792488e+01 
 2.98708461e+00  1.95662442e+01 -1.06664006e+01 
 3.05596598e+00  1.95518969e+01 -1.11573717e+01 
 3.12643573e+00  1.95367634e+01 -1.16523595e+01 
 3.19853049e+00  1.95208196e+01 -1.21514375e+01 
 3.27228774e+00  1.95040416e+01 -1.26547356e+01 
 3.34774581e+00  1.94864034e+01 -1.31623243e+01 
 3.42494392e+00  1.94678840e+01 -1.36745411e+01 
 3.50392221e+00  1.94484521e+01 -1.41912802e+01 
 3.58472171e+00  1.94280824e+01 -1.47127560e+01 
 3.66738442e+00  1.94067452e+01 -1.52390176e+01 
 3.75195331e+00  1.93844113e+01 -1.57701608e+01 
 3.83847234e+00  1.93610504e+01 -1.63062748e+01 
 3.92698648e+00  1.93366316e+01 -1.68474415e+01 
 4.01754173e+00  1.93111248e+01 -1.73938266e+01 
 4.11018515e+00  1.92844917e+01 -1.79452225e+01 
 4.20496491e+00  1.92567065e+01 -1.85020489e+01 
 4.30193027e+00  1.92277313e+01 -1.90641730e+01 
 4.40113162e+00  1.91975304e+01 -1.96315936e+01 
 4.50262052e+00  1.91660694e+01 -2.02043859e+01 
 4.60644974e+00  1.91333131e+01 -2.07826116e+01 
 4.71267322e+00  1.90992234e+01 -2.13662017e+01 
 4.82134619e+00  1.90637649e+01 -2.19552368e+01 
 4.93252513e+00  1.90268996e+01 -2.25496676e+01 
 5.04626783e+00  1.89885890e+01 -2.31494377e+01 
 5.16263340e+00  1.89487967e+01 -2.37545893e+01 
 5.28168234e+00  1.89074839e+01 -2.43650425e+01 
 5.40347650e+00  1.88646130e+01 -2.49807766e+01 
 5.52807921e+00  1.88201444e+01 -2.56016561e+01 
 5.65555523e+00  1.87740406e+01 -2.62276372e+01 
 5.78597080e+00  1.87262639e+01 -2.68586288e+01 
 5.91939372e+00  1.86767770e+01 -2.74945586e+01 
 6.05589334e+00  1.86255420e+01 -2.81352780e+01 
 6.19554061e+00  1.85725214e+01 -2.87806287e+01 
 6.33840810e+00  1.85176808e+01 -2.94305590e+01 
 6.48457008e+00  1.84609822e+01 -3.00847975e+01 
 6.63410251e+00  1.84023925e+01 -3.07432654e+01 
 6.78708313e+00  1.83418780e+01 -3.14057826e+01 
 6.94359143e+00  1.82794050e+01 -3.20721301e+01 
 7.10370877e+00  1.82149412e+01 -3.27420798e+01 
 7.26751838e+00  1.81484580e+01 -3.34154959e+01 
 7.43510539e+00  1.80799244e+01 -3.40920754e+01 
 7.60655691e+00  1.80093138e+01 -3.47716327e+01 
 7.78196206e+00  1.79365995e+01 -3.54538963e+01 
 7.96141200e+00  1.78617575e+01 -3.61386336e+01 
 8.14500001e+00  1.77847646e+01 -3.68255550e+01 
 8.33282151e+00  1.77056004e+01 -3.75144088e+01 
 8.52497412e+00  1.76242457e+01 -3.82049117e+01 
 8.72155772e+00  1.75406833e+01 -3.88967518e+01 
 8.92267449e+00  1.74548980e+01 -3.95896335e+01 
 9.12842895e+00  1.73668781e+01 -4.02832957e+01 
 9.33892805e+00  1.72766121e+01 -4.09773894e+01 
 9.55428121e+00  1.71840921e+01 -4.16716235e+01 
 9.77460036e+00  1.70893114e+01 -4.23656637e+01 
 1.00000000e+01  1.69922673e+01 -4.30592306e+01 
 1.02305973e+01  1.68929578e+01 -4.37519856e+01 
 1.04665121e+01  1.67913838e+01 -4.44436088e+01 
 1.07078670e+01  1.66875484e+01 -4.51337808e+01 
 1.09547876e+01  1.65814571e+01 -4.58221831e+01 
 1.12074020e+01  1.64731177e+01 -4.65084994e+01 
 1.14658417e+01  1.63625403e+01 -4.71924161e+01 
 1.17302409e+01  1.62497381e+01 -4.78736551e+01 
 1.20007371e+01  1.61347235e+01 -4.85518472e+01 
 1.22774708e+01  1.60175153e+01 -4.92267551e+01 
 1.25605860e+01  1.58981308e+01 -4.98980533e+01 
 1.28502297e+01  1.57765914e+01 -5.05654693e+01 
 1.31465525e+01  1.56529190e+01 -5.12287084e+01 
 1.34497085e+01  1.55271379e+01 -5.18874993e+01 
 1.37598551e+01  1.53992752e+01 -5.25416058e+01 
 1.40771537e+01  1.52693572e+01 -5.31907332e+01 
 1.44017690e+01  1.51374144e+01 -5.38346768e+01 
 1.47338699e+01  1.50034767e+01 -5.44731760e+01 
 1.50736290e+01  1.48675765e+01 -5.51060194e+01 
 1.54212228e+01  1.47297471e+01 -5.57329934e+01 
 1.57768320e+01  1.45900227e+01 -5.63538957e+01 
 1.61406415e+01  1.44484387e+01 -5.69685347e+01 
 1.65128404e+01  1.43050309e+01 -5.75767195e+01 
 1.68936220e+01  1.41598372e+01 -5.81783042e+01 
 1.72831844e+01  1.40128940e+01 -5.87730991e+01 
 1.76817299e+01  1.38642409e+01 -5.93609918e+01 
 1.80894658e+01  1.37139162e+01 -5.99418373e+01 
 1.85066040e+01  1.35619591e+01 -6.05155134e+01 
 1.89333613e+01  1.34084085e+01 -6.10818992e+01 
 1.93699595e+01  1.32533048e+01 -6.16409145e+01 
 1.98166255e+01  1.30966874e+01 -6.21924604e+01 
 2.02735916e+01  1.29385959e+01 -6.27364588e+01 
 2.07410951e+01  1.27790691e+01 -6.32728241e+01 
 2.12193792e+01  1.26181482e+01 -6.38015351e+01 
 2.17086923e+01  1.24558712e+01 -6.43225174e+01 
 2.22092889e+01  1.22922775e+01 -6.48357422e+01 
 2.27214291e+01  1.21274058e+01 -6.53411809e+01 
 2.32453791e+01  1.19612941e+01 -6.58388140e+01 
 2.37814113e+01  1.17939800e+01 -6.63286228e+01 
 2.43298042e+01  1.16255015e+01 -6.68106204e+01 
 2.48908429e+01  1.14558945e+01 -6.72847965e+01 
 2.54648190e+01  1.12851955e+01 -6.77511718e+01 
 2.60520309e+01  1.11134401e+01 -6.82097661e+01 
 2.66527837e+01  1.09406630e+01 -6.86606060e+01 
 2.72673897e+01  1.07668984e+01 -6.91037248e+01 
 2.78961683e+01  1.05921794e+01 -6.95391549e+01 
 2.85394464e+01  1.04165391e+01 -6.99669481e+01 
 2.91975583e+01  1.02400094e+01 -7.03871545e+01 
 2.98708461e+01  1.00626216e+01 -7.07998293e+01 
 3.05596598e+01  9.88440571e+00 -7.12050263e+01 
 3.12643573e+01  9.70539181e+00 -7.16028157e+01 
 3.19853049e+01  9.52560880e+00 -7.19932658e+01 
 3.27228774e+01  9.34508436e+00 -7.23764425e+01 
 3.34774581e+01  9.16384623e+00 -7.27524269e+01 
 3.42494392e+01  8.98192055e+00 -7.31212918e+01 
 3.50392221e+01  8.79933349e+00 -7.34831237e+01 
 3.58472171e+01  8.61611005e+00 -7.38380062e+01 
 3.66738442e+01  8.43227404e+00 -7.41860200e+01 
 3.75195331e+01  8.24784893e+00 -7.45272532e+01 
 3.83847234e+01  8.06285828e+00 -7.48618054e+01 
 3.92698648e+01  7.87732284e+00 -7.51897531e+01 
 4.01754173e+01  7.69126513e+00 -7.55112034e+01 
 4.11018515e+01  7.50470444e+00 -7.58262361e+01 
 4.20496491e+01  7.31766148e+00 -7.61349550e+01 
 4.30193027e+01  7.13015543e+00 -7.64374557e+01 
 4.40113162e+01  6.94220439e+00 -7.67338297e+01 
 4.50262052e+01  6.75382620e+00 -7.70241740e+01 
 4.60644974e+01  6.56503853e+00 -7.73085894e+01 
 4.71267322e+01  6.37585754e+00 -7.75871689e+01 
 4.82134619e+01  6.18629925e+00 -7.78600096e+01 
 4.93252513e+01  5.99637948e+00 -7.81272125e+01 
 5.04626783e+01  5.80611265e+00 -7.83888704e+01 
 5.16263340e+01  5.61551347e+00 -7.86450834e+01 
 5.28168234e+01  5.42459527e+00 -7.88959439e+01 
 5.40347650e+01  5.23337125e+00 -7.91415476e+01 
 5.52807921e+01  5.04185457e+00 -7.93819928e+01 
 5.65555523e+01  4.85005661e+00 -7.96173671e+01 
 5.78597080e+01  4.65798995e+00 -7.98477708e+01 
 5.91939372e+01  4.46566546e+00 -8.00732933e+01 
 6.05589334e+01  4.27309400e+00 -8.02940266e+01 
 6.19554061e+01  4.08028597e+00 -8.05100618e+01 
 6.33840810e+01  3.88725222e+00 -8.07214948e+01 
 6.48457008e+01  3.69400109e+00 -8.09284057e+01 
 6.63410251e+01  3.50054222e+00 -8.11308857e+01 
 6.78708313e+01  3.30688487e+00 -8.13290243e+01 
 6.94359143e+01  3.11303710e+00 -8.15229047e+01 
 7.10370877e+01  2.91900663e+00 -8.17126090e+01 
 7.26751838e+01  2.72480253e+00 -8.18982286e+01 
 7.43510539e+01  2.53043101e+00 -8.20798382e+01 
 7.60655691e+01  2.33589969e+00 -8.22575215e+01 
 7.78196206e+01  2.14121584e+00 -8.24313611e+01 
 7.96141200e+01  1.94638524e+00 -8.26014309e+01 
 8.14500001e+01  1.75141503e+00 -8.27678132e+01 
 8.33282151e+01  1.55631084e+00 -8.29305820e+01 
 8.52497412e+01  1.36107849e+00 -8.30898126e+01 
 8.72155772e+01  1.16572393e+00 -8.32455809e+01 
 8.92267449e+01  9.70251670e-01 -8.33979553e+01 
 9.12842895e+01  7.74667212e-01 -8.35470095e+01 
 9.33892805e+01  5.78975854e-01 -8.36928157e+01 
 9.55428121e+01  3.83181857e-01 -8.38354408e+01 
 9.77460036e+01  1.87289279e-01 -8.39749507e+01 
 1.00000000e+02 -8.69635011e-03 -8.41114178e+01 
 1.02305973e+02 -2.04772589e-01 -8.42448998e+01 
 1.04665121e+02 -4.00934267e-01 -8.43754666e+01 
 1.07078670e+02 -5.97177627e-01 -8.45031811e+01 
 1.09547876e+02 -7.93499902e-01 -8.46281015e+01 
 1.12074020e+02 -9.89897238e-01 -8.47502904e+01 
 1.14658417e+02 -1.18636634e+00 -8.48698074e+01 
 1.17302409e+02 -1.38290364e+00 -8.49867123e+01 
 1.20007371e+02 -1.57950696e+00 -8.51010594e+01 
 1.22774708e+02 -1.77617258e+00 -8.52129079e+01 
 1.25605860e+02 -1.97289775e+00 -8.53223128e+01 
 1.28502297e+02 -2.16968147e+00 -8.54293223e+01 
 1.31465525e+02 -2.36651917e+00 -8.55339968e+01 
 1.34497085e+02 -2.56340924e+00 -8.56363852e+01 
 1.37598551e+02 -2.76034937e+00 -8.57365385e+01 
 1.40771537e+02 -2.95733737e+00 -8.58345064e+01 
 1.44017690e+02 -3.15437111e+00 -8.59303380e+01 
 1.47338699e+02 -3.35144858e+00 -8.60240812e+01 
 1.50736290e+02 -3.54856785e+00 -8.61157828e+01 
 1.54212228e+02 -3.74572747e+00 -8.62054878e+01 
 1.57768320e+02 -3.94292444e+00 -8.62932449e+01 
 1.61406415e+02 -4.14015832e+00 -8.63790945e+01 
 1.65128404e+02 -4.33742706e+00 -8.64630812e+01 
 1.68936220e+02 -4.53472872e+00 -8.65452485e+01 
 1.72831844e+02 -4.73206265e+00 -8.66256357e+01 
 1.76817299e+02 -4.92942701e+00 -8.67042846e+01 
 1.80894658e+02 -5.12682005e+00 -8.67812360e+01 
 1.85066040e+02 -5.32424130e+00 -8.68565270e+01 
 1.89333613e+02 -5.52168912e+00 -8.69301969e+01 
 1.93699595e+02 -5.71916190e+00 -8.70022839e+01 
 1.98166255e+02 -5.91665935e+00 -8.70728230e+01 
 2.02735916e+02 -6.11417957e+00 -8.71418519e+01 
 2.07410951e+02 -6.31172234e+00 -8.72094040e+01 
 2.12193792e+02 -6.50928586e+00 -8.72755156e+01 
 2.17086923e+02 -6.70687001e+00 -8.73402186e+01 
 2.22092889e+02 -6.90447307e+00 -8.74035479e+01 
 2.27214291e+02 -7.10209499e+00 -8.74655341e+01 
 2.32453791e+02 -7.29973414e+00 -8.75262107e+01 
 2.37814113e+02 -7.49739013e+00 -8.75856080e+01 
 2.43298042e+02 -7.69506262e+00 -8.76437555e+01 
 2.48908429e+02 -7.89275008e+00 -8.77006847e+01 
 2.54648190e+02 -8.09045222e+00 -8.77564239e+01 
 2.60520309e+02 -8.28816923e+00 -8.78110006e+01 
 2.66527837e+02 -8.48589880e+00 -8.78644454e+01 
 2.72673897e+02 -8.68364117e+00 -8.79167845e+01 
 2.78961683e+02 -8.88139577e+00 -8.79680448e+01 
 2.85394464e+02 -9.07916205e+00 -8.80182526e+01 
 2.91975583e+02 -9.27693948e+00 -8.80674339e+01 
 2.98708461e+02 -9.47472755e+00 -8.81156139e+01 
 3.05596598e+02 -9.67252621e+00 -8.81628169e+01 
 3.12643573e+02 -9.87033416e+00 -8.82090684e+01 
 3.19853049e+02 -1.00681514e+01 -8.82543917e+01 
 3.27228774e+02 -1.02659775e+01 -8.82988101e+01 
 3.34774581e+02 -1.04638120e+01 -8.83423466e+01 
 3.42494392e+02 -1.06616550e+01 -8.83850232e+01 
 3.50392221e+02 -1.08595053e+01 -8.84268628e+01 
 3.58472171e+02 -1.10573629e+01 -8.84678867e+01 
 3.66738442e+02 -1.12552275e+01 -8.85081160e+01 
 3.75195331e+02 -1.14530989e+01 -8.85475714e+01 
 3.83847234e+02 -1.16509766e+01 -8.85862735e+01 
 3.92698648e+02 -1.18488604e+01 -8.86242422e+01 
 4.01754173e+02 -1.20467504e+01 -8.86614967e+01 
 4.11018515e+02 -1.22446455e+01 -8.86980572e+01 
 4.20496491e+02 -1.24425459e+01 -8.87339421e+01 
 4.30193027e+02 -1.26404513e+01 -8.87691700e+01 
 4.40113162e+02 -1.28383615e+01 -8.88037592e+01 
 4.50262052e+02 -1.30362763e+01 -8.88377276e+01 
 4.60644974e+02 -1.32341954e+01 -8.88710927e+01 
 4.71267322e+02 -1.34321186e+01 -8.89038719e+01 
 4.82134619e+02 -1.36300462e+01 -8.89360818e+01 
 4.93252513e+02 -1.38279771e+01 -8.89677397e+01 
 5.04626783e+02 -1.40259116e+01 -8.89988618e+01 
 5.16263340e+02 -1.42238495e+01 -8.90294641e+01 
 5.28168234e+02 -1.44217905e+01 -8.90595626e+01 
 5.40347650e+02 -1.46197346e+01 -8.90891727e+01 
 5.52807921e+02 -1.48176816e+01 -8.91183100e+01 
 5.65555523e+02 -1.50156313e+01 -8.91469894e+01 
 5.78597080e+02 -1.52135836e+01 -8.91752259e+01 
 5.91939372e+02 -1.54115384e+01 -8.92030341e+01 
 6.05589334e+02 -1.56094955e+01 -8.92304285e+01 
 6.19554061e+02 -1.58074548e+01 -8.92574231e+01 
 6.33840810e+02 -1.60054161e+01 -8.92840322e+01 
 6.48457008e+02 -1.62033793e+01 -8.93102694e+01 
 6.63410251e+02 -1.64013444e+01 -8.93361483e+01 
 6.78708313e+02 -1.65993112e+01 -8.93616825e+01 
 6.94359143e+02 -1.67972800e+01 -8.93868848e+01 
 7.10370877e+02 -1.69952499e+01 -8.94117689e+01 
 7.26751838e+02 -1.71932211e+01 -8.94363475e+01 
 7.43510539e+02 -1.73911937e+01 -8.94606333e+01 
 7.60655691e+02 -1.75891674e+01 -8.94846389e+01 
 7.78196206e+02 -1.77871422e+01 -8.95083767e+01 
 7.96141200e+02 -1.79851181e+01 -8.95318592e+01 
 8.14500001e+02 -1.81830948e+01 -8.95550984e+01 
 8.33282151e+02 -1.83810723e+01 -8.95781065e+01 
 8.52497412e+02 -1.85790506e+01 -8.96008954e+01 
 8.72155772e+02 -1.87770295e+01 -8.96234769e+01 
 8.92267449e+02 -1.89750089e+01 -8.96458627e+01 
 9.12842895e+02 -1.91729889e+01 -8.96680645e+01 
 9.33892805e+02 -1.93709692e+01 -8.96900938e+01 
 9.55428121e+02 -1.95689498e+01 -8.97119621e+01 
 9.77460036e+02 -1.97669307e+01 -8.97336806e+01 
 1.00000000e+03 -1.99649117e+01 -8.97552607e+01 
 1.02305973e+03 -2.01628928e+01 -8.97767136e+01 
 1.04665121e+03 -2.03608738e+01 -8.97980503e+01 
 1.07078670e+03 -2.05588548e+01 -8.98192821e+01 
 1.09547876e+03 -2.07568356e+01 -8.98404199e+01 
 1.12074020e+03 -2.09548161e+01 -8.98614746e+01 
 1.14658417e+03 -2.11527963e+01 -8.98824572e+01 
 1.17302409e+03 -2.13507761e+01 -8.99033787e+01 
 1.20007371e+03 -2.15487553e+01 -8.99242498e+01 
 1.22774708e+03 -2.17467340e+01 -8.99450814e+01 
 1.25605860e+03 -2.19447120e+01 -8.99658843e+01 
 1.28502297e+03 -2.21426892e+01 -8.99866692e+01 
 1.31465525e+03 -2.23406656e+01 -9.00074471e+01 
 1.34497085e+03 -2.25386410e+01 -9.00282287e+01 
 1.37598551e+03 -2.27366154e+01 -9.00490246e+01 
 1.40771537e+03 -2.29345887e+01 -9.00698459e+01 
 1.44017690e+03 -2.31325607e+01 -9.00907031e+01 
 1.47338699e+03 -2.33305315e+01 -9.01116072e+01 
 1.50736290e+03 -2.35285008e+01 -9.01325691e+01 
 1.54212228e+03 -2.37264685e+01 -9.01535994e+01 
 1.57768320e+03 -2.39244347e+01 -9.01747093e+01 
 1.61406415e+03 -2.41223990e+01 -9.01959095e+01 
 1.65128404e+03 -2.43203615e+01 -9.02172112e+01 
 1.68936220e+03 -2.45183221e+01 -9.02386253e+01 
 1.72831844e+03 -2.47162805e+01 -9.02601629e+01 
 1.76817299e+03 -2.49142367e+01 -9.02818352e+01 
 1.80894658e+03 -2.51121905e+01 -9.03036535e+01 
 1.85066040e+03 -2.53101418e+01 -9.03256289e+01 
 1.89333613e+03 -2.55080904e+01 -9.03477730e+01 
 1.93699595e+03 -2.57060363e+01 -9.03700971e+01 
 1.98166255e+03 -2.59039792e+01 -9.03926128e+01 
 2.02735916e+03 -2.61019190e+01 -9.04153317e+01 
 2.07410951e+03 -2.62998555e+01 -9.04382657e+01 
 2.12193792e+03 -2.64977885e+01 -9.04614265e+01 
 2.17086923e+03 -2.66957179e+01 -9.04848261e+01 
 2.22092889e+03 -2.68936435e+01 -9.05084767e+01 
 2.27214291e+03 -2.70915651e+01 -9.05323904e+01 
 2.32453791e+03 -2.72894825e+01 -9.05565796e+01 
 2.37814113e+03 -2.74873954e+01 -9.05810567e+01 
 2.43298042e+03 -2.76853037e+01 -9.06058345e+01 
 2.48908429e+03 -2.78832071e+01 -9.06309256e+01 
 2.54648190e+03 -2.80811053e+01 -9.06563430e+01 
 2.60520309e+03 -2.82789982e+01 -9.06820998e+01 
 2.66527837e+03 -2.84768854e+01 -9.07082093e+01 
 2.72673897e+03 -2.86747666e+01 -9.07346849e+01 
 2.78961683e+03 -2.88726417e+01 -9.07615402e+01 
 2.85394464e+03 -2.90705102e+01 -9.07887890e+01 
 2.91975583e+03 -2.92683719e+01 -9.08164453e+01 
 2.98708461e+03 -2.94662265e+01 -9.08445234e+01 
 3.05596598e+03 -2.96640735e+01 -9.08730376e+01 
 3.12643573e+03 -2.98619126e+01 -9.09020026e+01 
 3.19853049e+03 -3.00597435e+01 -9.09314332e+01 
 3.27228774e+03 -3.02575658e+01 -9.09613444e+01 
 3.34774581e+03 -3.04553790e+01 -9.09917516e+01 
 3.42494392e+03 -3.06531827e+01 -9.10226703e+01 
 3.50392221e+03 -3.08509765e+01 -9.10541163e+01 
 3.58472171e+03 -3.10487599e+01 -9.10861056e+01 
 3.66738442e+03 -3.12465323e+01 -9.11186546e+01 
 3.75195331e+03 -3.14442934e+01 -9.11517798e+01 
 3.83847234e+03 -3.16420425e+01 -9.11854980e+01 
 3.92698648e+03 -3.18397790e+01 -9.12198265e+01 
 4.01754173e+03 -3.20375024e+01 -9.12547826e+01 
 4.11018515e+03 -3.22352121e+01 -9.12903840e+01 
 4.20496491e+03 -3.24329074e+01 -9.13266488e+01 
 4.30193027e+03 -3.26305876e+01 -9.13635952e+01 
 4.40113162e+03 -3.28282520e+01 -9.14012420e+01 
 4.50262052e+03 -3.30258999e+01 -9.14396081e+01 
 4.60644974e+03 -3.32235305e+01 -9.14787128e+01 
 4.71267322e+03 -3.34211429e+01 -9.15185757e+01 
 4.82134619e+03 -3.36187364e+01 -9.15592169e+01 
 4.93252513e+03 -3.38163099e+01 -9.16006566e+01 
 5.04626783e+03 -3.40138627e+01 -9.16429157e+01 
 5.16263340e+03 -3.42113937e+01 -9.16860151e+01 
 5.28168234e+03 -3.44089018e+01 -9.17299763e+01 
 5.40347650e+03 -3.46063860e+01 -9.17748211e+01 
 5.52807921e+03 -3.48038452e+01 -9.18205717e+01 
 5.65555523e+03 -3.50012782e+01 -9.18672508e+01 
 5.78597080e+03 -3.51986837e+01 -9.19148814e+01 
 5.91939372e+03 -3.53960605e+01 -9.19634867e+01 
 6.05589334e+03 -3.55934071e+01 -9.20130908e+01 
 6.19554061e+03 -3.57907223e+01 -9.20637177e+01 
 6.33840810e+03 -3.59880044e+01 -9.21153923e+01 
 6.48457008e+03 -3.61852519e+01 -9.21681395e+01 
 6.63410251e+03 -3.63824632e+01 -9.22219848e+01 
 6.78708313e+03 -3.65796366e+01 -9.22769544e+01 
 6.94359143e+03 -3.67767702e+01 -9.23330745e+01 
 7.10370877e+03 -3.69738623e+01 -9.23903720e+01 
 7.26751838e+03 -3.71709107e+01 -9.24488741e+01 
 7.43510539e+03 -3.73679136e+01 -9.25086088e+01 
 7.60655691e+03 -3.75648686e+01 -9.25696041e+01 
 7.78196206e+03 -3.77617735e+01 -9.26318887e+01 
 7.96141200e+03 -3.79586259e+01 -9.26954918e+01 
 8.14500001e+03 -3.81554234e+01 -9.27604429e+01 
 8.33282151e+03 -3.83521633e+01 -9.28267720e+01 
 8.52497412e+03 -3.85488429e+01 -9.28945097e+01 
 8.72155772e+03 -3.87454593e+01 -9.29636869e+01 
 8.92267449e+03 -3.89420095e+01 -9.30343349e+01 
 9.12842895e+03 -3.91384903e+01 -9.31064856e+01 
 9.33892805e+03 -3.93348984e+01 -9.31801713e+01 
 9.55428121e+03 -3.95312304e+01 -9.32554247e+01 
 9.77460036e+03 -3.97274825e+01 -9.33322790e+01 
 1.00000000e+04 -3.99236510e+01 -9.34107676e+01 
 1.02305973e+04 -4.01197318e+01 -9.34909246e+01 
 1.04665121e+04 -4.03157208e+01 -9.35727842e+01 
 1.07078670e+04 -4.05116134e+01 -9.36563813e+01 
 1.09547876e+04 -4.07074051e+01 -9.37417509e+01 
 1.12074020e+04 -4.09030909e+01 -9.38289284e+01 
 1.14658417e+04 -4.10986659e+01 -9.39179495e+01 
 1.17302409e+04 -4.12941245e+01 -9.40088504e+01 
 1.20007371e+04 -4.14894611e+01 -9.41016672e+01 
 1.22774708e+04 -4.16846699e+01 -9.41964366e+01 
 1.25605860e+04 -4.18797446e+01 -9.42931954e+01 
 1.28502297e+04 -4.20746786e+01 -9.43919804e+01 
 1.31465525e+04 -4.22694652e+01 -9.44928286e+01 
 1.34497085e+04 -4.24640970e+01 -9.45957774e+01 
 1.37598551e+04 -4.26585664e+01 -9.47008638e+01 
 1.40771537e+04 -4.28528656e+01 -9.48081250e+01 
 1.44017690e+04 -4.30469861e+01 -9.49175981e+01 
 1.47338699e+04 -4.32409192e+01 -9.50293202e+01 
 1.50736290e+04 -4.34346554e+01 -9.51433281e+01 
 1.54212228e+04 -4.36281851e+01 -9.52596582e+01 
 1.57768320e+04 -4.38214980e+01 -9.53783469e+01 
 1.61406415e+04 -4.40145833e+01 -9.54994298e+01 
 1.65128404e+04 -4.42074297e+01 -9.56229422e+01 
 1.68936220e+04 -4.44000250e+01 -9.57489188e+01 
 1.72831844e+04 -4.45923569e+01 -9.58773935e+01 
 1.76817299e+04 -4.47844118e+01 -9.60083994e+01 
 1.80894658e+04 -4.49761760e+01 -9.61419687e+01 
 1.85066040e+04 -4.51676345e+01 -9.62781324e+01 
 1.89333613e+04 -4.53587719e+01 -9.64169205e+01 
 1.93699595e+04 -4.55495718e+01 -9.65583612e+01 
 1.98166255e+04 -4.57400169e+01 -9.67024817e+01 
 2.02735916e+04 -4.59300889e+01 -9.68493071e+01 
 2.07410951e+04 -4.61197687e+01 -9.69988607e+01 
 2.12193792e+04 -4.63090358e+01 -9.71511639e+01 
 2.17086923e+04 -4.64978689e+01 -9.73062355e+01 
 2.22092889e+04 -4.66862454e+01 -9.74640920e+01 
 2.27214291e+04 -4.68741412e+01 -9.76247471e+01 
 2.32453791e+04 -4.70615311e+01 -9.77882113e+01 
 2.37814113e+04 -4.72483885e+01 -9.79544921e+01 
 2.43298042e+04 -4.74346849e+01 -9.81235931e+01 
 2.48908429e+04 -4.76203907e+01 -9.82955143e+01 
 2.54648190e+04 -4.78054740e+01 -9.84702514e+01 
 2.60520309e+04 -4.79899015e+01 -9.86477953e+01 
 2.66527837e+04 -4.81736377e+01 -9.88281322e+01 
 2.72673897e+04 -4.83566451e+01 -9.90112430e+01 
 2.78961683e+04 -4.85388840e+01 -9.91971027e+01 
 2.85394464e+04 -4.87203121e+01 -9.93856802e+01 
 2.91975583e+04 -4.89008847e+01 -9.95769377e+01 
 2.98708461e+04 -4.90805546e+01 -9.97708303e+01 
 3.05596598e+04 -4.92592713e+01 -9.99673053e+01 
 3.12643573e+04 -4.94369816e+01 -1.00166302e+02 
 3.19853049e+04 -4.96136287e+01 -1.00367751e+02 
 3.27228774e+04 -4.97891523e+01 -1.00571572e+02 
 3.34774581e+04 -4.99634886e+01 -1.00777677e+02 
 3.42494392e+04 -5.01365695e+01 -1.00985965e+02 
 3.50392221e+04 -5.03083226e+01 -1.01196325e+02 
 3.58472171e+04 -5.04786709e+01 -1.01408633e+02 
 3.66738442e+04 -5.06475326e+01 -1.01622752e+02 
 3.75195331e+04 -5.08148202e+01 -1.01838529e+02 
 3.83847234e+04 -5.09804409e+01 -1.02055800e+02 
 3.92698648e+04 -5.11442956e+01 -1.02274380e+02 
 4.01754173e+04 -5.13062785e+01 -1.02494072e+02 
 4.11018515e+04 -5.14662769e+01 -1.02714656e+02 
 4.20496491e+04 -5.16241703e+01 -1.02935895e+02 
 4.30193027e+04 -5.17798303e+01 -1.03157531e+02 
 4.40113162e+04 -5.19331193e+01 -1.03379282e+02 
 4.50262052e+04 -5.20838905e+01 -1.03600844e+02 
 4.60644974e+04 -5.22319866e+01 -1.03821885e+02 
 4.71267322e+04 -5.23772394e+01 -1.04042049e+02 
 4.82134619e+04 -5.25194683e+01 -1.04260946e+02 
 4.93252513e+04 -5.26584801e+01 -1.04478157e+02 
 5.04626783e+04 -5.27940672e+01 -1.04693228e+02 
 5.16263340e+04 -5.29260069e+01 -1.04905666e+02 
 5.28168234e+04 -5.30540596e+01 -1.05114940e+02 
 5.40347650e+04 -5.31779677e+01 -1.05320473e+02 
 5.52807921e+04 -5.32974535e+01 -1.05521642e+02 
 5.65555523e+04 -5.34122180e+01 -1.05717770e+02 
 5.78597080e+04 -5.35219381e+01 -1.05908121e+02 
 5.91939372e+04 -5.36262649e+01 -1.06091898e+02 
 6.05589334e+04 -5.37248205e+01 -1.06268231e+02 
 6.19554061e+04 -5.38171956e+01 -1.06436170e+02 
 6.33840810e+04 -5.39029456e+01 -1.06594678e+02 
 6.48457008e+04 -5.39815872e+01 -1.06742618e+02 
 6.63410251e+04 -5.40525937e+01 -1.06878736e+02 
 6.78708313e+04 -5.41153899e+01 -1.07001653e+02 
 6.94359143e+04 -5.41693467e+01 -1.07109837e+02 
 7.10370877e+04 -5.42137739e+01 -1.07201584e+02 
 7.26751838e+04 -5.42479123e+01 -1.07274990e+02 
 7.43510539e+04 -5.42709247e+01 -1.07327913e+02 
 7.60655691e+04 -5.42818848e+01 -1.07357932e+02 
 7.78196206e+04 -5.42797645e+01 -1.07362292e+02 
 7.96141200e+04 -5.42634181e+01 -1.07337838e+02 
 8.14500001e+04 -5.42315646e+01 -1.07280928e+02 
 8.33282151e+04 -5.41827651e+01 -1.07187326e+02 
 8.52497412e+04 -5.41153959e+01 -1.07052060e+02 
 8.72155772e+04 -5.40276162e+01 -1.06869242e+02 
 8.92267449e+04 -5.39173278e+01 -1.06631830e+02 
 9.12842895e+04 -5.37821257e+01 -1.06331306e+02 
 9.33892805e+04 -5.36192368e+01 -1.05957251e+02 
 9.55428121e+04 -5.34254439e+01 -1.05496754e+02 
 9.77460036e+04 -5.31969898e+01 -1.04933601e+02 
 1.00000000e+05 -5.29294590e+01 -1.04247122e+02 
 1.02305973e+05 -5.26176289e+01 -1.03410532e+02 
 1.04665121e+05 -5.22552891e+01 -1.02388501e+02 
 1.07078670e+05 -5.18350273e+01 -1.01133503e+02 
 1.09547876e+05 -5.13479980e+01 -9.95802110e+01 
 1.12074020e+05 -5.07837274e+01 -9.76367125e+01 
 1.14658417e+05 -5.01301161e+01 -9.51703956e+01 
 1.17302409e+05 -4.93740706e+01 -9.19849929e+01 
 1.20007371e+05 -4.85039065e+01 -8.77833147e+01 
 1.22774708e+05 -4.75164758e+01 -8.21098841e+01 
 1.25605860e+05 -4.64361656e+01 -7.42804852e+01 
 1.28502297e+05 -4.53593787e+01 -6.33780202e+01 
 1.31465525e+05 -4.45279854e+01 -4.86281576e+01 
 1.34497085e+05 -4.43328138e+01 -3.06255431e+01 
 1.37598551e+05 -4.50276138e+01 -1.23091410e+01 
 1.40771537e+05 -4.64211167e+01  3.10996789e+00 
 1.44017690e+05 -4.81162262e+01  1.46682117e+01 
 1.47338699e+05 -4.98416970e+01  2.30240359e+01 
 1.50736290e+05 -5.14825574e+01  2.91145621e+01 
 1.54212228e+05 -5.30064194e+01  3.36658088e+01 
 1.57768320e+05 -5.44135111e+01  3.71655127e+01 
 1.61406415e+05 -5.57146056e+01  3.99318220e+01 
 1.65128404e+05 -5.69226074e+01  4.21740435e+01 
 1.68936220e+05 -5.80496551e+01  4.40328562e+01 
 1.72831844e+05 -5.91063085e+01  4.56051816e+01 
 1.76817299e+05 -6.01014860e+01  4.69594434e+01 
 1.80894658e+05 -6.10426419e+01  4.81450546e+01 
 1.85066040e+05 -6.19359986e+01  4.91984365e+01 
 1.89333613e+05 -6.27867650e+01  5.01469289e+01 
 1.93699595e+05 -6.35993239e+01  5.10113872e+01 
 1.98166255e+05 -6.43773852e+01  5.18079476e+01 
 2.02735916e+05 -6.51241100e+01  5.25492483e+01 
 2.07410951e+05 -6.58422095e+01  5.32452950e+01 
 2.12193792e+05 -6.65340244e+01  5.39040807e+01 
 2.17086923e+05 -6.72015886e+01  5.45320402e+01 
 2.22092889e+05 -6.78466804e+01  5.51343865e+01 
 2.27214291e+05 -6.84708642e+01  5.57153640e+01 
 2.32453791e+05 -6.90755239e+01  5.62784419e+01 
 2.37814113e+05 -6.96618915e+01  5.68264622e+01 
 2.43298042e+05 -7.02310687e+01  5.73617566e+01 
 2.48908429e+05 -7.07840468e+01  5.78862374e+01 
 2.54648190e+05 -7.13217219e+01  5.84014709e+01 
 2.60520309e+05 -7.18449080e+01  5.89087362e+01 
 2.66527837e+05 -7.23543485e+01  5.94090723e+01 
 2.72673897e+05 -7.28507247e+01  5.99033175e+01 
 2.78961683e+05 -7.33346645e+01  6.03921415e+01 
 2.85394464e+05 -7.38067483e+01  6.08760721e+01 
 2.91975583e+05 -7.42675154e+01  6.13555178e+01 
 2.98708461e+05 -7.47174684e+01  6.18307863e+01 
 3.05596598e+05 -7.51570775e+01  6.23021012e+01 
 3.12643573e+05 -7.55867839e+01  6.27696150e+01 
 3.19853049e+05 -7.60070033e+01  6.32334210e+01 
 3.27228774e+05 -7.64181281e+01  6.36935637e+01 
 3.34774581e+05 -7.68205297e+01  6.41500469e+01 
 3.42494392e+05 -7.72145610e+01  6.46028417e+01 
 3.50392221e+05 -7.76005574e+01  6.50518925e+01 
 3.58472171e+05 -7.79788386e+01  6.54971231e+01 
 3.66738442e+05 -7.83497102e+01  6.59384409e+01 
 3.75195331e+05 -7.87134640e+01  6.63757420e+01 
 3.83847234e+05 -7.90703799e+01  6.68089138e+01 
 3.92698648e+05 -7.94207262e+01  6.72378388e+01 
 4.01754173e+05 -7.97647603e+01  6.76623972e+01 
 4.11018515e+05 -8.01027296e+01  6.80824688e+01 
 4.20496491e+05 -8.04348720e+01  6.84979351e+01 
 4.30193027e+05 -8.07614165e+01  6.89086810e+01 
 4.40113162e+05 -8.10825834e+01  6.93145961e+01 
 4.50262052e+05 -8.13985847e+01  6.97155755e+01 
 4.60644974e+05 -8.17096250e+01  7.01115211e+01 
 4.71267322e+05 -8.20159010e+01  7.05023418e+01 
 4.82134619e+05 -8.23176024e+01  7.08879543e+01 
 4.93252513e+05 -8.26149122e+01  7.12682834e+01 
 5.04626783e+05 -8.29080065e+01  7.16432623e+01 
 5.16263340e+05 -8.31970549e+01  7.20128323e+01 
 5.28168234e+05 -8.34822210e+01  7.23769434e+01 
 5.40347650e+05 -8.37636624e+01  7.27355538e+01 
 5.52807921e+05 -8.40415307e+01  7.30886300e+01 
 5.65555523e+05 -8.43159721e+01  7.34361464e+01 
 5.78597080e+05 -8.45871272e+01  7.37780854e+01 
 5.91939372e+05 -8.48551315e+01  7.41144367e+01 
 6.05589334e+05 -8.51201152e+01  7.44451972e+01 
 6.19554061e+05 -8.53822036e+01  7.47703709e+01 
 6.33840810e+05 -8.56415174e+01  7.50899679e+01 
 6.48457008e+05 -8.58981724e+01  7.54040048e+01 
 6.63410251e+05 -8.61522801e+01  7.57125040e+01 
 6.78708313e+05 -8.64039476e+01  7.60154930e+01 
 6.94359143e+05 -8.66532777e+01  7.63130048e+01 
 7.10370877e+05 -8.69003694e+01  7.66050766e+01 
 7.26751838e+05 -8.71453175e+01  7.68917504e+01 
 7.43510539e+05 -8.73882131e+01  7.71730720e+01 
 7.60655691e+05 -8.76291438e+01  7.74490908e+01 
 7.78196206e+05 -8.78681934e+01  7.77198596e+01 
 7.96141200e+05 -8.81054425e+01  7.79854343e+01 
 8.14500001e+05 -8.83409684e+01  7.82458733e+01 
 8.33282151e+05 -8.85748450e+01  7.85012378e+01 
 8.52497412e+05 -8.88071434e+01  7.87515908e+01 
 8.72155772e+05 -8.90379317e+01  7.89969975e+01 
 8.92267449e+05 -8.92672751e+01  7.92375246e+01 
 9.12842895e+05 -8.94952362e+01  7.94732403e+01 
 9.33892805e+05 -8.97218748e+01  7.97042142e+01 
 9.55428121e+05 -8.99472484e+01  7.99305167e+01 
 9.77460036e+05 -9.01714118e+01  8.01522191e+01 
 1.00000000e+06 -9.03944177e+01  8.03693934e+01 
 1.02305973e+06 -9.06163166e+01  8.05821123e+01 
 1.04665121e+06 -9.08371565e+01  8.07904486e+01 
 1.07078670e+06 -9.10569838e+01  8.09944753e+01 
 1.09547876e+06 -9.12758426e+01  8.11942658e+01 
 1.12074020e+06 -9.14937752e+01  8.13898932e+01 
 1.14658417e+06 -9.17108220e+01  8.15814305e+01 
 1.17302409e+06 -9.19270219e+01  8.17689512e+01 
 1.20007371e+06 -9.21424118e+01  8.19525266e+01 
 1.22774708e+06 -9.23570272e+01  8.21322294e+01 
 1.25605860e+06 -9.25709020e+01  8.23081312e+01 
 1.28502297e+06 -9.27840685e+01  8.24803031e+01 
 1.31465525e+06 -9.29965579e+01  8.26488154e+01 
 1.34497085e+06 -9.32083996e+01  8.28137380e+01 
 1.37598551e+06 -9.34196222e+01  8.29751398e+01 
 1.40771537e+06 -9.36302527e+01  8.31330891e+01 
 1.44017690e+06 -9.38403169e+01  8.32876533e+01 
 1.47338699e+06 -9.40498397e+01  8.34388991e+01 
 1.50736290e+06 -9.42588447e+01  8.35868921e+01 
 1.54212228e+06 -9.44673546e+01  8.37316971e+01 
 1.57768320e+06 -9.46753910e+01  8.38733780e+01 
 1.61406415e+06 -9.48829746e+01  8.40119976e+01 
 1.65128404e+06 -9.50901250e+01  8.41476179e+01 
 1.68936220e+06 -9.52968613e+01  8.42802997e+01 
 1.72831844e+06 -9.55032014e+01  8.44101029e+01 
 1.76817299e+06 -9.57091626e+01  8.45370866e+01 
 1.80894658e+06 -9.59147614e+01  8.46613083e+01 
 1.85066040e+06 -9.61200134e+01  8.47828251e+01 
 1.89333613e+06 -9.63249339e+01  8.49016927e+01 
 1.93699595e+06 -9.65295370e+01  8.50179657e+01 
 1.98166255e+06 -9.67338366e+01  8.51316980e+01 
 2.02735916e+06 -9.69378457e+01  8.52429423e+01 
 2.07410951e+06 -9.71415771e+01  8.53517498e+01 
 2.12193792e+06 -9.73450425e+01  8.54581713e+01 
 2.17086923e+06 -9.75482535e+01  8.55622563e+01 
 2.22092889e+06 -9.77512210e+01  8.56640534e+01 
 2.27214291e+06 -9.79539556e+01  8.57636100e+01 
 2.32453791e+06 -9.81564672e+01  8.58609727e+01 
 2.37814113e+06 -9.83587654e+01  8.59561868e+01 
 2.43298042e+06 -9.85608593e+01  8.60492970e+01 
 2.48908429e+06 -9.87627578e+01  8.61403467e+01 
 2.54648190e+06 -9.89644691e+01  8.62293786e+01 
 2.60520309e+06 -9.91660014e+01  8.63164345e+01 
 2.66527837e+06 -9.93673623e+01  8.64015546e+01 
 2.72673897e+06 -9.95685591e+01  8.64847791e+01 
 2.78961683e+06 -9.97695990e+01  8.65661467e+01 
 2.85394464e+06 -9.99704886e+01  8.66456955e+01 
 2.91975583e+06 -1.00171235e+02  8.67234628e+01 
 2.98708461e+06 -1.00371843e+02  8.67994848e+01 
 3.05596598e+06 -1.00572320e+02  8.68737972e+01 
 3.12643573e+06 -1.00772670e+02  8.69464349e+01 
 3.19853049e+06 -1.00972901e+02  8.70174315e+01 
 3.27228774e+06 -1.01173016e+02  8.70868204e+01 
 3.34774581e+06 -1.01373022e+02  8.71546343e+01 
 3.42494392e+06 -1.01572922e+02  8.72209050e+01 
 3.50392221e+06 -1.01772722e+02  8.72856638e+01 
 3.58472171e+06 -1.01972425e+02  8.73489410e+01 
 3.66738442e+06 -1.02172037e+02  8.74107667e+01 
 3.75195331e+06 -1.02371562e+02  8.74711702e+01 
 3.83847234e+06 -1.02571004e+02  8.75301805e+01 
 3.92698648e+06 -1.02770365e+02  8.75878256e+01 
 4.01754173e+06 -1.02969652e+02  8.76441332e+01 
 4.11018515e+06 -1.03168866e+02  8.76991307e+01 
 4.20496491e+06 -1.03368011e+02  8.77528449e+01 
 4.30193027e+06 -1.03567091e+02  8.78053018e+01 
 4.40113162e+06 -1.03766109e+02  8.78565275e+01 
 4.50262052e+06 -1.03965068e+02  8.79065475e+01 
 4.60644974e+06 -1.04163971e+02  8.79553867e+01 
 4.71267322e+06 -1.04362821e+02  8.80030698e+01 
 4.82134619e+06 -1.04561621e+02  8.80496212e+01 
 4.93252513e+06 -1.04760374e+02  8.80950647e+01 
 5.04626783e+06 -1.04959081e+02  8.81394241e+01 
 5.16263340e+06 -1.05157747e+02  8.81827225e+01 
 5.28168234e+06 -1.05356372e+02  8.82249829e+01 
 5.40347650e+06 -1.05554960e+02  8.82662281e+01 
 5.52807921e+06 -1.05753512e+02  8.83064803e+01 
 5.65555523e+06 -1.05952030e+02  8.83457616e+01 
 5.78597080e+06 -1.06150518e+02  8.83840937e+01 
 5.91939372e+06 -1.06348976e+02  8.84214979e+01 
 6.05589334e+06 -1.06547407e+02  8.84579956e+01 
 6.19554061e+06 -1.06745812e+02  8.84936075e+01 
 6.33840810e+06 -1.06944193e+02  8.85283544e+01 
 6.48457008e+06 -1.07142552e+02  8.85622563e+01 
 6.63410251e+06 -1.07340890e+02  8.85953332e+01 
 6.78708313e+06 -1.07539209e+02  8.86276050e+01 
 6.94359143e+06 -1.07737510e+02  8.86590910e+01 
 7.10370877e+06 -1.07935795e+02  8.86898102e+01 
 7.26751838e+06 -1.08134064e+02  8.87197814e+01 
 7.43510539e+06 -1.08332319e+02  8.87490232e+01 
 7.60655691e+06 -1.08530561e+02  8.87775536e+01 
 7.78196206e+06 -1.08728791e+02  8.88053905e+01 
 7.96141200e+06 -1.08927010e+02  8.88325515e+01 
 8.14500001e+06 -1.09125219e+02  8.88590537e+01 
 8.33282151e+06 -1.09323419e+02  8.88849140e+01 
 8.52497412e+06 -1.09521611e+02  8.89101490e+01 
 8.72155772e+06 -1.09719795e+02  8.89347750e+01 
 8.92267449e+06 -1.09917972e+02  8.89588078e+01 
 9.12842895e+06 -1.10116143e+02  8.89822629e+01 
 9.33892805e+06 -1.10314308e+02  8.90051557e+01 
 9.55428121e+06 -1.10512468e+02  8.90275009e+01 
 9.77460036e+06 -1.10710623e+02  8.90493133e+01 
 1.00000000e+07 -1.10908774e+02  8.90706068e+01 
 1.02305973e+07 -1.11106922e+02  8.90913955e+01 
 1.04665121e+07 -1.11305066e+02  8.91116929e+01 
 1.07078670e+07 -1.11503207e+02  8.91315122e+01 
 1.09547876e+07 -1.11701345e+02  8.91508662e+01 
 1.12074020e+07 -1.11899481e+02  8.91697675e+01 
 1.14658417e+07 -1.12097615e+02  8.91882283e+01 
 1.17302409e+07 -1.12295746e+02  8.92062605e+01 
 1.20007371e+07 -1.12493876e+02  8.92238756e+01 
 1.22774708e+07 -1.12692004e+02  8.92410849e+01 
 1.25605860e+07 -1.12890131e+02  8.92578993e+01 
 1.28502297e+07 -1.13088256e+02  8.92743293e+01 
 1.31465525e+07 -1.13286379e+02  8.92903852e+01 
 1.34497085e+07 -1.13484502e+02  8.93060771e+01 
 1.37598551e+07 -1.13682623e+02  8.93214145e+01 
 1.40771537e+07 -1.13880743e+02  8.93364068e+01 
 1.44017690e+07 -1.14078862e+02  8.93510632e+01 
 1.47338699e+07 -1.14276979e+02  8.93653924e+01 
 1.50736290e+07 -1.14475095e+02  8.93794029e+01 
 1.54212228e+07 -1.14673210e+02  8.93931030e+01 
 1.57768320e+07 -1.14871324e+02  8.94065006e+01 
 1.61406415e+07 -1.15069437e+02  8.94196034e+01 
 1.65128404e+07 -1.15267548e+02  8.94324189e+01 
 1.68936220e+07 -1.15465658e+02  8.94449542e+01 
 1.72831844e+07 -1.15663767e+02  8.94572164e+01 
 1.76817299e+07 -1.15861874e+02  8.94692121e+01 
 1.80894658e+07 -1.16059980e+02  8.94809479e+01 
 1.85066040e+07 -1.16258084e+02  8.94924299e+01 
 1.89333613e+07 -1.16456186e+02  8.95036643e+01 
 1.93699595e+07 -1.16654287e+02  8.95146570e+01 
 1.98166255e+07 -1.16852386e+02  8.95254135e+01 
 2.02735916e+07 -1.17050483e+02  8.95359394e+01 
 2.07410951e+07 -1.17248579e+02  8.95462399e+01 
 2.12193792e+07 -1.17446672e+02  8.95563201e+01 
 2.17086923e+07 -1.17644764e+02  8.95661850e+01 
 2.22092889e+07 -1.17842854e+02  8.95758393e+01 
 2.27214291e+07 -1.18040942e+02  8.95852876e+01 
 2.32453791e+07 -1.18239027e+02  8.95945345e+01 
 2.37814113e+07 -1.18437111e+02  8.96035843e+01 
 2.43298042e+07 -1.18635193e+02  8.96124412e+01 
 2.48908429e+07 -1.18833272e+02  8.96211092e+01 
 2.54648190e+07 -1.19031350e+02  8.96295922e+01 
 2.60520309e+07 -1.19229425e+02  8.96378942e+01 
 2.66527837e+07 -1.19427498e+02  8.96460188e+01 
 2.72673897e+07 -1.19625570e+02  8.96539697e+01 
 2.78961683e+07 -1.19823639e+02  8.96617503e+01 
 2.85394464e+07 -1.20021705e+02  8.96693642e+01 
 2.91975583e+07 -1.20219770e+02  8.96768145e+01 
 2.98708461e+07 -1.20417833e+02  8.96841047e+01 
 3.05596598e+07 -1.20615894e+02  8.96912378e+01 
 3.12643573e+07 -1.20813952e+02  8.96982170e+01 
 3.19853049e+07 -1.21012009e+02  8.97050452e+01 
 3.27228774e+07 -1.21210064e+02  8.97117255e+01 
 3.34774581e+07 -1.21408116e+02  8.97182607e+01 
 3.42494392e+07 -1.21606167e+02  8.97246537e+01 
 3.50392221e+07 -1.21804216e+02  8.97309072e+01 
 3.58472171e+07 -1.22002263e+02  8.97370240e+01 
 3.66738442e+07 -1.22200309e+02  8.97430067e+01 
 3.75195331e+07 -1.22398353e+02  8.97488579e+01 
 3.83847234e+07 -1.22596395e+02  8.97545803e+01 
 3.92698648e+07 -1.22794435e+02  8.97601763e+01 
 4.01754173e+07 -1.22992474e+02  8.97656485e+01 
 4.11018515e+07 -1.23190512e+02  8.97709992e+01 
 4.20496491e+07 -1.23388548e+02  8.97762309e+01 
 4.30193027e+07 -1.23586582e+02  8.97813459e+01 
 4.40113162e+07 -1.23784616e+02  8.97863467e+01 
 4.50262052e+07 -1.23982648e+02  8.97912354e+01 
 4.60644974e+07 -1.24180679e+02  8.97960143e+01 
 4.71267322e+07 -1.24378708e+02  8.98006856e+01 
 4.82134619e+07 -1.24576737e+02  8.98052517e+01 
 4.93252513e+07 -1.24774764e+02  8.98097145e+01 
 5.04626783e+07 -1.24972791e+02  8.98140762e+01 
 5.16263340e+07 -1.25170817e+02  8.98183390e+01 
 5.28168234e+07 -1.25368842e+02  8.98225049e+01 
 5.40347650e+07 -1.25566866e+02  8.98265759e+01 
 5.52807921e+07 -1.25764889e+02  8.98305540e+01 
 5.65555523e+07 -1.25962912e+02  8.98344412e+01 
 5.78597080e+07 -1.26160933e+02  8.98382395e+01 
 5.91939372e+07 -1.26358955e+02  8.98419508e+01 
 6.05589334e+07 -1.26556975e+02  8.98455769e+01 
 6.19554061e+07 -1.26754996e+02  8.98491198e+01 
 6.33840810e+07 -1.26953015e+02  8.98525811e+01 
 6.48457008e+07 -1.27151035e+02  8.98559628e+01 
 6.63410251e+07 -1.27349054e+02  8.98592666e+01 
 6.78708313e+07 -1.27547072e+02  8.98624942e+01 
 6.94359143e+07 -1.27745090e+02  8.98656473e+01 
 7.10370877e+07 -1.27943108e+02  8.98687276e+01 
 7.26751838e+07 -1.28141126e+02  8.98717368e+01 
 7.43510539e+07 -1.28339143e+02  8.98746765e+01 
 7.60655691e+07 -1.28537160e+02  8.98775481e+01 
 7.78196206e+07 -1.28735177e+02  8.98803534e+01 
 7.96141200e+07 -1.28933194e+02  8.98830938e+01 
 8.14500001e+07 -1.29131211e+02  8.98857708e+01 
 8.33282151e+07 -1.29329228e+02  8.98883858e+01 
 8.52497412e+07 -1.29527244e+02  8.98909404e+01 
 8.72155772e+07 -1.29725260e+02  8.98934359e+01 
 8.92267449e+07 -1.29923277e+02  8.98958736e+01 
 9.12842895e+07 -1.30121293e+02  8.98982550e+01 
 9.33892805e+07 -1.30319309e+02  8.99005813e+01 
 9.55428121e+07 -1.30517326e+02  8.99028539e+01 
 9.77460036e+07 -1.30715342e+02  8.99050740e+01 
 1.00000000e+08 -1.30913358e+02  8.99072428e+01 
 1.02305973e+08 -1.31111375e+02  8.99093615e+01 
 1.04665121e+08 -1.31309391e+02  8.99114313e+01 
 1.07078670e+08 -1.31507407e+02  8.99134534e+01 
 1.09547876e+08 -1.31705424e+02  8.99154289e+01 
 1.12074020e+08 -1.31903440e+02  8.99173589e+01 
 1.14658417e+08 -1.32101457e+02  8.99192445e+01 
 1.17302409e+08 -1.32299473e+02  8.99210866e+01 
 1.20007371e+08 -1.32497490e+02  8.99228864e+01 
 1.22774708e+08 -1.32695506e+02  8.99246448e+01 
 1.25605860e+08 -1.32893523e+02  8.99263628e+01 
 1.28502297e+08 -1.33091540e+02  8.99280414e+01 
 1.31465525e+08 -1.33289557e+02  8.99296815e+01 
 1.34497085e+08 -1.33487574e+02  8.99312840e+01 
 1.37598551e+08 -1.33685591e+02  8.99328498e+01 
 1.40771537e+08 -1.33883608e+02  8.99343797e+01 
 1.44017690e+08 -1.34081625e+02  8.99358747e+01 
 1.47338699e+08 -1.34279642e+02  8.99373355e+01 
 1.50736290e+08 -1.34477660e+02  8.99387629e+01 
 1.54212228e+08 -1.34675677e+02  8.99401577e+01 
 1.57768320e+08 -1.34873694e+02  8.99415207e+01 
 1.61406415e+08 -1.35071712e+02  8.99428526e+01 
 1.65128404e+08 -1.35269730e+02  8.99441542e+01 
 1.68936220e+08 -1.35467747e+02  8.99454262e+01 
 1.72831844e+08 -1.35665765e+02  8.99466692e+01 
 1.76817299e+08 -1.35863783e+02  8.99478840e+01 
 1.80894658e+08 -1.36061801e+02  8.99490712e+01 
 1.85066040e+08 -1.36259819e+02  8.99502315e+01 
 1.89333613e+08 -1.36457837e+02  8.99513654e+01 
 1.93699595e+08 -1.36655855e+02  8.99524736e+01 
 1.98166255e+08 -1.36853873e+02  8.99535568e+01 
 2.02735916e+08 -1.37051891e+02  8.99546154e+01 
 2.07410951e+08 -1.37249909e+02  8.99556501e+01 
 2.12193792e+08 -1.37447928e+02  8.99566614e+01 
 2.17086923e+08 -1.37645946e+02  8.99576499e+01 
 2.22092889e+08 -1.37843964e+02  8.99586161e+01 
 2.27214291e+08 -1.38041983e+02  8.99595605e+01 
 2.32453791e+08 -1.38240002e+02  8.99604836e+01 
 2.37814113e+08 -1.38438020e+02  8.99613859e+01 
 2.43298042e+08 -1.38636039e+02  8.99622680e+01 
 2.48908429e+08 -1.38834057e+02  8.99631302e+01 
 2.54648190e+08 -1.39032076e+02  8.99639731e+01 
 2.60520309e+08 -1.39230095e+02  8.99647970e+01 
 2.66527837e+08 -1.39428114e+02  8.99656025e+01 
 2.72673897e+08 -1.39626133e+02  8.99663899e+01 
 2.78961683e+08 -1.39824151e+02  8.99671597e+01 
 2.85394464e+08 -1.40022170e+02  8.99679123e+01 
 2.91975583e+08 -1.40220189e+02  8.99686481e+01 
 2.98708461e+08 -1.40418208e+02  8.99693675e+01 
 3.05596598e+08 -1.40616227e+02  8.99700708e+01 
 3.12643573e+08 -1.40814246e+02  8.99707585e+01 
 3.19853049e+08 -1.41012265e+02  8.99714308e+01 
 3.27228774e+08 -1.41210285e+02  8.99720882e+01 
 3.34774581e+08 -1.41408304e+02  8.99727311e+01 
 3.42494392e+08 -1.41606323e+02  8.99733596e+01 
 3.50392221e+08 -1.41804342e+02  8.99739742e+01 
 3.58472171e+08 -1.42002361e+02  8.99745753e+01 
 3.66738442e+08 -1.42200381e+02  8.99751630e+01 
 3.75195331e+08 -1.42398400e+02  8.99757378e+01 
 3.83847234e+08 -1.42596419e+02  8.99762998e+01 
 3.92698648e+08 -1.42794438e+02  8.99768496e+01 
 4.01754173e+08 -1.42992458e+02  8.99773872e+01 
 4.11018515e+08 -1.43190477e+02  8.99779130e+01 
 4.20496491e+08 -1.43388497e+02  8.99784273e+01 
 4.30193027e+08 -1.43586516e+02  8.99789304e+01 
 4.40113162e+08 -1.43784535e+02  8.99794224e+01 
 4.50262052e+08 -1.43982555e+02  8.99799037e+01 
 4.60644974e+08 -1.44180574e+02  8.99803746e+01 
 4.71267322e+08 -1.44378594e+02  8.99808352e+01 
 4.82134619e+08 -1.44576613e+02  8.99812858e+01 
 4.93252513e+08 -1.44774633e+02  8.99817266e+01 
 5.04626783e+08 -1.44972652e+02  8.99821579e+01 
 5.16263340e+08 -1.45170672e+02  8.99825800e+01 
 5.28168234e+08 -1.45368691e+02  8.99829929e+01 
 5.40347650e+08 -1.45566711e+02  8.99833970e+01 
 5.52807921e+08 -1.45764730e+02  8.99837924e+01 
 5.65555523e+08 -1.45962750e+02  8.99841794e+01 
 5.78597080e+08 -1.46160769e+02  8.99845582e+01 
 5.91939372e+08 -1.46358789e+02  8.99849289e+01 
 6.05589334e+08 -1.46556809e+02  8.99852918e+01 
 6.19554061e+08 -1.46754828e+02  8.99856470e+01 
 6.33840810e+08 -1.46952848e+02  8.99859947e+01 
 6.48457008e+08 -1.47150867e+02  8.99863351e+01 
 6.63410251e+08 -1.47348887e+02  8.99866684e+01 
 6.78708313e+08 -1.47546907e+02  8.99869948e+01 
 6.94359143e+08 -1.47744926e+02  8.99873144e+01 
 7.10370877e+08 -1.47942946e+02  8.99876274e+01 
 7.26751838e+08 -1.48140966e+02  8.99879340e+01 
 7.43510539e+08 -1.48338985e+02  8.99882343e+01 
 7.60655691e+08 -1.48537005e+02  8.99885284e+01 
 7.78196206e+08 -1.48735025e+02  8.99888166e+01 
 7.96141200e+08 -1.48933044e+02  8.99890990e+01 
 8.14500001e+08 -1.49131064e+02  8.99893757e+01 
 8.33282151e+08 -1.49329084e+02  8.99896468e+01 
 8.52497412e+08 -1.49527103e+02  8.99899126e+01 
 8.72155772e+08 -1.49725123e+02  8.99901731e+01 
 8.92267449e+08 -1.49923143e+02  8.99904286e+01 
 9.12842895e+08 -1.50121163e+02  8.99906790e+01 
 9.33892805e+08 -1.50319182e+02  8.99909246e+01 
 9.55428121e+08 -1.50517202e+02  8.99911655e+01 
 9.77460036e+08 -1.50715222e+02  8.99914017e+01 
 1.00000000e+09 -1.50913241e+02  8.99916335e+01 
