 frequency       v(Amag_dB)      v(Aarg)        
 1.00000000e-02  1.02415423e+01  8.81082540e+01 
 1.02305973e-02  1.04393414e+01  8.80646636e+01 
 1.04665121e-02  1.06371302e+01  8.80200704e+01 
 1.07078670e-02  1.08349082e+01  8.79744513e+01 
 1.09547876e-02  1.10326749e+01  8.79277830e+01 
 1.12074020e-02  1.12304298e+01  8.78800413e+01 
 1.14658417e-02  1.14281724e+01  8.78312018e+01 
 1.17302409e-02  1.16259021e+01  8.77812393e+01 
 1.20007371e-02  1.18236183e+01  8.77301282e+01 
 1.22774708e-02  1.20213204e+01  8.76778422e+01 
 1.25605860e-02  1.22190076e+01  8.76243545e+01 
 1.28502297e-02  1.24166793e+01  8.75696377e+01 
 1.31465525e-02  1.26143349e+01  8.75136638e+01 
 1.34497085e-02  1.28119735e+01  8.74564040e+01 
 1.37598551e-02  1.30095943e+01  8.73978290e+01 
 1.40771537e-02  1.32071966e+01  8.73379090e+01 
 1.44017690e-02  1.34047794e+01  8.72766133e+01 
 1.47338699e-02  1.36023419e+01  8.72139105e+01 
 1.50736290e-02  1.37998831e+01  8.71497688e+01 
 1.54212228e-02  1.39974020e+01  8.70841553e+01 
 1.57768320e-02  1.41948977e+01  8.70170368e+01 
 1.61406415e-02  1.43923689e+01  8.69483790e+01 
 1.65128404e-02  1.45898147e+01  8.68781470e+01 
 1.68936220e-02  1.47872337e+01  8.68063053e+01 
 1.72831844e-02  1.49846248e+01  8.67328172e+01 
 1.76817299e-02  1.51819866e+01  8.66576457e+01 
 1.80894658e-02  1.53793179e+01  8.65807527e+01 
 1.85066040e-02  1.55766172e+01  8.65020993e+01 
 1.89333613e-02  1.57738830e+01  8.64216459e+01 
 1.93699595e-02  1.59711137e+01  8.63393518e+01 
 1.98166255e-02  1.61683078e+01  8.62551757e+01 
 2.02735916e-02  1.63654635e+01  8.61690753e+01 
 2.07410951e-02  1.65625792e+01  8.60810073e+01 
 2.12193792e-02  1.67596528e+01  8.59909277e+01 
 2.17086923e-02  1.69566825e+01  8.58987915e+01 
 2.22092889e-02  1.71536663e+01  8.58045525e+01 
 2.27214291e-02  1.73506020e+01  8.57081640e+01 
 2.32453791e-02  1.75474874e+01  8.56095780e+01 
 2.37814113e-02  1.77443202e+01  8.55087455e+01 
 2.43298042e-02  1.79410980e+01  8.54056168e+01 
 2.48908429e-02  1.81378182e+01  8.53001407e+01 
 2.54648190e-02  1.83344782e+01  8.51922655e+01 
 2.60520309e-02  1.85310753e+01  8.50819380e+01 
 2.66527837e-02  1.87276064e+01  8.49691042e+01 
 2.72673897e-02  1.89240687e+01  8.48537089e+01 
 2.78961683e-02  1.91204589e+01  8.47356960e+01 
 2.85394464e-02  1.93167737e+01  8.46150081e+01 
 2.91975583e-02  1.95130097e+01  8.44915867e+01 
 2.98708461e-02  1.97091633e+01  8.43653723e+01 
 3.05596598e-02  1.99052306e+01  8.42363042e+01 
 3.12643573e-02  2.01012079e+01  8.41043205e+01 
 3.19853049e-02  2.02970908e+01  8.39693582e+01 
 3.27228774e-02  2.04928752e+01  8.38313533e+01 
 3.34774581e-02  2.06885566e+01  8.36902402e+01 
 3.42494392e-02  2.08841302e+01  8.35459527e+01 
 3.50392221e-02  2.10795912e+01  8.33984229e+01 
 3.58472171e-02  2.12749344e+01  8.32475821e+01 
 3.66738442e-02  2.14701545e+01  8.30933602e+01 
 3.75195331e-02  2.16652459e+01  8.29356859e+01 
 3.83847234e-02  2.18602028e+01  8.27744870e+01 
 3.92698648e-02  2.20550192e+01  8.26096897e+01 
 4.01754173e-02  2.22496886e+01  8.24412195e+01 
 4.11018515e-02  2.24442045e+01  8.22690002e+01 
 4.20496491e-02  2.26385600e+01  8.20929550e+01 
 4.30193027e-02  2.28327478e+01  8.19130056e+01 
 4.40113162e-02  2.30267605e+01  8.17290726e+01 
 4.50262052e-02  2.32205902e+01  8.15410757e+01 
 4.60644974e-02  2.34142288e+01  8.13489333e+01 
 4.71267322e-02  2.36076677e+01  8.11525628e+01 
 4.82134619e-02  2.38008980e+01  8.09518806e+01 
 4.93252513e-02  2.39939106e+01  8.07468022e+01 
 5.04626783e-02  2.41866958e+01  8.05372420e+01 
 5.16263340e-02  2.43792435e+01  8.03231134e+01 
 5.28168234e-02  2.45715433e+01  8.01043291e+01 
 5.40347650e-02  2.47635843e+01  7.98808009e+01 
 5.52807921e-02  2.49553552e+01  7.96524398e+01 
 5.65555523e-02  2.51468442e+01  7.94191563e+01 
 5.78597080e-02  2.53380390e+01  7.91808600e+01 
 5.91939372e-02  2.55289269e+01  7.89374599e+01 
 6.05589334e-02  2.57194946e+01  7.86888649e+01 
 6.19554061e-02  2.59097284e+01  7.84349830e+01 
 6.33840810e-02  2.60996138e+01  7.81757222e+01 
 6.48457008e-02  2.62891361e+01  7.79109903e+01 
 6.63410251e-02  2.64782797e+01  7.76406948e+01 
 6.78708313e-02  2.66670286e+01  7.73647435e+01 
 6.94359143e-02  2.68553661e+01  7.70830440e+01 
 7.10370877e-02  2.70432751e+01  7.67955046e+01 
 7.26751838e-02  2.72307374e+01  7.65020336e+01 
 7.43510539e-02  2.74177348e+01  7.62025401e+01 
 7.60655691e-02  2.76042477e+01  7.58969340e+01 
 7.78196206e-02  2.77902565e+01  7.55851260e+01 
 7.96141200e-02  2.79757403e+01  7.52670279e+01 
 8.14500001e-02  2.81606780e+01  7.49425528e+01 
 8.33282151e-02  2.83450475e+01  7.46116153e+01 
 8.52497412e-02  2.85288260e+01  7.42741318e+01 
 8.72155772e-02  2.87119900e+01  7.39300206e+01 
 8.92267449e-02  2.88945151e+01  7.35792020e+01 
 9.12842895e-02  2.90763764e+01  7.32215991e+01 
 9.33892805e-02  2.92575481e+01  7.28571373e+01 
 9.55428121e-02  2.94380034e+01  7.24857452e+01 
 9.77460036e-02  2.96177152e+01  7.21073548e+01 
 1.00000000e-01  2.97966552e+01  7.17219012e+01 
 1.02305973e-01  2.99747944e+01  7.13293238e+01 
 1.04665121e-01  3.01521032e+01  7.09295660e+01 
 1.07078670e-01  3.03285511e+01  7.05225756e+01 
 1.09547876e-01  3.05041068e+01  7.01083055e+01 
 1.12074020e-01  3.06787383e+01  6.96867136e+01 
 1.14658417e-01  3.08524129e+01  6.92577634e+01 
 1.17302409e-01  3.10250971e+01  6.88214242e+01 
 1.20007371e-01  3.11967567e+01  6.83776718e+01 
 1.22774708e-01  3.13673568e+01  6.79264885e+01 
 1.25605860e-01  3.15368621e+01  6.74678635e+01 
 1.28502297e-01  3.17052362e+01  6.70017935e+01 
 1.31465525e-01  3.18724426e+01  6.65282831e+01 
 1.34497085e-01  3.20384440e+01  6.60473449e+01 
 1.37598551e-01  3.22032026e+01  6.55589999e+01 
 1.40771537e-01  3.23666802e+01  6.50632781e+01 
 1.44017690e-01  3.25288383e+01  6.45602187e+01 
 1.47338699e-01  3.26896379e+01  6.40498705e+01 
 1.50736290e-01  3.28490397e+01  6.35322921e+01 
 1.54212228e-01  3.30070045e+01  6.30075523e+01 
 1.57768320e-01  3.31634926e+01  6.24757305e+01 
 1.61406415e-01  3.33184644e+01  6.19369167e+01 
 1.65128404e-01  3.34718804e+01  6.13912121e+01 
 1.68936220e-01  3.36237011e+01  6.08387290e+01 
 1.72831844e-01  3.37738872e+01  6.02795911e+01 
 1.76817299e-01  3.39223998e+01  5.97139337e+01 
 1.80894658e-01  3.40692002e+01  5.91419037e+01 
 1.85066040e-01  3.42142505e+01  5.85636600e+01 
 1.89333613e-01  3.43575130e+01  5.79793730e+01 
 1.93699595e-01  3.44989510e+01  5.73892250e+01 
 1.98166255e-01  3.46385285e+01  5.67934101e+01 
 2.02735916e-01  3.47762104e+01  5.61921338e+01 
 2.07410951e-01  3.49119627e+01  5.55856132e+01 
 2.12193792e-01  3.50457524e+01  5.49740767e+01 
 2.17086923e-01  3.51775479e+01  5.43577635e+01 
 2.22092889e-01  3.53073188e+01  5.37369236e+01 
 2.27214291e-01  3.54350363e+01  5.31118174e+01 
 2.32453791e-01  3.55606730e+01  5.24827149e+01 
 2.37814113e-01  3.56842033e+01  5.18498956e+01 
 2.43298042e-01  3.58056032e+01  5.12136481e+01 
 2.48908429e-01  3.59248508e+01  5.05742690e+01 
 2.54648190e-01  3.60419257e+01  4.99320628e+01 
 2.60520309e-01  3.61568100e+01  4.92873408e+01 
 2.66527837e-01  3.62694875e+01  4.86404207e+01 
 2.72673897e-01  3.63799442e+01  4.79916257e+01 
 2.78961683e-01  3.64881685e+01  4.73412840e+01 
 2.85394464e-01  3.65941509e+01  4.66897275e+01 
 2.91975583e-01  3.66978841e+01  4.60372912e+01 
 2.98708461e-01  3.67993633e+01  4.53843125e+01 
 3.05596598e-01  3.68985859e+01  4.47311303e+01 
 3.12643573e-01  3.69955516e+01  4.40780837e+01 
 3.19853049e-01  3.70902627e+01  4.34255118e+01 
 3.27228774e-01  3.71827235e+01  4.27737522e+01 
 3.34774581e-01  3.72729408e+01  4.21231405e+01 
 3.42494392e-01  3.73609238e+01  4.14740093e+01 
 3.50392221e-01  3.74466836e+01  4.08266875e+01 
 3.58472171e-01  3.75302339e+01  4.01814992e+01 
 3.66738442e-01  3.76115902e+01  3.95387632e+01 
 3.75195331e-01  3.76907704e+01  3.88987922e+01 
 3.83847234e-01  3.77677943e+01  3.82618919e+01 
 3.92698648e-01  3.78426835e+01  3.76283605e+01 
 4.01754173e-01  3.79154616e+01  3.69984880e+01 
 4.11018515e-01  3.79861540e+01  3.63725557e+01 
 4.20496491e-01  3.80547877e+01  3.57508354e+01 
 4.30193027e-01  3.81213913e+01  3.51335893e+01 
 4.40113162e-01  3.81859948e+01  3.45210694e+01 
 4.50262052e-01  3.82486297e+01  3.39135169e+01 
 4.60644974e-01  3.83093286e+01  3.33111622e+01 
 4.71267322e-01  3.83681255e+01  3.27142245e+01 
 4.82134619e-01  3.84250552e+01  3.21229115e+01 
 4.93252513e-01  3.84801535e+01  3.15374194e+01 
 5.04626783e-01  3.85334572e+01  3.09579327e+01 
 5.16263340e-01  3.85850035e+01  3.03846240e+01 
 5.28168234e-01  3.86348304e+01  2.98176543e+01 
 5.40347650e-01  3.86829765e+01  2.92571727e+01 
 5.52807921e-01  3.87294807e+01  2.87033166e+01 
 5.65555523e-01  3.87743821e+01  2.81562119e+01 
 5.78597080e-01  3.88177202e+01  2.76159729e+01 
 5.91939372e-01  3.88595347e+01  2.70827029e+01 
 6.05589334e-01  3.88998650e+01  2.65564938e+01 
 6.19554061e-01  3.89387507e+01  2.60374270e+01 
 6.33840810e-01  3.89762313e+01  2.55255731e+01 
 6.48457008e-01  3.90123461e+01  2.50209928e+01 
 6.63410251e-01  3.90471340e+01  2.45237363e+01 
 6.78708313e-01  3.90806337e+01  2.40338448e+01 
 6.94359143e-01  3.91128834e+01  2.35513496e+01 
 7.10370877e-01  3.91439210e+01  2.30762736e+01 
 7.26751838e-01  3.91737839e+01  2.26086308e+01 
 7.43510539e-01  3.92025088e+01  2.21484271e+01 
 7.60655691e-01  3.92301320e+01  2.16956606e+01 
 7.78196206e-01  3.92566892e+01  2.12503217e+01 
 7.96141200e-01  3.92822153e+01  2.08123941e+01 
 8.14500001e-01  3.93067445e+01  2.03818546e+01 
 8.33282151e-01  3.93303106e+01  1.99586735e+01 
 8.52497412e-01  3.93529464e+01  1.95428153e+01 
 8.72155772e-01  3.93746841e+01  1.91342389e+01 
 8.92267449e-01  3.93955549e+01  1.87328979e+01 
 9.12842895e-01  3.94155897e+01  1.83387410e+01 
 9.33892805e-01  3.94348182e+01  1.79517122e+01 
 9.55428121e-01  3.94532695e+01  1.75717515e+01 
 9.77460036e-01  3.94709720e+01  1.71987949e+01 
 1.00000000e+00  3.94879530e+01  1.68327745e+01 
 1.02305973e+00  3.95042395e+01  1.64736195e+01 
 1.04665121e+00  3.95198573e+01  1.61212559e+01 
 1.07078670e+00  3.95348316e+01  1.57756068e+01 
 1.09547876e+00  3.95491869e+01  1.54365931e+01 
 1.12074020e+00  3.95629468e+01  1.51041332e+01 
 1.14658417e+00  3.95761343e+01  1.47781437e+01 
 1.17302409e+00  3.95887715e+01  1.44585394e+01 
 1.20007371e+00  3.96008799e+01  1.41452334e+01 
 1.22774708e+00  3.96124802e+01  1.38381376e+01 
 1.25605860e+00  3.96235924e+01  1.35371629e+01 
 1.28502297e+00  3.96342360e+01  1.32422189e+01 
 1.31465525e+00  3.96444297e+01  1.29532148e+01 
 1.34497085e+00  3.96541913e+01  1.26700588e+01 
 1.37598551e+00  3.96635384e+01  1.23926591e+01 
 1.40771537e+00  3.96724878e+01  1.21209232e+01 
 1.44017690e+00  3.96810555e+01  1.18547585e+01 
 1.47338699e+00  3.96892571e+01  1.15940725e+01 
 1.50736290e+00  3.96971077e+01  1.13387727e+01 
 1.54212228e+00  3.97046216e+01  1.10887668e+01 
 1.57768320e+00  3.97118128e+01  1.08439627e+01 
 1.61406415e+00  3.97186946e+01  1.06042687e+01 
 1.65128404e+00  3.97252798e+01  1.03695936e+01 
 1.68936220e+00  3.97315809e+01  1.01398468e+01 
 1.72831844e+00  3.97376097e+01  9.91493824e+00 
 1.76817299e+00  3.97433776e+01  9.69477860e+00 
 1.80894658e+00  3.97488956e+01  9.47927926e+00 
 1.85066040e+00  3.97541742e+01  9.26835245e+00 
 1.89333613e+00  3.97592235e+01  9.06191124e+00 
 1.93699595e+00  3.97640532e+01  8.85986962e+00 
 1.98166255e+00  3.97686727e+01  8.66214252e+00 
 2.02735916e+00  3.97730909e+01  8.46864584e+00 
 2.07410951e+00  3.97773163e+01  8.27929653e+00 
 2.12193792e+00  3.97813573e+01  8.09401257e+00 
 2.17086923e+00  3.97852216e+01  7.91271300e+00 
 2.22092889e+00  3.97889169e+01  7.73531799e+00 
 2.27214291e+00  3.97924505e+01  7.56174878e+00 
 2.32453791e+00  3.97958292e+01  7.39192777e+00 
 2.37814113e+00  3.97990598e+01  7.22577850e+00 
 2.43298042e+00  3.98021487e+01  7.06322566e+00 
 2.48908429e+00  3.98051019e+01  6.90419509e+00 
 2.54648190e+00  3.98079253e+01  6.74861382e+00 
 2.60520309e+00  3.98106246e+01  6.59641002e+00 
 2.66527837e+00  3.98132052e+01  6.44751307e+00 
 2.72673897e+00  3.98156722e+01  6.30185350e+00 
 2.78961683e+00  3.98180305e+01  6.15936301e+00 
 2.85394464e+00  3.98202849e+01  6.01997448e+00 
 2.91975583e+00  3.98224399e+01  5.88362195e+00 
 2.98708461e+00  3.98244999e+01  5.75024062e+00 
 3.05596598e+00  3.98264689e+01  5.61976683e+00 
 3.12643573e+00  3.98283510e+01  5.49213808e+00 
 3.19853049e+00  3.98301500e+01  5.36729299e+00 
 3.27228774e+00  3.98318694e+01  5.24517132e+00 
 3.34774581e+00  3.98335129e+01  5.12571393e+00 
 3.42494392e+00  3.98350837e+01  5.00886279e+00 
 3.50392221e+00  3.98365850e+01  4.89456095e+00 
 3.58472171e+00  3.98380198e+01  4.78275256e+00 
 3.66738442e+00  3.98393911e+01  4.67338282e+00 
 3.75195331e+00  3.98407017e+01  4.56639797e+00 
 3.83847234e+00  3.98419543e+01  4.46174531e+00 
 3.92698648e+00  3.98431513e+01  4.35937315e+00 
 4.01754173e+00  3.98442953e+01  4.25923082e+00 
 4.11018515e+00  3.98453886e+01  4.16126862e+00 
 4.20496491e+00  3.98464334e+01  4.06543786e+00 
 4.30193027e+00  3.98474318e+01  3.97169079e+00 
 4.40113162e+00  3.98483859e+01  3.87998061e+00 
 4.50262052e+00  3.98492977e+01  3.79026146e+00 
 4.60644974e+00  3.98501690e+01  3.70248839e+00 
 4.71267322e+00  3.98510016e+01  3.61661737e+00 
 4.82134619e+00  3.98517973e+01  3.53260522e+00 
 4.93252513e+00  3.98525575e+01  3.45040966e+00 
 5.04626783e+00  3.98532841e+01  3.36998925e+00 
 5.16263340e+00  3.98539783e+01  3.29130340e+00 
 5.28168234e+00  3.98546416e+01  3.21431232e+00 
 5.40347650e+00  3.98552755e+01  3.13897706e+00 
 5.52807921e+00  3.98558812e+01  3.06525943e+00 
 5.65555523e+00  3.98564599e+01  2.99312203e+00 
 5.78597080e+00  3.98570129e+01  2.92252822e+00 
 5.91939372e+00  3.98575413e+01  2.85344211e+00 
 6.05589334e+00  3.98580462e+01  2.78582855e+00 
 6.19554061e+00  3.98585286e+01  2.71965307e+00 
 6.33840810e+00  3.98589895e+01  2.65488195e+00 
 6.48457008e+00  3.98594298e+01  2.59148211e+00 
 6.63410251e+00  3.98598506e+01  2.52942118e+00 
 6.78708313e+00  3.98602526e+01  2.46866744e+00 
 6.94359143e+00  3.98606367e+01  2.40918979e+00 
 7.10370877e+00  3.98610037e+01  2.35095780e+00 
 7.26751838e+00  3.98613543e+01  2.29394161e+00 
 7.43510539e+00  3.98616892e+01  2.23811202e+00 
 7.60655691e+00  3.98620092e+01  2.18344036e+00 
 7.78196206e+00  3.98623150e+01  2.12989859e+00 
 7.96141200e+00  3.98626070e+01  2.07745920e+00 
 8.14500001e+00  3.98628861e+01  2.02609525e+00 
 8.33282151e+00  3.98631526e+01  1.97578031e+00 
 8.52497412e+00  3.98634072e+01  1.92648852e+00 
 8.72155772e+00  3.98636505e+01  1.87819450e+00 
 8.92267449e+00  3.98638828e+01  1.83087338e+00 
 9.12842895e+00  3.98641048e+01  1.78450079e+00 
 9.33892805e+00  3.98643168e+01  1.73905283e+00 
 9.55428121e+00  3.98645193e+01  1.69450607e+00 
 9.77460036e+00  3.98647127e+01  1.65083753e+00 
 1.00000000e+01  3.98648974e+01  1.60802468e+00 
 1.02305973e+01  3.98650738e+01  1.56604542e+00 
 1.04665121e+01  3.98652423e+01  1.52487809e+00 
 1.07078670e+01  3.98654032e+01  1.48450142e+00 
 1.09547876e+01  3.98655568e+01  1.44489454e+00 
 1.12074020e+01  3.98657035e+01  1.40603700e+00 
 1.14658417e+01  3.98658436e+01  1.36790871e+00 
 1.17302409e+01  3.98659773e+01  1.33048994e+00 
 1.20007371e+01  3.98661050e+01  1.29376136e+00 
 1.22774708e+01  3.98662268e+01  1.25770395e+00 
 1.25605860e+01  3.98663432e+01  1.22229907e+00 
 1.28502297e+01  3.98664542e+01  1.18752839e+00 
 1.31465525e+01  3.98665601e+01  1.15337390e+00 
 1.34497085e+01  3.98666612e+01  1.11981793e+00 
 1.37598551e+01  3.98667576e+01  1.08684310e+00 
 1.40771537e+01  3.98668497e+01  1.05443233e+00 
 1.44017690e+01  3.98669374e+01  1.02256883e+00 
 1.47338699e+01  3.98670211e+01  9.91236092e-01 
 1.50736290e+01  3.98671009e+01  9.60417876e-01 
 1.54212228e+01  3.98671769e+01  9.30098211e-01 
 1.57768320e+01  3.98672494e+01  9.00261380e-01 
 1.61406415e+01  3.98673185e+01  8.70891917e-01 
 1.65128404e+01  3.98673842e+01  8.41974591e-01 
 1.68936220e+01  3.98674469e+01  8.13494409e-01 
 1.72831844e+01  3.98675065e+01  7.85436600e-01 
 1.76817299e+01  3.98675632e+01  7.57786610e-01 
 1.80894658e+01  3.98676172e+01  7.30530097e-01 
 1.85066040e+01  3.98676685e+01  7.03652920e-01 
 1.89333613e+01  3.98677173e+01  6.77141135e-01 
 1.93699595e+01  3.98677636e+01  6.50980984e-01 
 1.98166255e+01  3.98678075e+01  6.25158893e-01 
 2.02735916e+01  3.98678492e+01  5.99661460e-01 
 2.07410951e+01  3.98678887e+01  5.74475453e-01 
 2.12193792e+01  3.98679262e+01  5.49587797e-01 
 2.17086923e+01  3.98679616e+01  5.24985574e-01 
 2.22092889e+01  3.98679950e+01  5.00656013e-01 
 2.27214291e+01  3.98680266e+01  4.76586482e-01 
 2.32453791e+01  3.98680564e+01  4.52764485e-01 
 2.37814113e+01  3.98680844e+01  4.29177653e-01 
 2.43298042e+01  3.98681108e+01  4.05813739e-01 
 2.48908429e+01  3.98681355e+01  3.82660610e-01 
 2.54648190e+01  3.98681586e+01  3.59706244e-01 
 2.60520309e+01  3.98681802e+01  3.36938719e-01 
 2.66527837e+01  3.98682003e+01  3.14346211e-01 
 2.72673897e+01  3.98682190e+01  2.91916987e-01 
 2.78961683e+01  3.98682362e+01  2.69639398e-01 
 2.85394464e+01  3.98682521e+01  2.47501872e-01 
 2.91975583e+01  3.98682667e+01  2.25492911e-01 
 2.98708461e+01  3.98682799e+01  2.03601084e-01 
 3.05596598e+01  3.98682919e+01  1.81815018e-01 
 3.12643573e+01  3.98683026e+01  1.60123397e-01 
 3.19853049e+01  3.98683120e+01  1.38514952e-01 
 3.27228774e+01  3.98683203e+01  1.16978460e-01 
 3.34774581e+01  3.98683273e+01  9.55027320e-02 
 3.42494392e+01  3.98683332e+01  7.40766116e-02 
 3.50392221e+01  3.98683379e+01  5.26889683e-02 
 3.58472171e+01  3.98683415e+01  3.13286913e-02 
 3.66738442e+01  3.98683438e+01  9.98468363e-03 
 3.75195331e+01  3.98683451e+01 -1.13541429e-02 
 3.83847234e+01  3.98683452e+01 -3.26988738e-02 
 3.92698648e+01  3.98683441e+01 -5.40605980e-02 
 4.01754173e+01  3.98683419e+01 -7.54504130e-02 
 4.11018515e+01  3.98683386e+01 -9.68794310e-02 
 4.20496491e+01  3.98683341e+01 -1.18358784e-01 
 4.30193027e+01  3.98683284e+01 -1.39899632e-01 
 4.40113162e+01  3.98683215e+01 -1.61513163e-01 
 4.50262052e+01  3.98683135e+01 -1.83210607e-01 
 4.60644974e+01  3.98683042e+01 -2.05003235e-01 
 4.71267322e+01  3.98682937e+01 -2.26902367e-01 
 4.82134619e+01  3.98682820e+01 -2.48919380e-01 
 4.93252513e+01  3.98682689e+01 -2.71065709e-01 
 5.04626783e+01  3.98682546e+01 -2.93352860e-01 
 5.16263340e+01  3.98682389e+01 -3.15792408e-01 
 5.28168234e+01  3.98682219e+01 -3.38396009e-01 
 5.40347650e+01  3.98682035e+01 -3.61175404e-01 
 5.52807921e+01  3.98681836e+01 -3.84142424e-01 
 5.65555523e+01  3.98681623e+01 -4.07308996e-01 
 5.78597080e+01  3.98681394e+01 -4.30687154e-01 
 5.91939372e+01  3.98681149e+01 -4.54289037e-01 
 6.05589334e+01  3.98680889e+01 -4.78126902e-01 
 6.19554061e+01  3.98680611e+01 -5.02213128e-01 
 6.33840810e+01  3.98680316e+01 -5.26560222e-01 
 6.48457008e+01  3.98680003e+01 -5.51180826e-01 
 6.63410251e+01  3.98679672e+01 -5.76087723e-01 
 6.78708313e+01  3.98679321e+01 -6.01293844e-01 
 6.94359143e+01  3.98678950e+01 -6.26812274e-01 
 7.10370877e+01  3.98678559e+01 -6.52656261e-01 
 7.26751838e+01  3.98678145e+01 -6.78839219e-01 
 7.43510539e+01  3.98677710e+01 -7.05374739e-01 
 7.60655691e+01  3.98677250e+01 -7.32276592e-01 
 7.78196206e+01  3.98676767e+01 -7.59558740e-01 
 7.96141200e+01  3.98676258e+01 -7.87235339e-01 
 8.14500001e+01  3.98675723e+01 -8.15320750e-01 
 8.33282151e+01  3.98675160e+01 -8.43829545e-01 
 8.52497412e+01  3.98674569e+01 -8.72776513e-01 
 8.72155772e+01  3.98673947e+01 -9.02176670e-01 
 8.92267449e+01  3.98673295e+01 -9.32045263e-01 
 9.12842895e+01  3.98672610e+01 -9.62397784e-01 
 9.33892805e+01  3.98671891e+01 -9.93249971e-01 
 9.55428121e+01  3.98671136e+01 -1.02461782e+00 
 9.77460036e+01  3.98670344e+01 -1.05651759e+00 
 1.00000000e+02  3.98669514e+01 -1.08896583e+00 
 1.02305973e+02  3.98668643e+01 -1.12197934e+00 
 1.04665121e+02  3.98667730e+01 -1.15557523e+00 
 1.07078670e+02  3.98666773e+01 -1.18977091e+00 
 1.09547876e+02  3.98665770e+01 -1.22458410e+00 
 1.12074020e+02  3.98664719e+01 -1.26003282e+00 
 1.14658417e+02  3.98663617e+01 -1.29613543e+00 
 1.17302409e+02  3.98662463e+01 -1.33291063e+00 
 1.20007371e+02  3.98661254e+01 -1.37037744e+00 
 1.22774708e+02  3.98659987e+01 -1.40855527e+00 
 1.25605860e+02  3.98658660e+01 -1.44746386e+00 
 1.28502297e+02  3.98657269e+01 -1.48712334e+00 
 1.31465525e+02  3.98655814e+01 -1.52755422e+00 
 1.34497085e+02  3.98654289e+01 -1.56877740e+00 
 1.37598551e+02  3.98652692e+01 -1.61081421e+00 
 1.40771537e+02  3.98651020e+01 -1.65368635e+00 
 1.44017690e+02  3.98649269e+01 -1.69741598e+00 
 1.47338699e+02  3.98647436e+01 -1.74202568e+00 
 1.50736290e+02  3.98645516e+01 -1.78753848e+00 
 1.54212228e+02  3.98643507e+01 -1.83397787e+00 
 1.57768320e+02  3.98641403e+01 -1.88136782e+00 
 1.61406415e+02  3.98639200e+01 -1.92973277e+00 
 1.65128404e+02  3.98636894e+01 -1.97909764e+00 
 1.68936220e+02  3.98634479e+01 -2.02948789e+00 
 1.72831844e+02  3.98631952e+01 -2.08092947e+00 
 1.76817299e+02  3.98629307e+01 -2.13344886e+00 
 1.80894658e+02  3.98626537e+01 -2.18707310e+00 
 1.85066040e+02  3.98623638e+01 -2.24182978e+00 
 1.89333613e+02  3.98620604e+01 -2.29774704e+00 
 1.93699595e+02  3.98617428e+01 -2.35485363e+00 
 1.98166255e+02  3.98614103e+01 -2.41317888e+00 
 2.02735916e+02  3.98610624e+01 -2.47275272e+00 
 2.07410951e+02  3.98606981e+01 -2.53360573e+00 
 2.12193792e+02  3.98603169e+01 -2.59576909e+00 
 2.17086923e+02  3.98599179e+01 -2.65927465e+00 
 2.22092889e+02  3.98595003e+01 -2.72415494e+00 
 2.27214291e+02  3.98590632e+01 -2.79044315e+00 
 2.32453791e+02  3.98586057e+01 -2.85817316e+00 
 2.37814113e+02  3.98581269e+01 -2.92737958e+00 
 2.43298042e+02  3.98576258e+01 -2.99809773e+00 
 2.48908429e+02  3.98571014e+01 -3.07036367e+00 
 2.54648190e+02  3.98565525e+01 -3.14421422e+00 
 2.60520309e+02  3.98559781e+01 -3.21968697e+00 
 2.66527837e+02  3.98553769e+01 -3.29682031e+00 
 2.72673897e+02  3.98547478e+01 -3.37565340e+00 
 2.78961683e+02  3.98540894e+01 -3.45622626e+00 
 2.85394464e+02  3.98534003e+01 -3.53857972e+00 
 2.91975583e+02  3.98526793e+01 -3.62275547e+00 
 2.98708461e+02  3.98519246e+01 -3.70879607e+00 
 3.05596598e+02  3.98511349e+01 -3.79674495e+00 
 3.12643573e+02  3.98503085e+01 -3.88664647e+00 
 3.19853049e+02  3.98494437e+01 -3.97854589e+00 
 3.27228774e+02  3.98485387e+01 -4.07248941e+00 
 3.34774581e+02  3.98475917e+01 -4.16852418e+00 
 3.42494392e+02  3.98466007e+01 -4.26669833e+00 
 3.50392221e+02  3.98455637e+01 -4.36706096e+00 
 3.58472171e+02  3.98444786e+01 -4.46966218e+00 
 3.66738442e+02  3.98433431e+01 -4.57455313e+00 
 3.75195331e+02  3.98421550e+01 -4.68178597e+00 
 3.83847234e+02  3.98409118e+01 -4.79141393e+00 
 3.92698648e+02  3.98396110e+01 -4.90349129e+00 
 4.01754173e+02  3.98382499e+01 -5.01807343e+00 
 4.11018515e+02  3.98368257e+01 -5.13521683e+00 
 4.20496491e+02  3.98353356e+01 -5.25497906e+00 
 4.30193027e+02  3.98337765e+01 -5.37741887e+00 
 4.40113162e+02  3.98321453e+01 -5.50259612e+00 
 4.50262052e+02  3.98304387e+01 -5.63057185e+00 
 4.60644974e+02  3.98286531e+01 -5.76140824e+00 
 4.71267322e+02  3.98267850e+01 -5.89516871e+00 
 4.82134619e+02  3.98248306e+01 -6.03191783e+00 
 4.93252513e+02  3.98227860e+01 -6.17172141e+00 
 5.04626783e+02  3.98206471e+01 -6.31464649e+00 
 5.16263340e+02  3.98184095e+01 -6.46076130e+00 
 5.28168234e+02  3.98160687e+01 -6.61013535e+00 
 5.40347650e+02  3.98136201e+01 -6.76283939e+00 
 5.52807921e+02  3.98110587e+01 -6.91894541e+00 
 5.65555523e+02  3.98083795e+01 -7.07852668e+00 
 5.78597080e+02  3.98055771e+01 -7.24165772e+00 
 5.91939372e+02  3.98026459e+01 -7.40841433e+00 
 6.05589334e+02  3.97995800e+01 -7.57887355e+00 
 6.19554061e+02  3.97963735e+01 -7.75311373e+00 
 6.33840810e+02  3.97930199e+01 -7.93121443e+00 
 6.48457008e+02  3.97895126e+01 -8.11325650e+00 
 6.63410251e+02  3.97858448e+01 -8.29932204e+00 
 6.78708313e+02  3.97820092e+01 -8.48949436e+00 
 6.94359143e+02  3.97779984e+01 -8.68385803e+00 
 7.10370877e+02  3.97738044e+01 -8.88249879e+00 
 7.26751838e+02  3.97694191e+01 -9.08550359e+00 
 7.43510539e+02  3.97648339e+01 -9.29296056e+00 
 7.60655691e+02  3.97600401e+01 -9.50495895e+00 
 7.78196206e+02  3.97550284e+01 -9.72158912e+00 
 7.96141200e+02  3.97497891e+01 -9.94294252e+00 
 8.14500001e+02  3.97443122e+01 -1.01691116e+01 
 8.33282151e+02  3.97385872e+01 -1.04001899e+01 
 8.52497412e+02  3.97326032e+01 -1.06362718e+01 
 8.72155772e+02  3.97263490e+01 -1.08774526e+01 
 8.92267449e+02  3.97198127e+01 -1.11238285e+01 
 9.12842895e+02  3.97129821e+01 -1.13754964e+01 
 9.33892805e+02  3.97058444e+01 -1.16325539e+01 
 9.55428121e+02  3.96983863e+01 -1.18950992e+01 
 9.77460036e+02  3.96905941e+01 -1.21632312e+01 
 1.00000000e+03  3.96824534e+01 -1.24370491e+01 
 1.02305973e+03  3.96739494e+01 -1.27166525e+01 
 1.04665121e+03  3.96650666e+01 -1.30021413e+01 
 1.07078670e+03  3.96557889e+01 -1.32936153e+01 
 1.09547876e+03  3.96460998e+01 -1.35911745e+01 
 1.12074020e+03  3.96359819e+01 -1.38949189e+01 
 1.14658417e+03  3.96254174e+01 -1.42049481e+01 
 1.17302409e+03  3.96143876e+01 -1.45213610e+01 
 1.20007371e+03  3.96028735e+01 -1.48442565e+01 
 1.22774708e+03  3.95908551e+01 -1.51737324e+01 
 1.25605860e+03  3.95783117e+01 -1.55098856e+01 
 1.28502297e+03  3.95652222e+01 -1.58528119e+01 
 1.31465525e+03  3.95515645e+01 -1.62026058e+01 
 1.34497085e+03  3.95373158e+01 -1.65593604e+01 
 1.37598551e+03  3.95224526e+01 -1.69231668e+01 
 1.40771537e+03  3.95069508e+01 -1.72941143e+01 
 1.44017690e+03  3.94907852e+01 -1.76722899e+01 
 1.47338699e+03  3.94739302e+01 -1.80577780e+01 
 1.50736290e+03  3.94563592e+01 -1.84506606e+01 
 1.54212228e+03  3.94380449e+01 -1.88510161e+01 
 1.57768320e+03  3.94189592e+01 -1.92589201e+01 
 1.61406415e+03  3.93990732e+01 -1.96744441e+01 
 1.65128404e+03  3.93783573e+01 -2.00976561e+01 
 1.68936220e+03  3.93567811e+01 -2.05286195e+01 
 1.72831844e+03  3.93343135e+01 -2.09673931e+01 
 1.76817299e+03  3.93109225e+01 -2.14140310e+01 
 1.80894658e+03  3.92865755e+01 -2.18685817e+01 
 1.85066040e+03  3.92612392e+01 -2.23310883e+01 
 1.89333613e+03  3.92348795e+01 -2.28015878e+01 
 1.93699595e+03  3.92074617e+01 -2.32801107e+01 
 1.98166255e+03  3.91789505e+01 -2.37666810e+01 
 2.02735916e+03  3.91493099e+01 -2.42613155e+01 
 2.07410951e+03  3.91185035e+01 -2.47640234e+01 
 2.12193792e+03  3.90864941e+01 -2.52748063e+01 
 2.17086923e+03  3.90532443e+01 -2.57936574e+01 
 2.22092889e+03  3.90187161e+01 -2.63205614e+01 
 2.27214291e+03  3.89828711e+01 -2.68554943e+01 
 2.32453791e+03  3.89456707e+01 -2.73984225e+01 
 2.37814113e+03  3.89070761e+01 -2.79493033e+01 
 2.43298042e+03  3.88670480e+01 -2.85080838e+01 
 2.48908429e+03  3.88255474e+01 -2.90747012e+01 
 2.54648190e+03  3.87825349e+01 -2.96490823e+01 
 2.60520309e+03  3.87379715e+01 -3.02311431e+01 
 2.66527837e+03  3.86918180e+01 -3.08207890e+01 
 2.72673897e+03  3.86440357e+01 -3.14179143e+01 
 2.78961683e+03  3.85945860e+01 -3.20224022e+01 
 2.85394464e+03  3.85434309e+01 -3.26341248e+01 
 2.91975583e+03  3.84905328e+01 -3.32529428e+01 
 2.98708461e+03  3.84358549e+01 -3.38787054e+01 
 3.05596598e+03  3.83793609e+01 -3.45112510e+01 
 3.12643573e+03  3.83210155e+01 -3.51504064e+01 
 3.19853049e+03  3.82607843e+01 -3.57959875e+01 
 3.27228774e+03  3.81986339e+01 -3.64477992e+01 
 3.34774581e+03  3.81345322e+01 -3.71056359e+01 
 3.42494392e+03  3.80684484e+01 -3.77692815e+01 
 3.50392221e+03  3.80003529e+01 -3.84385099e+01 
 3.58472171e+03  3.79302177e+01 -3.91130852e+01 
 3.66738442e+03  3.78580164e+01 -3.97927624e+01 
 3.75195331e+03  3.77837245e+01 -4.04772879e+01 
 3.83847234e+03  3.77073188e+01 -4.11663997e+01 
 3.92698648e+03  3.76287785e+01 -4.18598283e+01 
 4.01754173e+03  3.75480846e+01 -4.25572974e+01 
 4.11018515e+03  3.74652200e+01 -4.32585243e+01 
 4.20496491e+03  3.73801698e+01 -4.39632208e+01 
 4.30193027e+03  3.72929215e+01 -4.46710942e+01 
 4.40113162e+03  3.72034646e+01 -4.53818476e+01 
 4.50262052e+03  3.71117910e+01 -4.60951810e+01 
 4.60644974e+03  3.70178950e+01 -4.68107924e+01 
 4.71267322e+03  3.69217730e+01 -4.75283784e+01 
 4.82134619e+03  3.68234242e+01 -4.82476348e+01 
 4.93252513e+03  3.67228498e+01 -4.89682582e+01 
 5.04626783e+03  3.66200538e+01 -4.96899465e+01 
 5.16263340e+03  3.65150422e+01 -5.04123998e+01 
 5.28168234e+03  3.64078237e+01 -5.11353212e+01 
 5.40347650e+03  3.62984092e+01 -5.18584182e+01 
 5.52807921e+03  3.61868120e+01 -5.25814027e+01 
 5.65555523e+03  3.60730476e+01 -5.33039927e+01 
 5.78597080e+03  3.59571338e+01 -5.40259128e+01 
 5.91939372e+03  3.58390905e+01 -5.47468947e+01 
 6.05589334e+03  3.57189397e+01 -5.54666782e+01 
 6.19554061e+03  3.55967054e+01 -5.61850123e+01 
 6.33840810e+03  3.54724138e+01 -5.69016548e+01 
 6.48457008e+03  3.53460927e+01 -5.76163741e+01 
 6.63410251e+03  3.52177716e+01 -5.83289492e+01 
 6.78708313e+03  3.50874819e+01 -5.90391699e+01 
 6.94359143e+03  3.49552565e+01 -5.97468381e+01 
 7.10370877e+03  3.48211297e+01 -6.04517676e+01 
 7.26751838e+03  3.46851373e+01 -6.11537844e+01 
 7.43510539e+03  3.45473162e+01 -6.18527265e+01 
 7.60655691e+03  3.44077048e+01 -6.25484481e+01 
 7.78196206e+03  3.42663422e+01 -6.32408132e+01 
 7.96141200e+03  3.41232687e+01 -6.39297006e+01 
 8.14500001e+03  3.39785253e+01 -6.46150023e+01 
 8.33282151e+03  3.38321538e+01 -6.52966239e+01 
 8.52497412e+03  3.36841968e+01 -6.59744851e+01 
 8.72155772e+03  3.35346972e+01 -6.66485186e+01 
 8.92267449e+03  3.33836988e+01 -6.73186713e+01 
 9.12842895e+03  3.32312454e+01 -6.79849030e+01 
 9.33892805e+03  3.30773813e+01 -6.86471875e+01 
 9.55428121e+03  3.29221511e+01 -6.93055115e+01 
 9.77460036e+03  3.27655992e+01 -6.99598751e+01 
 1.00000000e+04  3.26077706e+01 -7.06102913e+01 
 1.02305973e+04  3.24487100e+01 -7.12567856e+01 
 1.04665121e+04  3.22884621e+01 -7.18993966e+01 
 1.07078670e+04  3.21270717e+01 -7.25381746e+01 
 1.09547876e+04  3.19645831e+01 -7.31731824e+01 
 1.12074020e+04  3.18010408e+01 -7.38044948e+01 
 1.14658417e+04  3.16364887e+01 -7.44321971e+01 
 1.17302409e+04  3.14709710e+01 -7.50563887e+01 
 1.20007371e+04  3.13045310e+01 -7.56771778e+01 
 1.22774708e+04  3.11372119e+01 -7.62946840e+01 
 1.25605860e+04  3.09690568e+01 -7.69090380e+01 
 1.28502297e+04  3.08001081e+01 -7.75203800e+01 
 1.31465525e+04  3.06304080e+01 -7.81288633e+01 
 1.34497085e+04  3.04599983e+01 -7.87346486e+01 
 1.37598551e+04  3.02889204e+01 -7.93379075e+01 
 1.40771537e+04  3.01172151e+01 -7.99388214e+01 
 1.44017690e+04  2.99449232e+01 -8.05375816e+01 
 1.47338699e+04  2.97720847e+01 -8.11343886e+01 
 1.50736290e+04  2.95987394e+01 -8.17294529e+01 
 1.54212228e+04  2.94249267e+01 -8.23229943e+01 
 1.57768320e+04  2.92506856e+01 -8.29152417e+01 
 1.61406415e+04  2.90760547e+01 -8.35064338e+01 
 1.65128404e+04  2.89010721e+01 -8.40968180e+01 
 1.68936220e+04  2.87257758e+01 -8.46866531e+01 
 1.72831844e+04  2.85502031e+01 -8.52762053e+01 
 1.76817299e+04  2.83743913e+01 -8.58657514e+01 
 1.80894658e+04  2.81983771e+01 -8.64555779e+01 
 1.85066040e+04  2.80221970e+01 -8.70459809e+01 
 1.89333613e+04  2.78458870e+01 -8.76372671e+01 
 1.93699595e+04  2.76694830e+01 -8.82297530e+01 
 1.98166255e+04  2.74930204e+01 -8.88237666e+01 
 2.02735916e+04  2.73165344e+01 -8.94196471e+01 
 2.07410951e+04  2.71400597e+01 -9.00177440e+01 
 2.12193792e+04  2.69636309e+01 -9.06184186e+01 
 2.17086923e+04  2.67872819e+01 -9.12220447e+01 
 2.22092889e+04  2.66110465e+01 -9.18290078e+01 
 2.27214291e+04  2.64349580e+01 -9.24397087e+01 
 2.32453791e+04  2.62590492e+01 -9.30545598e+01 
 2.37814113e+04  2.60833526e+01 -9.36739878e+01 
 2.43298042e+04  2.59079000e+01 -9.42984343e+01 
 2.48908429e+04  2.57327227e+01 -9.49283574e+01 
 2.54648190e+04  2.55578512e+01 -9.55642301e+01 
 2.60520309e+04  2.53833155e+01 -9.62065422e+01 
 2.66527837e+04  2.52091445e+01 -9.68558020e+01 
 2.72673897e+04  2.50353663e+01 -9.75125359e+01 
 2.78961683e+04  2.48620077e+01 -9.81772889e+01 
 2.85394464e+04  2.46890947e+01 -9.88506255e+01 
 2.91975583e+04  2.45166513e+01 -9.95331335e+01 
 2.98708461e+04  2.43447003e+01 -1.00225419e+02 
 3.05596598e+04  2.41732625e+01 -1.00928113e+02 
 3.12643573e+04  2.40023566e+01 -1.01641870e+02 
 3.19853049e+04  2.38319991e+01 -1.02367367e+02 
 3.27228774e+04  2.36622036e+01 -1.03105307e+02 
 3.34774581e+04  2.34929808e+01 -1.03856419e+02 
 3.42494392e+04  2.33243379e+01 -1.04621457e+02 
 3.50392221e+04  2.31562783e+01 -1.05401204e+02 
 3.58472171e+04  2.29888011e+01 -1.06196468e+02 
 3.66738442e+04  2.28219006e+01 -1.07008087e+02 
 3.75195331e+04  2.26555654e+01 -1.07836924e+02 
 3.83847234e+04  2.24897784e+01 -1.08683870e+02 
 3.92698648e+04  2.23245154e+01 -1.09549844e+02 
 4.01754173e+04  2.21597450e+01 -1.10435791e+02 
 4.11018515e+04  2.19954275e+01 -1.11342677e+02 
 4.20496491e+04  2.18315137e+01 -1.12271494e+02 
 4.30193027e+04  2.16679447e+01 -1.13223255e+02 
 4.40113162e+04  2.15046505e+01 -1.14198986e+02 
 4.50262052e+04  2.13415487e+01 -1.15199727e+02 
 4.60644974e+04  2.11785443e+01 -1.16226529e+02 
 4.71267322e+04  2.10155274e+01 -1.17280440e+02 
 4.82134619e+04  2.08523734e+01 -1.18362508e+02 
 4.93252513e+04  2.06889406e+01 -1.19473762e+02 
 5.04626783e+04  2.05250702e+01 -1.20615211e+02 
 5.16263340e+04  2.03605844e+01 -1.21787827e+02 
 5.28168234e+04  2.01952861e+01 -1.22992533e+02 
 5.40347650e+04  2.00289572e+01 -1.24230190e+02 
 5.52807921e+04  1.98613593e+01 -1.25501579e+02 
 5.65555523e+04  1.96922319e+01 -1.26807379e+02 
 5.78597080e+04  1.95212928e+01 -1.28148152e+02 
 5.91939372e+04  1.93482384e+01 -1.29524318e+02 
 6.05589334e+04  1.91727445e+01 -1.30936131e+02 
 6.19554061e+04  1.89944669e+01 -1.32383654e+02 
 6.33840810e+04  1.88130435e+01 -1.33866735e+02 
 6.48457008e+04  1.86280965e+01 -1.35384980e+02 
 6.63410251e+04  1.84392357e+01 -1.36937726e+02 
 6.78708313e+04  1.82460619e+01 -1.38524022e+02 
 6.94359143e+04  1.80481717e+01 -1.40142599e+02 
 7.10370877e+04  1.78451627e+01 -1.41791861e+02 
 7.26751838e+04  1.76366397e+01 -1.43469862e+02 
 7.43510539e+04  1.74222209e+01 -1.45174303e+02 
 7.60655691e+04  1.72015452e+01 -1.46902531e+02 
 7.78196206e+04  1.69742796e+01 -1.48651538e+02 
 7.96141200e+04  1.67401268e+01 -1.50417983e+02 
 8.14500001e+04  1.64988323e+01 -1.52198209e+02 
 8.33282151e+04  1.62501914e+01 -1.53988276e+02 
 8.52497412e+04  1.59940559e+01 -1.55784002e+02 
 8.72155772e+04  1.57303388e+01 -1.57581008e+02 
 8.92267449e+04  1.54590188e+01 -1.59374773e+02 
 9.12842895e+04  1.51801429e+01 -1.61160693e+02 
 9.33892805e+04  1.48938281e+01 -1.62934142e+02 
 9.55428121e+04  1.46002603e+01 -1.64690532e+02 
 9.77460036e+04  1.42996930e+01 -1.66425380e+02 
 1.00000000e+05  1.39924434e+01 -1.68134359e+02 
 1.02305973e+05  1.36788882e+01 -1.69813355e+02 
 1.04665121e+05  1.33594572e+01 -1.71458514e+02 
 1.07078670e+05  1.30346270e+01 -1.73066274e+02 
 1.09547876e+05  1.27049129e+01 -1.74633404e+02 
 1.12074020e+05  1.23708619e+01 -1.76157018e+02 
 1.14658417e+05  1.20330444e+01 -1.77634591e+02 
 1.17302409e+05  1.16920465e+01 -1.79063962e+02 
 1.20007371e+05  1.13484631e+01 -1.80443335e+02 
 1.22774708e+05  1.10028906e+01 -1.81771264e+02 
 1.25605860e+05  1.06559209e+01 -1.83046642e+02 
 1.28502297e+05  1.03081363e+01 -1.84268682e+02 
 1.31465525e+05  9.96010428e+00 -1.85436897e+02 
 1.34497085e+05  9.61237393e+00 -1.86551070e+02 
 1.37598551e+05  9.26547271e+00 -1.87611237e+02 
 1.40771537e+05  8.91990397e+00 -1.88617656e+02 
 1.44017690e+05  8.57614515e+00 -1.89570783e+02 
 1.47338699e+05  8.23464647e+00 -1.90471251e+02 
 1.50736290e+05  7.89583020e+00 -1.91319843e+02 
 1.54212228e+05  7.56009040e+00 -1.92117473e+02 
 1.57768320e+05  7.22779286e+00 -1.92865163e+02 
 1.61406415e+05  6.89927550e+00 -1.93564030e+02 
 1.65128404e+05  6.57484889e+00 -1.94215267e+02 
 1.68936220e+05  6.25479704e+00 -1.94820127e+02 
 1.72831844e+05  5.93937825e+00 -1.95379913e+02 
 1.76817299e+05  5.62882608e+00 -1.95895966e+02 
 1.80894658e+05  5.32335037e+00 -1.96369653e+02 
 1.85066040e+05  5.02313838e+00 -1.96802363e+02 
 1.89333613e+05  4.72835578e+00 -1.97195495e+02 
 1.93699595e+05  4.43914779e+00 -1.97550454e+02 
 1.98166255e+05  4.15564022e+00 -1.97868648e+02 
 2.02735916e+05  3.87794051e+00 -1.98151478e+02 
 2.07410951e+05  3.60613869e+00 -1.98400339e+02 
 2.12193792e+05  3.34030844e+00 -1.98616615e+02 
 2.17086923e+05  3.08050790e+00 -1.98801675e+02 
 2.22092889e+05  2.82678065e+00 -1.98956872e+02 
 2.27214291e+05  2.57915646e+00 -1.99083543e+02 
 2.32453791e+05  2.33765221e+00 -1.99183002e+02 
 2.37814113e+05  2.10227256e+00 -1.99256542e+02 
 2.43298042e+05  1.87301074e+00 -1.99305436e+02 
 2.48908429e+05  1.64984923e+00 -1.99330928e+02 
 2.54648190e+05  1.43276043e+00 -1.99334242e+02 
 2.60520309e+05  1.22170735e+00 -1.99316571e+02 
 2.66527837e+05  1.01664417e+00 -1.99279084e+02 
 2.72673897e+05  8.17516898e-01 -1.99222921e+02 
 2.78961683e+05  6.24263913e-01 -1.99149192e+02 
 2.85394464e+05  4.36816545e-01 -1.99058979e+02 
 2.91975583e+05  2.55099603e-01 -1.98953334e+02 
 2.98708461e+05  7.90319285e-02 -1.98833277e+02 
 3.05596598e+05 -9.14731062e-02 -1.98699796e+02 
 3.12643573e+05 -2.56507103e-01 -1.98553850e+02 
 3.19853049e+05 -4.16166139e-01 -1.98396363e+02 
 3.27228774e+05 -5.70550319e-01 -1.98228228e+02 
 3.34774581e+05 -7.19763285e-01 -1.98050305e+02 
 3.42494392e+05 -8.63911802e-01 -1.97863420e+02 
 3.50392221e+05 -1.00310532e+00 -1.97668367e+02 
 3.58472171e+05 -1.13745557e+00 -1.97465907e+02 
 3.66738442e+05 -1.26707614e+00 -1.97256769e+02 
 3.75195331e+05 -1.39208215e+00 -1.97041647e+02 
 3.83847234e+05 -1.51258982e+00 -1.96821204e+02 
 3.92698648e+05 -1.62871617e+00 -1.96596071e+02 
 4.01754173e+05 -1.74057869e+00 -1.96366847e+02 
 4.11018515e+05 -1.84829500e+00 -1.96134101e+02 
 4.20496491e+05 -1.95198259e+00 -1.95898370e+02 
 4.30193027e+05 -2.05175852e+00 -1.95660161e+02 
 4.40113162e+05 -2.14773918e+00 -1.95419953e+02 
 4.50262052e+05 -2.24004006e+00 -1.95178197e+02 
 4.60644974e+05 -2.32877551e+00 -1.94935315e+02 
 4.71267322e+05 -2.41405855e+00 -1.94691702e+02 
 4.82134619e+05 -2.49600072e+00 -1.94447729e+02 
 4.93252513e+05 -2.57471185e+00 -1.94203740e+02 
 5.04626783e+05 -2.65029998e+00 -1.93960057e+02 
 5.16263340e+05 -2.72287118e+00 -1.93716979e+02 
 5.28168234e+05 -2.79252948e+00 -1.93474780e+02 
 5.40347650e+05 -2.85937672e+00 -1.93233715e+02 
 5.52807921e+05 -2.92351253e+00 -1.92994021e+02 
 5.65555523e+05 -2.98503420e+00 -1.92755911e+02 
 5.78597080e+05 -3.04403666e+00 -1.92519584e+02 
 5.91939372e+05 -3.10061241e+00 -1.92285219e+02 
 6.05589334e+05 -3.15485153e+00 -1.92052980e+02 
 6.19554061e+05 -3.20684160e+00 -1.91823015e+02 
 6.33840810e+05 -3.25666773e+00 -1.91595458e+02 
 6.48457008e+05 -3.30441253e+00 -1.91370429e+02 
 6.63410251e+05 -3.35015614e+00 -1.91148034e+02 
 6.78708313e+05 -3.39397621e+00 -1.90928369e+02 
 6.94359143e+05 -3.43594795e+00 -1.90711516e+02 
 7.10370877e+05 -3.47614414e+00 -1.90497548e+02 
 7.26751838e+05 -3.51463514e+00 -1.90286528e+02 
 7.43510539e+05 -3.55148899e+00 -1.90078509e+02 
 7.60655691e+05 -3.58677135e+00 -1.89873536e+02 
 7.78196206e+05 -3.62054563e+00 -1.89671646e+02 
 7.96141200e+05 -3.65287299e+00 -1.89472868e+02 
 8.14500001e+05 -3.68381241e+00 -1.89277224e+02 
 8.33282151e+05 -3.71342071e+00 -1.89084731e+02 
 8.52497412e+05 -3.74175264e+00 -1.88895398e+02 
 8.72155772e+05 -3.76886090e+00 -1.88709230e+02 
 8.92267449e+05 -3.79479623e+00 -1.88526227e+02 
 9.12842895e+05 -3.81960741e+00 -1.88346384e+02 
 9.33892805e+05 -3.84334137e+00 -1.88169692e+02 
 9.55428121e+05 -3.86604324e+00 -1.87996137e+02 
 9.77460036e+05 -3.88775635e+00 -1.87825704e+02 
 1.00000000e+06 -3.90852237e+00 -1.87658371e+02 
 1.02305973e+06 -3.92838127e+00 -1.87494118e+02 
 1.04665121e+06 -3.94737147e+00 -1.87332919e+02 
 1.07078670e+06 -3.96552982e+00 -1.87174745e+02 
 1.09547876e+06 -3.98289169e+00 -1.87019569e+02 
 1.12074020e+06 -3.99949102e+00 -1.86867357e+02 
 1.14658417e+06 -4.01536033e+00 -1.86718077e+02 
 1.17302409e+06 -4.03053085e+00 -1.86571694e+02 
 1.20007371e+06 -4.04503249e+00 -1.86428172e+02 
 1.22774708e+06 -4.05889392e+00 -1.86287474e+02 
 1.25605860e+06 -4.07214262e+00 -1.86149562e+02 
 1.28502297e+06 -4.08480493e+00 -1.86014397e+02 
 1.31465525e+06 -4.09690607e+00 -1.85881940e+02 
 1.34497085e+06 -4.10847020e+00 -1.85752150e+02 
 1.37598551e+06 -4.11952046e+00 -1.85624986e+02 
 1.40771537e+06 -4.13007900e+00 -1.85500407e+02 
 1.44017690e+06 -4.14016703e+00 -1.85378373e+02 
 1.47338699e+06 -4.14980486e+00 -1.85258841e+02 
 1.50736290e+06 -4.15901193e+00 -1.85141771e+02 
 1.54212228e+06 -4.16780683e+00 -1.85027120e+02 
 1.57768320e+06 -4.17620736e+00 -1.84914848e+02 
 1.61406415e+06 -4.18423054e+00 -1.84804912e+02 
 1.65128404e+06 -4.19189269e+00 -1.84697272e+02 
 1.68936220e+06 -4.19920937e+00 -1.84591887e+02 
 1.72831844e+06 -4.20619550e+00 -1.84488715e+02 
 1.76817299e+06 -4.21286535e+00 -1.84387717e+02 
 1.80894658e+06 -4.21923254e+00 -1.84288852e+02 
 1.85066040e+06 -4.22531013e+00 -1.84192082e+02 
 1.89333613e+06 -4.23111059e+00 -1.84097366e+02 
 1.93699595e+06 -4.23664585e+00 -1.84004666e+02 
 1.98166255e+06 -4.24192733e+00 -1.83913944e+02 
 2.02735916e+06 -4.24696593e+00 -1.83825162e+02 
 2.07410951e+06 -4.25177208e+00 -1.83738282e+02 
 2.12193792e+06 -4.25635577e+00 -1.83653269e+02 
 2.17086923e+06 -4.26072654e+00 -1.83570086e+02 
 2.22092889e+06 -4.26489351e+00 -1.83488698e+02 
 2.27214291e+06 -4.26886542e+00 -1.83409069e+02 
 2.32453791e+06 -4.27265062e+00 -1.83331165e+02 
 2.37814113e+06 -4.27625710e+00 -1.83254953e+02 
 2.43298042e+06 -4.27969250e+00 -1.83180398e+02 
 2.48908429e+06 -4.28296414e+00 -1.83107470e+02 
 2.54648190e+06 -4.28607904e+00 -1.83036135e+02 
 2.60520309e+06 -4.28904388e+00 -1.82966363e+02 
 2.66527837e+06 -4.29186510e+00 -1.82898122e+02 
 2.72673897e+06 -4.29454884e+00 -1.82831382e+02 
 2.78961683e+06 -4.29710101e+00 -1.82766114e+02 
 2.85394464e+06 -4.29952725e+00 -1.82702289e+02 
 2.91975583e+06 -4.30183298e+00 -1.82639879e+02 
 2.98708461e+06 -4.30402340e+00 -1.82578855e+02 
 3.05596598e+06 -4.30610349e+00 -1.82519190e+02 
 3.12643573e+06 -4.30807803e+00 -1.82460857e+02 
 3.19853049e+06 -4.30995164e+00 -1.82403830e+02 
 3.27228774e+06 -4.31172871e+00 -1.82348084e+02 
 3.34774581e+06 -4.31341350e+00 -1.82293594e+02 
 3.42494392e+06 -4.31501008e+00 -1.82240333e+02 
 3.50392221e+06 -4.31652238e+00 -1.82188279e+02 
 3.58472171e+06 -4.31795419e+00 -1.82137407e+02 
 3.66738442e+06 -4.31930912e+00 -1.82087694e+02 
 3.75195331e+06 -4.32059069e+00 -1.82039117e+02 
 3.83847234e+06 -4.32180226e+00 -1.81991654e+02 
 3.92698648e+06 -4.32294709e+00 -1.81945282e+02 
 4.01754173e+06 -4.32402831e+00 -1.81899979e+02 
 4.11018515e+06 -4.32504893e+00 -1.81855725e+02 
 4.20496491e+06 -4.32601187e+00 -1.81812498e+02 
 4.30193027e+06 -4.32691993e+00 -1.81770277e+02 
 4.40113162e+06 -4.32777582e+00 -1.81729042e+02 
 4.50262052e+06 -4.32858215e+00 -1.81688773e+02 
 4.60644974e+06 -4.32934143e+00 -1.81649450e+02 
 4.71267322e+06 -4.33005608e+00 -1.81611054e+02 
 4.82134619e+06 -4.33072844e+00 -1.81573564e+02 
 4.93252513e+06 -4.33136076e+00 -1.81536963e+02 
 5.04626783e+06 -4.33195520e+00 -1.81501232e+02 
 5.16263340e+06 -4.33251384e+00 -1.81466352e+02 
 5.28168234e+06 -4.33303870e+00 -1.81432304e+02 
 5.40347650e+06 -4.33353170e+00 -1.81399071e+02 
 5.52807921e+06 -4.33399468e+00 -1.81366635e+02 
 5.65555523e+06 -4.33442942e+00 -1.81334979e+02 
 5.78597080e+06 -4.33483762e+00 -1.81304085e+02 
 5.91939372e+06 -4.33522091e+00 -1.81273936e+02 
 6.05589334e+06 -4.33558086e+00 -1.81244515e+02 
 6.19554061e+06 -4.33591894e+00 -1.81215806e+02 
 6.33840810e+06 -4.33623659e+00 -1.81187792e+02 
 6.48457008e+06 -4.33653515e+00 -1.81160457e+02 
 6.63410251e+06 -4.33681593e+00 -1.81133785e+02 
 6.78708313e+06 -4.33708014e+00 -1.81107760e+02 
 6.94359143e+06 -4.33732896e+00 -1.81082367e+02 
 7.10370877e+06 -4.33756349e+00 -1.81057591e+02 
 7.26751838e+06 -4.33778478e+00 -1.81033416e+02 
 7.43510539e+06 -4.33799381e+00 -1.81009828e+02 
 7.60655691e+06 -4.33819152e+00 -1.80986812e+02 
 7.78196206e+06 -4.33837879e+00 -1.80964355e+02 
 7.96141200e+06 -4.33855644e+00 -1.80942441e+02 
 8.14500001e+06 -4.33872524e+00 -1.80921057e+02 
 8.33282151e+06 -4.33888593e+00 -1.80900190e+02 
 8.52497412e+06 -4.33903918e+00 -1.80879827e+02 
 8.72155772e+06 -4.33918561e+00 -1.80859953e+02 
 8.92267449e+06 -4.33932583e+00 -1.80840558e+02 
 9.12842895e+06 -4.33946037e+00 -1.80821628e+02 
 9.33892805e+06 -4.33958973e+00 -1.80803150e+02 
 9.55428121e+06 -4.33971437e+00 -1.80785114e+02 
 9.77460036e+06 -4.33983473e+00 -1.80767508e+02 
 1.00000000e+07 -4.33995120e+00 -1.80750319e+02 
 1.02305973e+07 -4.34006412e+00 -1.80733537e+02 
 1.04665121e+07 -4.34017383e+00 -1.80717151e+02 
 1.07078670e+07 -4.34028061e+00 -1.80701151e+02 
 1.09547876e+07 -4.34038473e+00 -1.80685526e+02 
 1.12074020e+07 -4.34048643e+00 -1.80670266e+02 
 1.14658417e+07 -4.34058590e+00 -1.80655361e+02 
 1.17302409e+07 -4.34068335e+00 -1.80640802e+02 
 1.20007371e+07 -4.34077892e+00 -1.80626579e+02 
 1.22774708e+07 -4.34087277e+00 -1.80612684e+02 
 1.25605860e+07 -4.34096500e+00 -1.80599108e+02 
 1.28502297e+07 -4.34105573e+00 -1.80585841e+02 
 1.31465525e+07 -4.34114503e+00 -1.80572877e+02 
 1.34497085e+07 -4.34123298e+00 -1.80560206e+02 
 1.37598551e+07 -4.34131962e+00 -1.80547822e+02 
 1.40771537e+07 -4.34140501e+00 -1.80535716e+02 
 1.44017690e+07 -4.34148916e+00 -1.80523882e+02 
 1.47338699e+07 -4.34157210e+00 -1.80512312e+02 
 1.50736290e+07 -4.34165384e+00 -1.80500999e+02 
 1.54212228e+07 -4.34173436e+00 -1.80489937e+02 
 1.57768320e+07 -4.34181368e+00 -1.80479119e+02 
 1.61406415e+07 -4.34189177e+00 -1.80468540e+02 
 1.65128404e+07 -4.34196861e+00 -1.80458192e+02 
 1.68936220e+07 -4.34204418e+00 -1.80448071e+02 
 1.72831844e+07 -4.34211845e+00 -1.80438171e+02 
 1.76817299e+07 -4.34219139e+00 -1.80428486e+02 
 1.80894658e+07 -4.34226297e+00 -1.80419011e+02 
 1.85066040e+07 -4.34233315e+00 -1.80409742e+02 
 1.89333613e+07 -4.34240190e+00 -1.80400672e+02 
 1.93699595e+07 -4.34246918e+00 -1.80391798e+02 
 1.98166255e+07 -4.34253496e+00 -1.80383115e+02 
 2.02735916e+07 -4.34259920e+00 -1.80374618e+02 
 2.07410951e+07 -4.34266187e+00 -1.80366303e+02 
 2.12193792e+07 -4.34272294e+00 -1.80358166e+02 
 2.17086923e+07 -4.34278238e+00 -1.80350204e+02 
 2.22092889e+07 -4.34284017e+00 -1.80342412e+02 
 2.27214291e+07 -4.34289627e+00 -1.80334786e+02 
 2.32453791e+07 -4.34295068e+00 -1.80327323e+02 
 2.37814113e+07 -4.34300337e+00 -1.80320019e+02 
 2.43298042e+07 -4.34305433e+00 -1.80312872e+02 
 2.48908429e+07 -4.34310354e+00 -1.80305877e+02 
 2.54648190e+07 -4.34315101e+00 -1.80299031e+02 
 2.60520309e+07 -4.34319672e+00 -1.80292332e+02 
 2.66527837e+07 -4.34324068e+00 -1.80285777e+02 
 2.72673897e+07 -4.34328289e+00 -1.80279361e+02 
 2.78961683e+07 -4.34332336e+00 -1.80273084e+02 
 2.85394464e+07 -4.34336209e+00 -1.80266941e+02 
 2.91975583e+07 -4.34339910e+00 -1.80260930e+02 
 2.98708461e+07 -4.34343441e+00 -1.80255049e+02 
 3.05596598e+07 -4.34346803e+00 -1.80249294e+02 
 3.12643573e+07 -4.34350000e+00 -1.80243664e+02 
 3.19853049e+07 -4.34353033e+00 -1.80238156e+02 
 3.27228774e+07 -4.34355905e+00 -1.80232768e+02 
 3.34774581e+07 -4.34358620e+00 -1.80227496e+02 
 3.42494392e+07 -4.34361181e+00 -1.80222340e+02 
 3.50392221e+07 -4.34363591e+00 -1.80217296e+02 
 3.58472171e+07 -4.34365855e+00 -1.80212363e+02 
 3.66738442e+07 -4.34367975e+00 -1.80207538e+02 
 3.75195331e+07 -4.34369957e+00 -1.80202819e+02 
 3.83847234e+07 -4.34371804e+00 -1.80198205e+02 
 3.92698648e+07 -4.34373521e+00 -1.80193692e+02 
 4.01754173e+07 -4.34375113e+00 -1.80189279e+02 
 4.11018515e+07 -4.34376583e+00 -1.80184965e+02 
 4.20496491e+07 -4.34377937e+00 -1.80180747e+02 
 4.30193027e+07 -4.34379179e+00 -1.80176622e+02 
 4.40113162e+07 -4.34380314e+00 -1.80172591e+02 
 4.50262052e+07 -4.34381347e+00 -1.80168649e+02 
 4.60644974e+07 -4.34382282e+00 -1.80164796e+02 
 4.71267322e+07 -4.34383124e+00 -1.80161031e+02 
 4.82134619e+07 -4.34383878e+00 -1.80157350e+02 
 4.93252513e+07 -4.34384548e+00 -1.80153752e+02 
 5.04626783e+07 -4.34385138e+00 -1.80150236e+02 
 5.16263340e+07 -4.34385655e+00 -1.80146801e+02 
 5.28168234e+07 -4.34386100e+00 -1.80143443e+02 
 5.40347650e+07 -4.34386480e+00 -1.80140162e+02 
 5.52807921e+07 -4.34386798e+00 -1.80136956e+02 
 5.65555523e+07 -4.34387058e+00 -1.80133823e+02 
 5.78597080e+07 -4.34387265e+00 -1.80130762e+02 
 5.91939372e+07 -4.34387421e+00 -1.80127772e+02 
 6.05589334e+07 -4.34387531e+00 -1.80124850e+02 
 6.19554061e+07 -4.34387598e+00 -1.80121995e+02 
 6.33840810e+07 -4.34387625e+00 -1.80119206e+02 
 6.48457008e+07 -4.34387617e+00 -1.80116482e+02 
 6.63410251e+07 -4.34387575e+00 -1.80113821e+02 
 6.78708313e+07 -4.34387503e+00 -1.80111221e+02 
 6.94359143e+07 -4.34387404e+00 -1.80108681e+02 
 7.10370877e+07 -4.34387280e+00 -1.80106200e+02 
 7.26751838e+07 -4.34387134e+00 -1.80103777e+02 
 7.43510539e+07 -4.34386969e+00 -1.80101410e+02 
 7.60655691e+07 -4.34386786e+00 -1.80099097e+02 
 7.78196206e+07 -4.34386587e+00 -1.80096839e+02 
 7.96141200e+07 -4.34386375e+00 -1.80094633e+02 
 8.14500001e+07 -4.34386152e+00 -1.80092478e+02 
 8.33282151e+07 -4.34385918e+00 -1.80090373e+02 
 8.52497412e+07 -4.34385677e+00 -1.80088317e+02 
 8.72155772e+07 -4.34385428e+00 -1.80086309e+02 
 8.92267449e+07 -4.34385174e+00 -1.80084348e+02 
 9.12842895e+07 -4.34384916e+00 -1.80082432e+02 
 9.33892805e+07 -4.34384655e+00 -1.80080561e+02 
 9.55428121e+07 -4.34384392e+00 -1.80078733e+02 
 9.77460036e+07 -4.34384128e+00 -1.80076948e+02 
 1.00000000e+08 -4.34383864e+00 -1.80075204e+02 
 1.02305973e+08 -4.34383601e+00 -1.80073501e+02 
 1.04665121e+08 -4.34383338e+00 -1.80071838e+02 
 1.07078670e+08 -4.34383078e+00 -1.80070213e+02 
 1.09547876e+08 -4.34382821e+00 -1.80068626e+02 
 1.12074020e+08 -4.34382566e+00 -1.80067076e+02 
 1.14658417e+08 -4.34382316e+00 -1.80065562e+02 
 1.17302409e+08 -4.34382069e+00 -1.80064083e+02 
 1.20007371e+08 -4.34381826e+00 -1.80062638e+02 
 1.22774708e+08 -4.34381588e+00 -1.80061227e+02 
 1.25605860e+08 -4.34381355e+00 -1.80059849e+02 
 1.28502297e+08 -4.34381127e+00 -1.80058503e+02 
 1.31465525e+08 -4.34380904e+00 -1.80057188e+02 
 1.34497085e+08 -4.34380686e+00 -1.80055903e+02 
 1.37598551e+08 -4.34380474e+00 -1.80054649e+02 
 1.40771537e+08 -4.34380267e+00 -1.80053423e+02 
 1.44017690e+08 -4.34380066e+00 -1.80052227e+02 
 1.47338699e+08 -4.34379870e+00 -1.80051057e+02 
 1.50736290e+08 -4.34379681e+00 -1.80049916e+02 
 1.54212228e+08 -4.34379496e+00 -1.80048800e+02 
 1.57768320e+08 -4.34379318e+00 -1.80047711e+02 
 1.61406415e+08 -4.34379145e+00 -1.80046647e+02 
 1.65128404e+08 -4.34378977e+00 -1.80045607e+02 
 1.68936220e+08 -4.34378815e+00 -1.80044592e+02 
 1.72831844e+08 -4.34378658e+00 -1.80043600e+02 
 1.76817299e+08 -4.34378506e+00 -1.80042632e+02 
 1.80894658e+08 -4.34378360e+00 -1.80041686e+02 
 1.85066040e+08 -4.34378218e+00 -1.80040762e+02 
 1.89333613e+08 -4.34378082e+00 -1.80039860e+02 
 1.93699595e+08 -4.34377950e+00 -1.80038978e+02 
 1.98166255e+08 -4.34377823e+00 -1.80038117e+02 
 2.02735916e+08 -4.34377701e+00 -1.80037277e+02 
 2.07410951e+08 -4.34377583e+00 -1.80036456e+02 
 2.12193792e+08 -4.34377469e+00 -1.80035654e+02 
 2.17086923e+08 -4.34377360e+00 -1.80034871e+02 
 2.22092889e+08 -4.34377255e+00 -1.80034106e+02 
 2.27214291e+08 -4.34377154e+00 -1.80033360e+02 
 2.32453791e+08 -4.34377056e+00 -1.80032630e+02 
 2.37814113e+08 -4.34376963e+00 -1.80031918e+02 
 2.43298042e+08 -4.34376873e+00 -1.80031223e+02 
 2.48908429e+08 -4.34376787e+00 -1.80030544e+02 
 2.54648190e+08 -4.34376704e+00 -1.80029881e+02 
 2.60520309e+08 -4.34376624e+00 -1.80029234e+02 
 2.66527837e+08 -4.34376548e+00 -1.80028602e+02 
 2.72673897e+08 -4.34376474e+00 -1.80027985e+02 
 2.78961683e+08 -4.34376404e+00 -1.80027383e+02 
 2.85394464e+08 -4.34376336e+00 -1.80026795e+02 
 2.91975583e+08 -4.34376271e+00 -1.80026222e+02 
 2.98708461e+08 -4.34376209e+00 -1.80025662e+02 
 3.05596598e+08 -4.34376149e+00 -1.80025115e+02 
 3.12643573e+08 -4.34376092e+00 -1.80024581e+02 
 3.19853049e+08 -4.34376037e+00 -1.80024061e+02 
 3.27228774e+08 -4.34375985e+00 -1.80023553e+02 
 3.34774581e+08 -4.34375934e+00 -1.80023057e+02 
 3.42494392e+08 -4.34375886e+00 -1.80022573e+02 
 3.50392221e+08 -4.34375840e+00 -1.80022101e+02 
 3.58472171e+08 -4.34375796e+00 -1.80021641e+02 
 3.66738442e+08 -4.34375753e+00 -1.80021192e+02 
 3.75195331e+08 -4.34375713e+00 -1.80020754e+02 
 3.83847234e+08 -4.34375674e+00 -1.80020327e+02 
 3.92698648e+08 -4.34375636e+00 -1.80019910e+02 
 4.01754173e+08 -4.34375601e+00 -1.80019504e+02 
 4.11018515e+08 -4.34375567e+00 -1.80019108e+02 
 4.20496491e+08 -4.34375534e+00 -1.80018722e+02 
 4.30193027e+08 -4.34375503e+00 -1.80018346e+02 
 4.40113162e+08 -4.34375473e+00 -1.80017979e+02 
 4.50262052e+08 -4.34375444e+00 -1.80017622e+02 
 4.60644974e+08 -4.34375416e+00 -1.80017274e+02 
 4.71267322e+08 -4.34375390e+00 -1.80016935e+02 
 4.82134619e+08 -4.34375365e+00 -1.80016605e+02 
 4.93252513e+08 -4.34375341e+00 -1.80016283e+02 
 5.04626783e+08 -4.34375318e+00 -1.80015970e+02 
 5.16263340e+08 -4.34375296e+00 -1.80015665e+02 
 5.28168234e+08 -4.34375275e+00 -1.80015368e+02 
 5.40347650e+08 -4.34375255e+00 -1.80015080e+02 
 5.52807921e+08 -4.34375236e+00 -1.80014799e+02 
 5.65555523e+08 -4.34375217e+00 -1.80014526e+02 
 5.78597080e+08 -4.34375200e+00 -1.80014260e+02 
 5.91939372e+08 -4.34375183e+00 -1.80014002e+02 
 6.05589334e+08 -4.34375167e+00 -1.80013751e+02 
 6.19554061e+08 -4.34375151e+00 -1.80013508e+02 
 6.33840810e+08 -4.34375137e+00 -1.80013271e+02 
 6.48457008e+08 -4.34375123e+00 -1.80013041e+02 
 6.63410251e+08 -4.34375109e+00 -1.80012819e+02 
 6.78708313e+08 -4.34375096e+00 -1.80012602e+02 
 6.94359143e+08 -4.34375084e+00 -1.80012393e+02 
 7.10370877e+08 -4.34375072e+00 -1.80012189e+02 
 7.26751838e+08 -4.34375061e+00 -1.80011993e+02 
 7.43510539e+08 -4.34375050e+00 -1.80011802e+02 
 7.60655691e+08 -4.34375040e+00 -1.80011617e+02 
 7.78196206e+08 -4.34375030e+00 -1.80011439e+02 
 7.96141200e+08 -4.34375021e+00 -1.80011266e+02 
 8.14500001e+08 -4.34375012e+00 -1.80011100e+02 
 8.33282151e+08 -4.34375003e+00 -1.80010939e+02 
 8.52497412e+08 -4.34374995e+00 -1.80010784e+02 
 8.72155772e+08 -4.34374987e+00 -1.80010634e+02 
 8.92267449e+08 -4.34374980e+00 -1.80010490e+02 
 9.12842895e+08 -4.34374973e+00 -1.80010351e+02 
 9.33892805e+08 -4.34374966e+00 -1.80010218e+02 
 9.55428121e+08 -4.34374960e+00 -1.80010090e+02 
 9.77460036e+08 -4.34374953e+00 -1.80009968e+02 
 1.00000000e+09 -4.34374947e+00 -1.80009850e+02 
