 frequency       v(Amag_dB)      v(Aarg)        
 1.00000000e-02  1.02411766e+01  8.80512330e+01 
 1.02305973e-02  1.04389754e+01  8.80063277e+01 
 1.04665121e-02  1.06367640e+01  8.79603893e+01 
 1.07078670e-02  1.08345418e+01  8.79133940e+01 
 1.09547876e-02  1.10323083e+01  8.78653177e+01 
 1.12074020e-02  1.12300630e+01  8.78161356e+01 
 1.14658417e-02  1.14278053e+01  8.77658225e+01 
 1.17302409e-02  1.16255348e+01  8.77143523e+01 
 1.20007371e-02  1.18232507e+01  8.76616988e+01 
 1.22774708e-02  1.20209524e+01  8.76078349e+01 
 1.25605860e-02  1.22186394e+01  8.75527329e+01 
 1.28502297e-02  1.24163108e+01  8.74963645e+01 
 1.31465525e-02  1.26139660e+01  8.74387009e+01 
 1.34497085e-02  1.28116042e+01  8.73797124e+01 
 1.37598551e-02  1.30092247e+01  8.73193690e+01 
 1.40771537e-02  1.32068266e+01  8.72576397e+01 
 1.44017690e-02  1.34044090e+01  8.71944930e+01 
 1.47338699e-02  1.36019711e+01  8.71298966e+01 
 1.50736290e-02  1.37995119e+01  8.70638175e+01 
 1.54212228e-02  1.39970304e+01  8.69962221e+01 
 1.57768320e-02  1.41945255e+01  8.69270758e+01 
 1.61406415e-02  1.43919963e+01  8.68563436e+01 
 1.65128404e-02  1.45894415e+01  8.67839893e+01 
 1.68936220e-02  1.47868600e+01  8.67099763e+01 
 1.72831844e-02  1.49842505e+01  8.66342670e+01 
 1.76817299e-02  1.51816117e+01  8.65568230e+01 
 1.80894658e-02  1.53789424e+01  8.64776050e+01 
 1.85066040e-02  1.55762410e+01  8.63965731e+01 
 1.89333613e-02  1.57735061e+01  8.63136862e+01 
 1.93699595e-02  1.59707361e+01  8.62289026e+01 
 1.98166255e-02  1.61679295e+01  8.61421796e+01 
 2.02735916e-02  1.63650844e+01  8.60534736e+01 
 2.07410951e-02  1.65621992e+01  8.59627399e+01 
 2.12193792e-02  1.67592720e+01  8.58699331e+01 
 2.17086923e-02  1.69563008e+01  8.57750067e+01 
 2.22092889e-02  1.71532836e+01  8.56779134e+01 
 2.27214291e-02  1.73502183e+01  8.55786046e+01 
 2.32453791e-02  1.75471027e+01  8.54770310e+01 
 2.37814113e-02  1.77439344e+01  8.53731421e+01 
 2.43298042e-02  1.79407111e+01  8.52668864e+01 
 2.48908429e-02  1.81374301e+01  8.51582113e+01 
 2.54648190e-02  1.83340889e+01  8.50470632e+01 
 2.60520309e-02  1.85306846e+01  8.49333874e+01 
 2.66527837e-02  1.87272144e+01  8.48171281e+01 
 2.72673897e-02  1.89236753e+01  8.46982284e+01 
 2.78961683e-02  1.91200640e+01  8.45766302e+01 
 2.85394464e-02  1.93163772e+01  8.44522743e+01 
 2.91975583e-02  1.95126116e+01  8.43251004e+01 
 2.98708461e-02  1.97087635e+01  8.41950469e+01 
 3.05596598e-02  1.99048290e+01  8.40620512e+01 
 3.12643573e-02  2.01008044e+01  8.39260493e+01 
 3.19853049e-02  2.02966854e+01  8.37869763e+01 
 3.27228774e-02  2.04924677e+01  8.36447657e+01 
 3.34774581e-02  2.06880565e+01  8.34994158e+01 
 3.42494392e-02  2.08836279e+01  8.33507279e+01 
 3.50392221e-02  2.10790866e+01  8.31986963e+01 
 3.58472171e-02  2.12744274e+01  8.30432499e+01 
 3.66738442e-02  2.14696449e+01  8.28843162e+01 
 3.75195331e-02  2.16647337e+01  8.27218215e+01 
 3.83847234e-02  2.18596879e+01  8.25556910e+01 
 3.92698648e-02  2.20545014e+01  8.23858484e+01 
 4.01754173e-02  2.22491678e+01  8.22122165e+01 
 4.11018515e-02  2.24436805e+01  8.20347166e+01 
 4.20496491e-02  2.26380327e+01  8.18532690e+01 
 4.30193027e-02  2.28322171e+01  8.16677925e+01 
 4.40113162e-02  2.30262261e+01  8.14782051e+01 
 4.50262052e-02  2.32200520e+01  8.12844233e+01 
 4.60644974e-02  2.34136866e+01  8.10863627e+01 
 4.71267322e-02  2.36071214e+01  8.08839375e+01 
 4.82134619e-02  2.38003474e+01  8.06770610e+01 
 4.93252513e-02  2.39933554e+01  8.04656455e+01 
 5.04626783e-02  2.41861358e+01  8.02496019e+01 
 5.16263340e-02  2.43786785e+01  8.00288406e+01 
 5.28168234e-02  2.45709731e+01  7.98032706e+01 
 5.40347650e-02  2.47630086e+01  7.95728003e+01 
 5.52807921e-02  2.49547738e+01  7.93373370e+01 
 5.65555523e-02  2.51462568e+01  7.90967875e+01 
 5.78597080e-02  2.53373570e+01  7.88511685e+01 
 5.91939372e-02  2.55282385e+01  7.86001659e+01 
 6.05589334e-02  2.57187995e+01  7.83437929e+01 
 6.19554061e-02  2.59090263e+01  7.80819538e+01 
 6.33840810e-02  2.60989043e+01  7.78145523e+01 
 6.48457008e-02  2.62884189e+01  7.75414920e+01 
 6.63410251e-02  2.64775544e+01  7.72626760e+01 
 6.78708313e-02  2.66662949e+01  7.69780077e+01 
 6.94359143e-02  2.68546236e+01  7.66873903e+01 
 7.10370877e-02  2.70425233e+01  7.63907273e+01 
 7.26751838e-02  2.72299760e+01  7.60879223e+01 
 7.43510539e-02  2.74168768e+01  7.57790189e+01 
 7.60655691e-02  2.76033794e+01  7.54636462e+01 
 7.78196206e-02  2.77893773e+01  7.51418464e+01 
 7.96141200e-02  2.79748498e+01  7.48135260e+01 
 8.14500001e-02  2.81597756e+01  7.44785929e+01 
 8.33282151e-02  2.83441326e+01  7.41369563e+01 
 8.52497412e-02  2.85278981e+01  7.37885269e+01 
 8.72155772e-02  2.87110484e+01  7.34332174e+01 
 8.92267449e-02  2.88934750e+01  7.30711053e+01 
 9.12842895e-02  2.90753216e+01  7.27017847e+01 
 9.33892805e-02  2.92564779e+01  7.23253350e+01 
 9.55428121e-02  2.94369172e+01  7.19416786e+01 
 9.77460036e-02  2.96166122e+01  7.15507408e+01 
 1.00000000e-01  2.97954519e+01  7.11526296e+01 
 1.02305973e-01  2.99735731e+01  7.07469227e+01 
 1.04665121e-01  3.01508629e+01  7.03337325e+01 
 1.07078670e-01  3.03272910e+01  6.99129999e+01 
 1.09547876e-01  3.05028259e+01  6.94846705e+01 
 1.12074020e-01  3.06773551e+01  6.90488907e+01 
 1.14658417e-01  3.08510074e+01  6.86052284e+01 
 1.17302409e-01  3.10236681e+01  6.81538377e+01 
 1.20007371e-01  3.11952240e+01  6.76948924e+01 
 1.22774708e-01  3.13657990e+01  6.72279582e+01 
 1.25605860e-01  3.15352778e+01  6.67532189e+01 
 1.28502297e-01  3.17036243e+01  6.62706627e+01 
 1.31465525e-01  3.18707246e+01  6.57805052e+01 
 1.34497085e-01  3.20366961e+01  6.52823143e+01 
 1.37598551e-01  3.22013474e+01  6.47765448e+01 
 1.40771537e-01  3.23647928e+01  6.42627679e+01 
 1.44017690e-01  3.25269170e+01  6.37412365e+01 
 1.47338699e-01  3.26876070e+01  6.32122263e+01 
 1.50736290e-01  3.28469723e+01  6.26753161e+01 
 1.54212228e-01  3.30048259e+01  6.21310412e+01 
 1.57768320e-01  3.31612744e+01  6.15789875e+01 
 1.61406415e-01  3.33161332e+01  6.10197240e+01 
 1.65128404e-01  3.34695063e+01  6.04528449e+01 
 1.68936220e-01  3.36212119e+01  5.98789537e+01 
 1.72831844e-01  3.37712822e+01  5.92979131e+01 
 1.76817299e-01  3.39197466e+01  5.87095849e+01 
 1.80894658e-01  3.40664287e+01  5.81146246e+01 
 1.85066040e-01  3.42113596e+01  5.75129198e+01 
 1.89333613e-01  3.43545677e+01  5.69043581e+01 
 1.93699595e-01  3.44958833e+01  5.62896468e+01 
 1.98166255e-01  3.46353371e+01  5.56686991e+01 
 2.02735916e-01  3.47728940e+01  5.50417071e+01 
 2.07410951e-01  3.49085196e+01  5.44088739e+01 
 2.12193792e-01  3.50422427e+01  5.37701312e+01 
 2.17086923e-01  3.51739072e+01  5.31262666e+01 
 2.22092889e-01  3.53035452e+01  5.24772350e+01 
 2.27214291e-01  3.54311277e+01  5.18232814e+01 
 2.32453791e-01  3.55565693e+01  5.11649507e+01 
 2.37814113e-01  3.56799608e+01  5.05019276e+01 
 2.43298042e-01  3.58012192e+01  4.98347726e+01 
 2.48908429e-01  3.59203223e+01  4.91637659e+01 
 2.54648190e-01  3.60372497e+01  4.84891948e+01 
 2.60520309e-01  3.61519302e+01  4.78116505e+01 
 2.66527837e-01  3.62644541e+01  4.71308394e+01 
 2.72673897e-01  3.63747025e+01  4.64476616e+01 
 2.78961683e-01  3.64827661e+01  4.57618294e+01 
 2.85394464e-01  3.65885345e+01  4.50742537e+01 
 2.91975583e-01  3.66920509e+01  4.43849510e+01 
 2.98708461e-01  3.67933568e+01  4.36939378e+01 
 3.05596598e-01  3.68923548e+01  4.30021331e+01 
 3.12643573e-01  3.69890920e+01  4.23095546e+01 
 3.19853049e-01  3.70835701e+01  4.16165197e+01 
 3.27228774e-01  3.71757507e+01  4.09236437e+01 
 3.34774581e-01  3.72657260e+01  4.02306398e+01 
 3.42494392e-01  3.73534611e+01  3.95381176e+01 
 3.50392221e-01  3.74389667e+01  3.88463826e+01 
 3.58472171e-01  3.75222174e+01  3.81560313e+01 
 3.66738442e-01  3.76032687e+01  3.74670594e+01 
 3.75195331e-01  3.76821377e+01  3.67797542e+01 
 3.83847234e-01  3.77588435e+01  3.60943957e+01 
 3.92698648e-01  3.78334071e+01  3.54112557e+01 
 4.01754173e-01  3.79058513e+01  3.47305975e+01 
 4.11018515e-01  3.79761683e+01  3.40529620e+01 
 4.20496491e-01  3.80444500e+01  3.33780172e+01 
 4.30193027e-01  3.81106603e+01  3.27065686e+01 
 4.40113162e-01  3.81748606e+01  3.20385520e+01 
 4.50262052e-01  3.82370816e+01  3.13741789e+01 
 4.60644974e-01  3.82973548e+01  3.07136491e+01 
 4.71267322e-01  3.83556861e+01  3.00574244e+01 
 4.82134619e-01  3.84121641e+01  2.94051317e+01 
 4.93252513e-01  3.84667703e+01  2.87574790e+01 
 5.04626783e-01  3.85195672e+01  2.81143443e+01 
 5.16263340e-01  3.85705671e+01  2.74761292e+01 
 5.28168234e-01  3.86198549e+01  2.68424329e+01 
 5.40347650e-01  3.86674212e+01  2.62138912e+01 
 5.52807921e-01  3.87133270e+01  2.55903436e+01 
 5.65555523e-01  3.87575893e+01  2.49721299e+01 
 5.78597080e-01  3.88002883e+01  2.43588240e+01 
 5.91939372e-01  3.88414209e+01  2.37509886e+01 
 6.05589334e-01  3.88810273e+01  2.31486673e+01 
 6.19554061e-01  3.89191651e+01  2.25516555e+01 
 6.33840810e-01  3.89558720e+01  2.19599839e+01 
 6.48457008e-01  3.89911852e+01  2.13736722e+01 
 6.63410251e-01  3.90251255e+01  2.07929565e+01 
 6.78708313e-01  3.90577468e+01  2.02176017e+01 
 6.94359143e-01  3.90890704e+01  1.96478165e+01 
 7.10370877e-01  3.91191477e+01  1.90833527e+01 
 7.26751838e-01  3.91480138e+01  1.85241796e+01 
 7.43510539e-01  3.91756897e+01  1.79704676e+01 
 7.60655691e-01  3.92022106e+01  1.74221580e+01 
 7.78196206e-01  3.92276232e+01  1.68789808e+01 
 7.96141200e-01  3.92519479e+01  1.63410711e+01 
 8.14500001e-01  3.92752289e+01  1.58081501e+01 
 8.33282151e-01  3.92974857e+01  1.52803313e+01 
 8.52497412e-01  3.93187601e+01  1.47573285e+01 
 8.72155772e-01  3.93390604e+01  1.42394214e+01 
 8.92267449e-01  3.93584465e+01  1.37259422e+01 
 9.12842895e-01  3.93769161e+01  1.32173345e+01 
 9.33892805e-01  3.93945158e+01  1.27131156e+01 
 9.55428121e-01  3.94112533e+01  1.22135158e+01 
 9.77460036e-01  3.94271803e+01  1.17178858e+01 
 1.00000000e+00  3.94422949e+01  1.12266098e+01 
 1.02305973e+00  3.94566293e+01  1.07393759e+01 
 1.04665121e+00  3.94702059e+01  1.02560410e+01 
 1.07078670e+00  3.94830533e+01  9.77630139e+00 
 1.09547876e+00  3.94951773e+01  9.30032473e+00 
 1.12074020e+00  3.95066048e+01  8.82779755e+00 
 1.14658417e+00  3.95173544e+01  8.35856386e+00 
 1.17302409e+00  3.95274435e+01  7.89246499e+00 
 1.20007371e+00  3.95368946e+01  7.42919725e+00 
 1.22774708e+00  3.95456999e+01  6.96916461e+00 
 1.25605860e+00  3.95538978e+01  6.51162864e+00 
 1.28502297e+00  3.95614961e+01  6.05656467e+00 
 1.31465525e+00  3.95685025e+01  5.60393520e+00 
 1.34497085e+00  3.95749341e+01  5.15343297e+00 
 1.37598551e+00  3.95808018e+01  4.70488625e+00 
 1.40771537e+00  3.95861020e+01  4.25849272e+00 
 1.44017690e+00  3.95908669e+01  3.81345040e+00 
 1.47338699e+00  3.95950827e+01  3.37019220e+00 
 1.50736290e+00  3.95987700e+01  2.92817215e+00 
 1.54212228e+00  3.96019312e+01  2.48732787e+00 
 1.57768320e+00  3.96045719e+01  2.04747564e+00 
 1.61406415e+00  3.96066971e+01  1.60843156e+00 
 1.65128404e+00  3.96083072e+01  1.17011824e+00 
 1.68936220e+00  3.96094122e+01  7.32136197e-01 
 1.72831844e+00  3.96100012e+01  2.94716961e-01 
 1.76817299e+00  3.96100946e+01 -1.42942566e-01 
 1.80894658e+00  3.96096771e+01 -5.80516859e-01 
 1.85066040e+00  3.96087543e+01 -1.01839286e+00 
 1.89333613e+00  3.96073166e+01 -1.45647149e+00 
 1.93699595e+00  3.96053704e+01 -1.89522743e+00 
 1.98166255e+00  3.96029122e+01 -2.33484103e+00 
 2.02735916e+00  3.95999330e+01 -2.77531617e+00 
 2.07410951e+00  3.95964305e+01 -3.21692867e+00 
 2.12193792e+00  3.95923967e+01 -3.65977730e+00 
 2.17086923e+00  3.95878273e+01 -4.10413114e+00 
 2.22092889e+00  3.95827125e+01 -4.55008951e+00 
 2.27214291e+00  3.95770440e+01 -4.99783575e+00 
 2.32453791e+00  3.95708145e+01 -5.44762822e+00 
 2.37814113e+00  3.95640097e+01 -5.89949048e+00 
 2.43298042e+00  3.95566207e+01 -6.35367822e+00 
 2.48908429e+00  3.95486334e+01 -6.81029392e+00 
 2.54648190e+00  3.95400367e+01 -7.26958482e+00 
 2.60520309e+00  3.95308150e+01 -7.73165113e+00 
 2.66527837e+00  3.95209535e+01 -8.19666369e+00 
 2.72673897e+00  3.95104378e+01 -8.66485601e+00 
 2.78961683e+00  3.94992468e+01 -9.13619434e+00 
 2.85394464e+00  3.94873672e+01 -9.61103703e+00 
 2.91975583e+00  3.94747775e+01 -1.00894131e+01 
 2.98708461e+00  3.94614581e+01 -1.05714791e+01 
 3.05596598e+00  3.94473886e+01 -1.10573872e+01 
 3.12643573e+00  3.94325475e+01 -1.15472850e+01 
 3.19853049e+00  3.94169123e+01 -1.20413150e+01 
 3.27228774e+00  3.94004584e+01 -1.25395594e+01 
 3.34774581e+00  3.93831615e+01 -1.30421537e+01 
 3.42494392e+00  3.93649977e+01 -1.35492804e+01 
 3.50392221e+00  3.93459394e+01 -1.40610078e+01 
 3.58472171e+00  3.93259585e+01 -1.45774026e+01 
 3.66738442e+00  3.93050281e+01 -1.50986279e+01 
 3.75195331e+00  3.92831182e+01 -1.56247385e+01 
 3.83847234e+00  3.92602011e+01 -1.61559279e+01 
 3.92698648e+00  3.92362421e+01 -1.66920964e+01 
 4.01754173e+00  3.92112129e+01 -1.72334686e+01 
 4.11018515e+00  3.91850800e+01 -1.77800719e+01 
 4.20496491e+00  3.91578105e+01 -1.83319719e+01 
 4.30193027e+00  3.91293689e+01 -1.88891408e+01 
 4.40113162e+00  3.90997224e+01 -1.94517139e+01 
 4.50262052e+00  3.90688361e+01 -2.00197281e+01 
 4.60644974e+00  3.90366723e+01 -2.05931315e+01 
 4.71267322e+00  3.90031967e+01 -2.11720229e+01 
 4.82134619e+00  3.89683716e+01 -2.17563702e+01 
 4.93252513e+00  3.89321597e+01 -2.23461703e+01 
 5.04626783e+00  3.88945228e+01 -2.29413728e+01 
 5.16263340e+00  3.88554246e+01 -2.35420241e+01 
 5.28168234e+00  3.88148254e+01 -2.41480150e+01 
 5.40347650e+00  3.87726877e+01 -2.47593308e+01 
 5.52807921e+00  3.87289733e+01 -2.53759087e+01 
 5.65555523e+00  3.86836439e+01 -2.59976734e+01 
 5.78597080e+00  3.86366606e+01 -2.66245051e+01 
 5.91939372e+00  3.85879869e+01 -2.72563667e+01 
 6.05589334e+00  3.85375850e+01 -2.78931421e+01 
 6.19554061e+00  3.84854164e+01 -2.85346440e+01 
 6.33840810e+00  3.84314458e+01 -2.91807922e+01 
 6.48457008e+00  3.83756363e+01 -2.98314045e+01 
 6.63410251e+00  3.83179539e+01 -3.04863707e+01 
 6.78708313e+00  3.82583628e+01 -3.11454560e+01 
 6.94359143e+00  3.81968306e+01 -3.18085230e+01 
 7.10370877e+00  3.81333243e+01 -3.24753408e+01 
 7.26751838e+00  3.80678136e+01 -3.31457443e+01 
 7.43510539e+00  3.80002674e+01 -3.38194545e+01 
 7.60655691e+00  3.79306588e+01 -3.44963061e+01 
 7.78196206e+00  3.78589593e+01 -3.51759994e+01 
 7.96141200e+00  3.77851447e+01 -3.58583213e+01 
 8.14500001e+00  3.77091910e+01 -3.65430002e+01 
 8.33282151e+00  3.76310755e+01 -3.72297341e+01 
 8.52497412e+00  3.75507798e+01 -3.79183010e+01 
 8.72155772e+00  3.74682850e+01 -3.86083819e+01 
 8.92267449e+00  3.73835750e+01 -3.92996741e+01 
 9.12842895e+00  3.72966366e+01 -3.99919091e+01 
 9.33892805e+00  3.72074575e+01 -4.06847515e+01 
 9.55428121e+00  3.71160289e+01 -4.13779212e+01 
 9.77460036e+00  3.70223433e+01 -4.20710942e+01 
 1.00000000e+01  3.69263951e+01 -4.27639261e+01 
 1.02305973e+01  3.68281829e+01 -4.34561447e+01 
 1.04665121e+01  3.67277056e+01 -4.41474023e+01 
 1.07078670e+01  3.66249660e+01 -4.48374052e+01 
 1.09547876e+01  3.65199673e+01 -4.55257911e+01 
 1.12074020e+01  3.64127173e+01 -4.62122847e+01 
 1.14658417e+01  3.63032242e+01 -4.68965460e+01 
 1.17302409e+01  3.61915000e+01 -4.75782871e+01 
 1.20007371e+01  3.60775573e+01 -4.82571768e+01 
 1.22774708e+01  3.59614120e+01 -4.89329207e+01 
 1.25605860e+01  3.58430815e+01 -4.96052151e+01 
 1.28502297e+01  3.57225861e+01 -5.02737920e+01 
 1.31465525e+01  3.55999468e+01 -5.09383468e+01 
 1.34497085e+01  3.54751869e+01 -5.15985987e+01 
 1.37598551e+01  3.53483324e+01 -5.22543022e+01 
 1.40771537e+01  3.52194099e+01 -5.29051934e+01 
 1.44017690e+01  3.50884475e+01 -5.35510053e+01 
 1.47338699e+01  3.49554759e+01 -5.41915205e+01 
 1.50736290e+01  3.48205258e+01 -5.48264931e+01 
 1.54212228e+01  3.46836302e+01 -5.54557138e+01 
 1.57768320e+01  3.45448228e+01 -5.60789718e+01 
 1.61406415e+01  3.44041385e+01 -5.66960678e+01 
 1.65128404e+01  3.42616133e+01 -5.73068256e+01 
 1.68936220e+01  3.41172835e+01 -5.79110580e+01 
 1.72831844e+01  3.39711871e+01 -5.85086227e+01 
 1.76817299e+01  3.38233614e+01 -5.90993457e+01 
 1.80894658e+01  3.36738451e+01 -5.96830973e+01 
 1.85066040e+01  3.35226773e+01 -6.02597486e+01 
 1.89333613e+01  3.33698972e+01 -6.08291825e+01 
 1.93699595e+01  3.32155444e+01 -6.13912931e+01 
 1.98166255e+01  3.30596583e+01 -6.19459861e+01 
 2.02735916e+01  3.29022797e+01 -6.24931961e+01 
 2.07410951e+01  3.27434469e+01 -6.30328227e+01 
 2.12193792e+01  3.25831999e+01 -6.35648129e+01 
 2.17086923e+01  3.24215777e+01 -6.40891063e+01 
 2.22092889e+01  3.22586203e+01 -6.46056780e+01 
 2.27214291e+01  3.20943661e+01 -6.51144866e+01 
 2.32453791e+01  3.19288535e+01 -6.56155089e+01 
 2.37814113e+01  3.17621203e+01 -6.61087224e+01 
 2.43298042e+01  3.15942043e+01 -6.65941291e+01 
 2.48908429e+01  3.14251418e+01 -6.70717161e+01 
 2.54648190e+01  3.12549705e+01 -6.75415158e+01 
 2.60520309e+01  3.10837254e+01 -6.80035303e+01 
 2.66527837e+01  3.09114413e+01 -6.84577773e+01 
 2.72673897e+01  3.07381532e+01 -6.89042946e+01 
 2.78961683e+01  3.05638949e+01 -6.93431195e+01 
 2.85394464e+01  3.03886997e+01 -6.97742947e+01 
 2.91975583e+01  3.02125989e+01 -7.01978560e+01 
 2.98708461e+01  3.00356252e+01 -7.06138697e+01 
 3.05596598e+01  2.98578091e+01 -7.10223881e+01 
 3.12643573e+01  2.96791801e+01 -7.14234682e+01 
 3.19853049e+01  2.94997680e+01 -7.18171829e+01 
 3.27228774e+01  2.93196015e+01 -7.22036032e+01 
 3.34774581e+01  2.91387074e+01 -7.25827920e+01 
 3.42494392e+01  2.89571137e+01 -7.29548382e+01 
 3.50392221e+01  2.87748455e+01 -7.33198113e+01 
 3.58472171e+01  2.85919289e+01 -7.36778000e+01 
 3.66738442e+01  2.84083888e+01 -7.40288946e+01 
 3.75195331e+01  2.82242476e+01 -7.43731625e+01 
 3.83847234e+01  2.80395296e+01 -7.47107085e+01 
 3.92698648e+01  2.78542568e+01 -7.50416186e+01 
 4.01754173e+01  2.76684510e+01 -7.53659854e+01 
 4.11018515e+01  2.74821330e+01 -7.56839027e+01 
 4.20496491e+01  2.72953227e+01 -7.59954607e+01 
 4.30193027e+01  2.71080396e+01 -7.63007552e+01 
 4.40113162e+01  2.69203032e+01 -7.65998868e+01 
 4.50262052e+01  2.67321307e+01 -7.68929440e+01 
 4.60644974e+01  2.65435407e+01 -7.71800321e+01 
 4.71267322e+01  2.63545491e+01 -7.74612404e+01 
 4.82134619e+01  2.61651729e+01 -7.77366704e+01 
 4.93252513e+01  2.59754272e+01 -7.80064155e+01 
 5.04626783e+01  2.57853278e+01 -7.82705769e+01 
 5.16263340e+01  2.55948888e+01 -7.85292476e+01 
 5.28168234e+01  2.54041241e+01 -7.87825242e+01 
 5.40347650e+01  2.52130475e+01 -7.90305030e+01 
 5.52807921e+01  2.50216718e+01 -7.92732793e+01 
 5.65555523e+01  2.48300095e+01 -7.95109479e+01 
 5.78597080e+01  2.46380723e+01 -7.97435999e+01 
 5.91939372e+01  2.44458721e+01 -7.99713319e+01 
 6.05589334e+01  2.42534197e+01 -8.01942331e+01 
 6.19554061e+01  2.40607260e+01 -8.04123984e+01 
 6.33840810e+01  2.38678009e+01 -8.06259153e+01 
 6.48457008e+01  2.36746543e+01 -8.08348737e+01 
 6.63410251e+01  2.34812955e+01 -8.10393622e+01 
 6.78708313e+01  2.32877337e+01 -8.12394685e+01 
 6.94359143e+01  2.30939779e+01 -8.14352816e+01 
 7.10370877e+01  2.29000352e+01 -8.16268792e+01 
 7.26751838e+01  2.27059149e+01 -8.18143531e+01 
 7.43510539e+01  2.25116241e+01 -8.19977840e+01 
 7.60655691e+01  2.23171699e+01 -8.21772511e+01 
 7.78196206e+01  2.21225593e+01 -8.23528353e+01 
 7.96141200e+01  2.19277995e+01 -8.25246184e+01 
 8.14500001e+01  2.17328964e+01 -8.26926764e+01 
 8.33282151e+01  2.15378568e+01 -8.28570884e+01 
 8.52497412e+01  2.13426870e+01 -8.30179325e+01 
 8.72155772e+01  2.11473906e+01 -8.31752723e+01 
 8.92267449e+01  2.09519752e+01 -8.33291918e+01 
 9.12842895e+01  2.07564446e+01 -8.34797570e+01 
 9.33892805e+01  2.05608049e+01 -8.36270428e+01 
 9.55428121e+01  2.03650602e+01 -8.37711167e+01 
 9.77460036e+01  2.01692153e+01 -8.39120471e+01 
 1.00000000e+02  1.99732744e+01 -8.40499012e+01 
 1.02305973e+02  1.97772419e+01 -8.41847450e+01 
 1.04665121e+02  1.95811214e+01 -8.43166416e+01 
 1.07078670e+02  1.93849174e+01 -8.44456580e+01 
 1.09547876e+02  1.91886329e+01 -8.45718532e+01 
 1.12074020e+02  1.89922718e+01 -8.46952901e+01 
 1.14658417e+02  1.87958374e+01 -8.48160289e+01 
 1.17302409e+02  1.85993336e+01 -8.49341301e+01 
 1.20007371e+02  1.84027615e+01 -8.50496452e+01 
 1.22774708e+02  1.82061260e+01 -8.51626372e+01 
 1.25605860e+02  1.80094289e+01 -8.52731588e+01 
 1.28502297e+02  1.78126735e+01 -8.53812658e+01 
 1.31465525e+02  1.76158622e+01 -8.54870119e+01 
 1.34497085e+02  1.74189972e+01 -8.55904480e+01 
 1.37598551e+02  1.72220813e+01 -8.56916269e+01 
 1.40771537e+02  1.70251162e+01 -8.57905976e+01 
 1.44017690e+02  1.68281046e+01 -8.58874108e+01 
 1.47338699e+02  1.66310481e+01 -8.59821137e+01 
 1.50736290e+02  1.64339492e+01 -8.60747548e+01 
 1.54212228e+02  1.62368093e+01 -8.61653795e+01 
 1.57768320e+02  1.60396302e+01 -8.62540333e+01 
 1.61406415e+02  1.58424140e+01 -8.63407620e+01 
 1.65128404e+02  1.56451621e+01 -8.64256081e+01 
 1.68936220e+02  1.54478760e+01 -8.65086144e+01 
 1.72831844e+02  1.52505576e+01 -8.65898241e+01 
 1.76817299e+02  1.50532080e+01 -8.66692770e+01 
 1.80894658e+02  1.48558285e+01 -8.67470136e+01 
 1.85066040e+02  1.46584209e+01 -8.68230741e+01 
 1.89333613e+02  1.44609861e+01 -8.68974962e+01 
 1.93699595e+02  1.42635256e+01 -8.69703187e+01 
 1.98166255e+02  1.40660398e+01 -8.70415768e+01 
 2.02735916e+02  1.38685306e+01 -8.71113086e+01 
 2.07410951e+02  1.36709987e+01 -8.71795488e+01 
 2.12193792e+02  1.34734451e+01 -8.72463321e+01 
 2.17086923e+02  1.32758712e+01 -8.73116936e+01 
 2.22092889e+02  1.30782770e+01 -8.73756649e+01 
 2.27214291e+02  1.28806643e+01 -8.74382805e+01 
 2.32453791e+02  1.26830335e+01 -8.74995716e+01 
 2.37814113e+02  1.24853854e+01 -8.75595695e+01 
 2.43298042e+02  1.22877212e+01 -8.76183059e+01 
 2.48908429e+02  1.20900408e+01 -8.76758092e+01 
 2.54648190e+02  1.18923457e+01 -8.77321105e+01 
 2.60520309e+02  1.16946363e+01 -8.77872380e+01 
 2.66527837e+02  1.14969131e+01 -8.78412200e+01 
 2.72673897e+02  1.12991767e+01 -8.78940843e+01 
 2.78961683e+02  1.11014278e+01 -8.79458580e+01 
 2.85394464e+02  1.09036674e+01 -8.79965685e+01 
 2.91975583e+02  1.07058951e+01 -8.80462405e+01 
 2.98708461e+02  1.05081122e+01 -8.80949009e+01 
 3.05596598e+02  1.03103185e+01 -8.81425736e+01 
 3.12643573e+02  1.01125153e+01 -8.81892844e+01 
 3.19853049e+02  9.91470252e+00 -8.82350566e+01 
 3.27228774e+02  9.71688026e+00 -8.82799135e+01 
 3.34774581e+02  9.51905015e+00 -8.83238797e+01 
 3.42494392e+02  9.32121135e+00 -8.83669764e+01 
 3.50392221e+02  9.12336506e+00 -8.84092269e+01 
 3.58472171e+02  8.92551082e+00 -8.84506519e+01 
 3.66738442e+02  8.72764938e+00 -8.84912734e+01 
 3.75195331e+02  8.52978149e+00 -8.85311128e+01 
 3.83847234e+02  8.33190663e+00 -8.85701898e+01 
 3.92698648e+02  8.13402594e+00 -8.86085256e+01 
 4.01754173e+02  7.93613888e+00 -8.86461391e+01 
 4.11018515e+02  7.73824614e+00 -8.86830501e+01 
 4.20496491e+02  7.54034881e+00 -8.87192786e+01 
 4.30193027e+02  7.34244590e+00 -8.87548422e+01 
 4.40113162e+02  7.14453808e+00 -8.87897595e+01 
 4.50262052e+02  6.94662557e+00 -8.88240488e+01 
 4.60644974e+02  6.74870860e+00 -8.88577278e+01 
 4.71267322e+02  6.55078739e+00 -8.88908138e+01 
 4.82134619e+02  6.35286214e+00 -8.89233241e+01 
 4.93252513e+02  6.15493304e+00 -8.89552755e+01 
 5.04626783e+02  5.95700028e+00 -8.89866846e+01 
 5.16263340e+02  5.75906406e+00 -8.90175676e+01 
 5.28168234e+02  5.56112454e+00 -8.90479406e+01 
 5.40347650e+02  5.36318230e+00 -8.90778196e+01 
 5.52807921e+02  5.16523667e+00 -8.91072194e+01 
 5.65555523e+02  4.96728823e+00 -8.91361557e+01 
 5.78597080e+02  4.76933754e+00 -8.91646438e+01 
 5.91939372e+02  4.57138392e+00 -8.91926977e+01 
 6.05589334e+02  4.37342791e+00 -8.92203324e+01 
 6.19554061e+02  4.17547006e+00 -8.92475625e+01 
 6.33840810e+02  3.97750968e+00 -8.92744016e+01 
 6.48457008e+02  3.77954772e+00 -8.93008640e+01 
 6.63410251e+02  3.58158347e+00 -8.93269631e+01 
 6.78708313e+02  3.38361787e+00 -8.93527129e+01 
 6.94359143e+02  3.18565020e+00 -8.93781262e+01 
 7.10370877e+02  2.98768142e+00 -8.94032168e+01 
 7.26751838e+02  2.78971120e+00 -8.94279973e+01 
 7.43510539e+02  2.59173923e+00 -8.94524805e+01 
 7.60655691e+02  2.39376645e+00 -8.94766795e+01 
 7.78196206e+02  2.19579213e+00 -8.95006064e+01 
 7.96141200e+02  1.99781718e+00 -8.95242741e+01 
 8.14500001e+02  1.79984129e+00 -8.95476946e+01 
 8.33282151e+02  1.60186414e+00 -8.95708799e+01 
 8.52497412e+02  1.40388663e+00 -8.95938425e+01 
 8.72155772e+02  1.20590846e+00 -8.96165940e+01 
 8.92267449e+02  1.00792969e+00 -8.96391463e+01 
 9.12842895e+02  8.09950011e-01 -8.96615108e+01 
 9.33892805e+02  6.11970325e-01 -8.96836997e+01 
 9.55428121e+02  4.13990305e-01 -8.97057242e+01 
 9.77460036e+02  2.16010033e-01 -8.97275957e+01 
 1.00000000e+03  1.80291778e-02 -8.97493254e+01 
 1.02305973e+03 -1.79951352e-01 -8.97709251e+01 
 1.04665121e+03 -3.77931888e-01 -8.97924056e+01 
 1.07078670e+03 -5.75912349e-01 -8.98137781e+01 
 1.09547876e+03 -7.73892652e-01 -8.98350538e+01 
 1.12074020e+03 -9.71873129e-01 -8.98562435e+01 
 1.14658417e+03 -1.16985287e+00 -8.98773586e+01 
 1.17302409e+03 -1.36783221e+00 -8.98984098e+01 
 1.20007371e+03 -1.56581105e+00 -8.99194081e+01 
 1.22774708e+03 -1.76378933e+00 -8.99403644e+01 
 1.25605860e+03 -1.96176694e+00 -8.99612895e+01 
 1.28502297e+03 -2.15974380e+00 -8.99821944e+01 
 1.31465525e+03 -2.35772024e+00 -9.00030897e+01 
 1.34497085e+03 -2.55569533e+00 -9.00239865e+01 
 1.37598551e+03 -2.75366941e+00 -9.00448955e+01 
 1.40771537e+03 -2.95164236e+00 -9.00658276e+01 
 1.44017690e+03 -3.14961410e+00 -9.00867937e+01 
 1.47338699e+03 -3.34758453e+00 -9.01078046e+01 
 1.50736290e+03 -3.54555353e+00 -9.01288713e+01 
 1.54212228e+03 -3.74352102e+00 -9.01500045e+01 
 1.57768320e+03 -3.94148687e+00 -9.01712154e+01 
 1.61406415e+03 -4.13945098e+00 -9.01925149e+01 
 1.65128404e+03 -4.33741323e+00 -9.02139140e+01 
 1.68936220e+03 -4.53537391e+00 -9.02354238e+01 
 1.72831844e+03 -4.73333207e+00 -9.02570555e+01 
 1.76817299e+03 -4.93128800e+00 -9.02788203e+01 
 1.80894658e+03 -5.12924156e+00 -9.03007294e+01 
 1.85066040e+03 -5.32719262e+00 -9.03227943e+01 
 1.89333613e+03 -5.52514104e+00 -9.03450262e+01 
 1.93699595e+03 -5.72308666e+00 -9.03674368e+01 
 1.98166255e+03 -5.92102933e+00 -9.03900377e+01 
 2.02735916e+03 -6.11896889e+00 -9.04128404e+01 
 2.07410951e+03 -6.31690517e+00 -9.04358568e+01 
 2.12193792e+03 -6.51483800e+00 -9.04590989e+01 
 2.17086923e+03 -6.71276720e+00 -9.04825786e+01 
 2.22092889e+03 -6.91069258e+00 -9.05063080e+01 
 2.27214291e+03 -7.10861394e+00 -9.05302995e+01 
 2.32453791e+03 -7.30653107e+00 -9.05545653e+01 
 2.37814113e+03 -7.50444377e+00 -9.05791181e+01 
 2.43298042e+03 -7.70235181e+00 -9.06039705e+01 
 2.48908429e+03 -7.90025495e+00 -9.06291353e+01 
 2.54648190e+03 -8.09815296e+00 -9.06546254e+01 
 2.60520309e+03 -8.29604599e+00 -9.06804541e+01 
 2.66527837e+03 -8.49393295e+00 -9.07066345e+01 
 2.72673897e+03 -8.69181398e+00 -9.07331803e+01 
 2.78961683e+03 -8.88968879e+00 -9.07601051e+01 
 2.85394464e+03 -9.08755707e+00 -9.07874226e+01 
 2.91975583e+03 -9.28541851e+00 -9.08151469e+01 
 2.98708461e+03 -9.48327278e+00 -9.08432924e+01 
 3.05596598e+03 -9.68111953e+00 -9.08718733e+01 
 3.12643573e+03 -9.87895840e+00 -9.09009044e+01 
 3.19853049e+03 -1.00767890e+01 -9.09304005e+01 
 3.27228774e+03 -1.02746110e+01 -9.09603768e+01 
 3.34774581e+03 -1.04724239e+01 -9.09908485e+01 
 3.42494392e+03 -1.06702273e+01 -9.10218313e+01 
 3.50392221e+03 -1.08680207e+01 -9.10533410e+01 
 3.58472171e+03 -1.10658038e+01 -9.10853936e+01 
 3.66738442e+03 -1.12635759e+01 -9.11180056e+01 
 3.75195331e+03 -1.14613366e+01 -9.11511934e+01 
 3.83847234e+03 -1.16590852e+01 -9.11849741e+01 
 3.92698648e+03 -1.18568214e+01 -9.12193646e+01 
 4.01754173e+03 -1.20545444e+01 -9.12543826e+01 
 4.11018515e+03 -1.22522537e+01 -9.12900458e+01 
 4.20496491e+03 -1.24499485e+01 -9.13263721e+01 
 4.30193027e+03 -1.26476283e+01 -9.13633801e+01 
 4.40113162e+03 -1.28452922e+01 -9.14010882e+01 
 4.50262052e+03 -1.30429396e+01 -9.14395157e+01 
 4.60644974e+03 -1.32405696e+01 -9.14786817e+01 
 4.71267322e+03 -1.34381816e+01 -9.15186061e+01 
 4.82134619e+03 -1.36357745e+01 -9.15593087e+01 
 4.93252513e+03 -1.38333475e+01 -9.16008100e+01 
 5.04626783e+03 -1.40308996e+01 -9.16431308e+01 
 5.16263340e+03 -1.42284299e+01 -9.16862921e+01 
 5.28168234e+03 -1.44259374e+01 -9.17303154e+01 
 5.40347650e+03 -1.46234209e+01 -9.17752225e+01 
 5.52807921e+03 -1.48208794e+01 -9.18210358e+01 
 5.65555523e+03 -1.50183116e+01 -9.18677778e+01 
 5.78597080e+03 -1.52157164e+01 -9.19154716e+01 
 5.91939372e+03 -1.54130923e+01 -9.19641407e+01 
 6.05589334e+03 -1.56104381e+01 -9.20138089e+01 
 6.19554061e+03 -1.58077524e+01 -9.20645005e+01 
 6.33840810e+03 -1.60050335e+01 -9.21162401e+01 
 6.48457008e+03 -1.62022801e+01 -9.21690530e+01 
 6.63410251e+03 -1.63994904e+01 -9.22229647e+01 
 6.78708313e+03 -1.65966627e+01 -9.22780012e+01 
 6.94359143e+03 -1.67937953e+01 -9.23341890e+01 
 7.10370877e+03 -1.69908861e+01 -9.23915548e+01 
 7.26751838e+03 -1.71879334e+01 -9.24501262e+01 
 7.43510539e+03 -1.73849349e+01 -9.25099309e+01 
 7.60655691e+03 -1.75818886e+01 -9.25709971e+01 
 7.78196206e+03 -1.77787922e+01 -9.26333536e+01 
 7.96141200e+03 -1.79756432e+01 -9.26970294e+01 
 8.14500001e+03 -1.81724391e+01 -9.27620544e+01 
 8.33282151e+03 -1.83691775e+01 -9.28284585e+01 
 8.52497412e+03 -1.85658554e+01 -9.28962723e+01 
 8.72155772e+03 -1.87624701e+01 -9.29655268e+01 
 8.92267449e+03 -1.89590185e+01 -9.30362534e+01 
 9.12842895e+03 -1.91554974e+01 -9.31084841e+01 
 9.33892805e+03 -1.93519036e+01 -9.31822511e+01 
 9.55428121e+03 -1.95482335e+01 -9.32575873e+01 
 9.77460036e+03 -1.97444835e+01 -9.33345259e+01 
 1.00000000e+04 -1.99406498e+01 -9.34131005e+01 
 1.02305973e+04 -2.01367283e+01 -9.34933451e+01 
 1.04665121e+04 -2.03327148e+01 -9.35752942e+01 
 1.07078670e+04 -2.05286049e+01 -9.36589826e+01 
 1.09547876e+04 -2.07243939e+01 -9.37444454e+01 
 1.12074020e+04 -2.09200770e+01 -9.38317181e+01 
 1.14658417e+04 -2.11156491e+01 -9.39208366e+01 
 1.17302409e+04 -2.13111047e+01 -9.40118370e+01 
 1.20007371e+04 -2.15064382e+01 -9.41047558e+01 
 1.22774708e+04 -2.17016437e+01 -9.41996295e+01 
 1.25605860e+04 -2.18967150e+01 -9.42964951e+01 
 1.28502297e+04 -2.20916455e+01 -9.43953896e+01 
 1.31465525e+04 -2.22864283e+01 -9.44963502e+01 
 1.34497085e+04 -2.24810562e+01 -9.45994141e+01 
 1.37598551e+04 -2.26755217e+01 -9.47046187e+01 
 1.40771537e+04 -2.28698167e+01 -9.48120014e+01 
 1.44017690e+04 -2.30639328e+01 -9.49215993e+01 
 1.47338699e+04 -2.32578613e+01 -9.50334496e+01 
 1.50736290e+04 -2.34515928e+01 -9.51475894e+01 
 1.54212228e+04 -2.36451175e+01 -9.52640553e+01 
 1.57768320e+04 -2.38384253e+01 -9.53828837e+01 
 1.61406415e+04 -2.40315052e+01 -9.55041105e+01 
 1.65128404e+04 -2.42243460e+01 -9.56277713e+01 
 1.68936220e+04 -2.44169356e+01 -9.57539009e+01 
 1.72831844e+04 -2.46092614e+01 -9.58825334e+01 
 1.76817299e+04 -2.48013101e+01 -9.60137023e+01 
 1.80894658e+04 -2.49930677e+01 -9.61474398e+01 
 1.85066040e+04 -2.51845195e+01 -9.62837774e+01 
 1.89333613e+04 -2.53756499e+01 -9.64227451e+01 
 1.93699595e+04 -2.55664425e+01 -9.65643719e+01 
 1.98166255e+04 -2.57568801e+01 -9.67086848e+01 
 2.02735916e+04 -2.59469443e+01 -9.68557094e+01 
 2.07410951e+04 -2.61366159e+01 -9.70054696e+01 
 2.12193792e+04 -2.63258747e+01 -9.71579868e+01 
 2.17086923e+04 -2.65146991e+01 -9.73132804e+01 
 2.22092889e+04 -2.67030665e+01 -9.74713673e+01 
 2.27214291e+04 -2.68909531e+01 -9.76322615e+01 
 2.32453791e+04 -2.70783334e+01 -9.77959743e+01 
 2.37814113e+04 -2.72651808e+01 -9.79625133e+01 
 2.43298042e+04 -2.74514670e+01 -9.81318830e+01 
 2.48908429e+04 -2.76371622e+01 -9.83040838e+01 
 2.54648190e+04 -2.78222347e+01 -9.84791118e+01 
 2.60520309e+04 -2.80066510e+01 -9.86569588e+01 
 2.66527837e+04 -2.81903757e+01 -9.88376117e+01 
 2.72673897e+04 -2.83733713e+01 -9.90210520e+01 
 2.78961683e+04 -2.85555980e+01 -9.92072555e+01 
 2.85394464e+04 -2.87370137e+01 -9.93961918e+01 
 2.91975583e+04 -2.89175736e+01 -9.95878241e+01 
 2.98708461e+04 -2.90972305e+01 -9.97821084e+01 
 3.05596598e+04 -2.92759340e+01 -9.99789929e+01 
 3.12643573e+04 -2.94536307e+01 -1.00178418e+02 
 3.19853049e+04 -2.96302641e+01 -1.00380315e+02 
 3.27228774e+04 -2.98057738e+01 -1.00584606e+02 
 3.34774581e+04 -2.99800960e+01 -1.00791203e+02 
 3.42494392e+04 -3.01531626e+01 -1.01000007e+02 
 3.50392221e+04 -3.03249014e+01 -1.01210908e+02 
 3.58472171e+04 -3.04952353e+01 -1.01423783e+02 
 3.66738442e+04 -3.06640825e+01 -1.01638498e+02 
 3.75195331e+04 -3.08313557e+01 -1.01854901e+02 
 3.83847234e+04 -3.09969621e+01 -1.02072830e+02 
 3.92698648e+04 -3.11608026e+01 -1.02292102e+02 
 4.01754173e+04 -3.13227715e+01 -1.02512522e+02 
 4.11018515e+04 -3.14827563e+01 -1.02733872e+02 
 4.20496491e+04 -3.16406365e+01 -1.02955918e+02 
 4.30193027e+04 -3.17962838e+01 -1.03178404e+02 
 4.40113162e+04 -3.19495608e+01 -1.03401052e+02 
 4.50262052e+04 -3.21003206e+01 -1.03623560e+02 
 4.60644974e+04 -3.22484063e+01 -1.03845600e+02 
 4.71267322e+04 -3.23936496e+01 -1.04066819e+02 
 4.82134619e+04 -3.25358704e+01 -1.04286831e+02 
 4.93252513e+04 -3.26748754e+01 -1.04505220e+02 
 5.04626783e+04 -3.28104573e+01 -1.04721539e+02 
 5.16263340e+04 -3.29423936e+01 -1.04935298e+02 
 5.28168234e+04 -3.30704449e+01 -1.05145972e+02 
 5.40347650e+04 -3.31943539e+01 -1.05352991e+02 
 5.52807921e+04 -3.33138433e+01 -1.05555736e+02 
 5.65555523e+04 -3.34286142e+01 -1.05753538e+02 
 5.78597080e+04 -3.35383440e+01 -1.05945670e+02 
 5.91939372e+04 -3.36426840e+01 -1.06131342e+02 
 6.05589334e+04 -3.37412569e+01 -1.06309693e+02 
 6.19554061e+04 -3.38336537e+01 -1.06479785e+02 
 6.33840810e+04 -3.39194302e+01 -1.06640593e+02 
 6.48457008e+04 -3.39981038e+01 -1.06790992e+02 
 6.63410251e+04 -3.40691481e+01 -1.06929744e+02 
 6.78708313e+04 -3.41319888e+01 -1.07055485e+02 
 6.94359143e+04 -3.41859972e+01 -1.07166702e+02 
 7.10370877e+04 -3.42304836e+01 -1.07261714e+02 
 7.26751838e+04 -3.42646898e+01 -1.07338640e+02 
 7.43510539e+04 -3.42877791e+01 -1.07395368e+02 
 7.60655691e+04 -3.42988262e+01 -1.07429507e+02 
 7.78196206e+04 -3.42968034e+01 -1.07438343e+02 
 7.96141200e+04 -3.42805661e+01 -1.07418764e+02 
 8.14500001e+04 -3.42488338e+01 -1.07367180e+02 
 8.33282151e+04 -3.42001681e+01 -1.07279418e+02 
 8.52497412e+04 -3.41329460e+01 -1.07150580e+02 
 8.72155772e+04 -3.40453266e+01 -1.06974867e+02 
 8.92267449e+04 -3.39352114e+01 -1.06745345e+02 
 9.12842895e+04 -3.38001941e+01 -1.06453629e+02 
 9.33892805e+04 -3.36374996e+01 -1.06089465e+02 
 9.55428121e+04 -3.34439060e+01 -1.05640147e+02 
 9.77460036e+04 -3.32156493e+01 -1.05089719e+02 
 1.00000000e+05 -3.29483014e+01 -1.04417844e+02 
 1.02305973e+05 -3.26366203e+01 -1.03598163e+02 
 1.04665121e+05 -3.22743630e+01 -1.02595906e+02 
 1.07078670e+05 -3.18540639e+01 -1.01364286e+02 
 1.09547876e+05 -3.13667880e+01 -9.98389640e+01 
 1.12074020e+05 -3.08019089e+01 -9.79293433e+01 
 1.14658417e+05 -3.01470613e+01 -9.55045576e+01 
 1.17302409e+05 -2.93886762e+01 -9.23705461e+01 
 1.20007371e+05 -2.85142024e+01 -8.82325257e+01 
 1.22774708e+05 -2.75189054e+01 -8.26362870e+01 
 1.25605860e+05 -2.64244110e+01 -7.48929541e+01 
 1.28502297e+05 -2.53232752e+01 -6.40615915e+01 
 1.31465525e+05 -2.44561225e+01 -4.93041503e+01 
 1.34497085e+05 -2.42252753e+01 -3.11380218e+01 
 1.37598551e+05 -2.49060305e+01 -1.25453428e+01 
 1.40771537e+05 -2.63095630e+01  3.11074335e+00 
 1.44017690e+05 -2.80237430e+01  1.48042615e+01 
 1.47338699e+05 -2.97672462e+01  2.32204339e+01 
 1.50736290e+05 -3.14224643e+01  2.93315028e+01 
 1.54212228e+05 -3.29572488e+01  3.38845182e+01 
 1.57768320e+05 -3.43726291e+01  3.73776802e+01 
 1.61406415e+05 -3.56800927e+01  4.01340890e+01 
 1.65128404e+05 -3.68930731e+01  4.23653660e+01 
 1.68936220e+05 -3.80240817e+01  4.42132573e+01 
 1.72831844e+05 -3.90839398e+01  4.57751557e+01 
 1.76817299e+05 -4.00817497e+01  4.71196710e+01 
 1.80894658e+05 -4.10250979e+01  4.82962638e+01 
 1.85066040e+05 -4.19203032e+01  4.93413380e+01 
 1.89333613e+05 -4.27726455e+01  5.02821885e+01 
 1.93699595e+05 -4.35865612e+01  5.11396144e+01 
 1.98166255e+05 -4.43658012e+01  5.19296948e+01 
 2.02735916e+05 -4.51135583e+01  5.26650134e+01 
 2.07410951e+05 -4.58325683e+01  5.33555255e+01 
 2.12193792e+05 -4.65251918e+01  5.40091793e+01 
 2.17086923e+05 -4.71934783e+01  5.46323695e+01 
 2.22092889e+05 -4.78392190e+01  5.52302737e+01 
 2.27214291e+05 -4.84639886e+01  5.58071052e+01 
 2.32453791e+05 -4.90691799e+01  5.63663055e+01 
 2.37814113e+05 -4.96560316e+01  5.69106926e+01 
 2.43298042e+05 -5.02256516e+01  5.74425765e+01 
 2.48908429e+05 -5.07790362e+01  5.79638508e+01 
 2.54648190e+05 -5.13170855e+01  5.84760650e+01 
 2.60520309e+05 -5.18406174e+01  5.89804830e+01 
 2.66527837e+05 -5.23503781e+01  5.94781306e+01 
 2.72673897e+05 -5.28470517e+01  5.99698340e+01 
 2.78961683e+05 -5.33312681e+01  6.04562521e+01 
 2.85394464e+05 -5.38036100e+01  6.09379029e+01 
 2.91975583e+05 -5.42646183e+01  6.14151862e+01 
 2.98708461e+05 -5.47147970e+01  6.18884016e+01 
 3.05596598e+05 -5.51546176e+01  6.23577652e+01 
 3.12643573e+05 -5.55845226e+01  6.28234231e+01 
 3.19853049e+05 -5.60049286e+01  6.32854623e+01 
 3.27228774e+05 -5.64162289e+01  6.37439216e+01 
 3.34774581e+05 -5.68187959e+01  6.41987997e+01 
 3.42494392e+05 -5.72129830e+01  6.46500627e+01 
 3.50392221e+05 -5.75991264e+01  6.50976507e+01 
 3.58472171e+05 -5.79775463e+01  6.55414833e+01 
 3.66738442e+05 -5.83485488e+01  6.59814641e+01 
 3.75195331e+05 -5.87124264e+01  6.64174855e+01 
 3.83847234e+05 -5.90694593e+01  6.68494316e+01 
 3.92698648e+05 -5.94199160e+01  6.72771819e+01 
 4.01754173e+05 -5.97640547e+01  6.77006135e+01 
 4.11018515e+05 -6.01021229e+01  6.81196036e+01 
 4.20496491e+05 -6.04343589e+01  6.85340311e+01 
 4.30193027e+05 -6.07609919e+01  6.89437786e+01 
 4.40113162e+05 -6.10822425e+01  6.93487334e+01 
 4.50262052e+05 -6.13983231e+01  6.97487885e+01 
 4.60644974e+05 -6.17094384e+01  7.01438438e+01 
 4.71267322e+05 -6.20157854e+01  7.05338066e+01 
 4.82134619e+05 -6.23175541e+01  7.09185917e+01 
 4.93252513e+05 -6.26149275e+01  7.12981224e+01 
 5.04626783e+05 -6.29080820e+01  7.16723303e+01 
 5.16263340e+05 -6.31971875e+01  7.20411553e+01 
 5.28168234e+05 -6.34824076e+01  7.24045462e+01 
 5.40347650e+05 -6.37639000e+01  7.27624600e+01 
 5.52807921e+05 -6.40418168e+01  7.31148619e+01 
 5.65555523e+05 -6.43163040e+01  7.34617253e+01 
 5.78597080e+05 -6.45875025e+01  7.38030316e+01 
 5.91939372e+05 -6.48555478e+01  7.41387695e+01 
 6.05589334e+05 -6.51205704e+01  7.44689351e+01 
 6.19554061e+05 -6.53826956e+01  7.47935314e+01 
 6.33840810e+05 -6.56420443e+01  7.51125680e+01 
 6.48457008e+05 -6.58987323e+01  7.54260606e+01 
 6.63410251e+05 -6.61528713e+01  7.57340309e+01 
 6.78708313e+05 -6.64045684e+01  7.60365059e+01 
 6.94359143e+05 -6.66539266e+01  7.63335178e+01 
 7.10370877e+05 -6.69010448e+01  7.66251034e+01 
 7.26751838e+05 -6.71460181e+01  7.69113041e+01 
 7.43510539e+05 -6.73889376e+01  7.71921652e+01 
 7.60655691e+05 -6.76298909e+01  7.74677356e+01 
 7.78196206e+05 -6.78689620e+01  7.77380677e+01 
 7.96141200e+05 -6.81062314e+01  7.80032170e+01 
 8.14500001e+05 -6.83417765e+01  7.82632415e+01 
 8.33282151e+05 -6.85756714e+01  7.85182020e+01 
 8.52497412e+05 -6.88079872e+01  7.87681611e+01 
 8.72155772e+05 -6.90387919e+01  7.90131838e+01 
 8.92267449e+05 -6.92681509e+01  7.92533364e+01 
 9.12842895e+05 -6.94961268e+01  7.94886869e+01 
 9.33892805e+05 -6.97227794e+01  7.97193043e+01 
 9.55428121e+05 -6.99481663e+01  7.99452591e+01 
 9.77460036e+05 -7.01723424e+01  8.01666221e+01 
 1.00000000e+06 -7.03953603e+01  8.03834653e+01 
 1.02305973e+06 -7.06172706e+01  8.05958608e+01 
 1.04665121e+06 -7.08381214e+01  8.08038814e+01 
 1.07078670e+06 -7.10579589e+01  8.10076000e+01 
 1.09547876e+06 -7.12768275e+01  8.12070895e+01 
 1.12074020e+06 -7.14947694e+01  8.14024230e+01 
 1.14658417e+06 -7.17118251e+01  8.15936734e+01 
 1.17302409e+06 -7.19280334e+01  8.17809137e+01 
 1.20007371e+06 -7.21434313e+01  8.19642153e+01 
 1.22774708e+06 -7.23580543e+01  8.21436506e+01 
 1.25605860e+06 -7.25719363e+01  8.23192911e+01 
 1.28502297e+06 -7.27851098e+01  8.24912076e+01 
 1.31465525e+06 -7.29976057e+01  8.26594705e+01 
 1.34497085e+06 -7.32094537e+01  8.28241493e+01 
 1.37598551e+06 -7.34206822e+01  8.29853129e+01 
 1.40771537e+06 -7.36313183e+01  8.31430294e+01 
 1.44017690e+06 -7.38413880e+01  8.32973662e+01 
 1.47338699e+06 -7.40509159e+01  8.34483897e+01 
 1.50736290e+06 -7.42599259e+01  8.35961654e+01 
 1.54212228e+06 -7.44684405e+01  8.37407581e+01 
 1.57768320e+06 -7.46764813e+01  8.38822315e+01 
 1.61406415e+06 -7.48840692e+01  8.40206482e+01 
 1.65128404e+06 -7.50912237e+01  8.41560702e+01 
 1.68936220e+06 -7.52979639e+01  8.42885582e+01 
 1.72831844e+06 -7.55043077e+01  8.44181721e+01 
 1.76817299e+06 -7.57102725e+01  8.45449705e+01 
 1.80894658e+06 -7.59158747e+01  8.46690113e+01 
 1.85066040e+06 -7.61211300e+01  8.47903511e+01 
 1.89333613e+06 -7.63260535e+01  8.49090457e+01 
 1.93699595e+06 -7.65306596e+01  8.50251496e+01 
 1.98166255e+06 -7.67349621e+01  8.51387165e+01 
 2.02735916e+06 -7.69389740e+01  8.52497993e+01 
 2.07410951e+06 -7.71427079e+01  8.53584487e+01 
 2.12193792e+06 -7.73461759e+01  8.54647158e+01 
 2.17086923e+06 -7.75493893e+01  8.55686498e+01 
 2.22092889e+06 -7.77523592e+01  8.56702992e+01 
 2.27214291e+06 -7.79550960e+01  8.57697115e+01 
 2.32453791e+06 -7.81576097e+01  8.58669331e+01 
 2.37814113e+06 -7.83599099e+01  8.59620093e+01 
 2.43298042e+06 -7.85620059e+01  8.60549846e+01 
 2.48908429e+06 -7.87639062e+01  8.61459025e+01 
 2.54648190e+06 -7.89656194e+01  8.62348055e+01 
 2.60520309e+06 -7.91671535e+01  8.63217354e+01 
 2.66527837e+06 -7.93685161e+01  8.64067324e+01 
 2.72673897e+06 -7.95697146e+01  8.64898364e+01 
 2.78961683e+06 -7.97707561e+01  8.65710863e+01 
 2.85394464e+06 -7.99716473e+01  8.66505200e+01 
 2.91975583e+06 -8.01723947e+01  8.67281748e+01 
 2.98708461e+06 -8.03730045e+01  8.68040869e+01 
 3.05596598e+06 -8.05734826e+01  8.68782918e+01 
 3.12643573e+06 -8.07738349e+01  8.69508245e+01 
 3.19853049e+06 -8.09740667e+01  8.70217184e+01 
 3.27228774e+06 -8.11741834e+01  8.70910070e+01 
 3.34774581e+06 -8.13741900e+01  8.71587228e+01 
 3.42494392e+06 -8.15740914e+01  8.72248976e+01 
 3.50392221e+06 -8.17738923e+01  8.72895628e+01 
 3.58472171e+06 -8.19735972e+01  8.73527484e+01 
 3.66738442e+06 -8.21732105e+01  8.74144847e+01 
 3.75195331e+06 -8.23727364e+01  8.74748008e+01 
 3.83847234e+06 -8.25721788e+01  8.75337258e+01 
 3.92698648e+06 -8.27715418e+01  8.75912874e+01 
 4.01754173e+06 -8.29708289e+01  8.76475135e+01 
 4.11018515e+06 -8.31700439e+01  8.77024314e+01 
 4.20496491e+06 -8.33691903e+01  8.77560678e+01 
 4.30193027e+06 -8.35682713e+01  8.78084488e+01 
 4.40113162e+06 -8.37672902e+01  8.78596002e+01 
 4.50262052e+06 -8.39662503e+01  8.79095478e+01 
 4.60644974e+06 -8.41651544e+01  8.79583162e+01 
 4.71267322e+06 -8.43640055e+01  8.80059301e+01 
 4.82134619e+06 -8.45628063e+01  8.80524141e+01 
 4.93252513e+06 -8.47615597e+01  8.80977917e+01 
 5.04626783e+06 -8.49602682e+01  8.81420868e+01 
 5.16263340e+06 -8.51589342e+01  8.81853223e+01 
 5.28168234e+06 -8.53575603e+01  8.82275214e+01 
 5.40347650e+06 -8.55561486e+01  8.82687068e+01 
 5.52807921e+06 -8.57547015e+01  8.83089004e+01 
 5.65555523e+06 -8.59532211e+01  8.83481247e+01 
 5.78597080e+06 -8.61517094e+01  8.83864011e+01 
 5.91939372e+06 -8.63501683e+01  8.84237510e+01 
 6.05589334e+06 -8.65485998e+01  8.84601957e+01 
 6.19554061e+06 -8.67470057e+01  8.84957558e+01 
 6.33840810e+06 -8.69453876e+01  8.85304521e+01 
 6.48457008e+06 -8.71437471e+01  8.85643048e+01 
 6.63410251e+06 -8.73420859e+01  8.85973336e+01 
 6.78708313e+06 -8.75404054e+01  8.86295584e+01 
 6.94359143e+06 -8.77387071e+01  8.86609986e+01 
 7.10370877e+06 -8.79369921e+01  8.86916731e+01 
 7.26751838e+06 -8.81352618e+01  8.87216007e+01 
 7.43510539e+06 -8.83335174e+01  8.87507999e+01 
 7.60655691e+06 -8.85317600e+01  8.87792888e+01 
 7.78196206e+06 -8.87299907e+01  8.88070852e+01 
 7.96141200e+06 -8.89282103e+01  8.88342066e+01 
 8.14500001e+06 -8.91264199e+01  8.88606703e+01 
 8.33282151e+06 -8.93246204e+01  8.88864930e+01 
 8.52497412e+06 -8.95228124e+01  8.89116913e+01 
 8.72155772e+06 -8.97209969e+01  8.89362814e+01 
 8.92267449e+06 -8.99191744e+01  8.89602793e+01 
 9.12842895e+06 -9.01173456e+01  8.89837003e+01 
 9.33892805e+06 -9.03155112e+01  8.90065598e+01 
 9.55428121e+06 -9.05136716e+01  8.90288725e+01 
 9.77460036e+06 -9.07118273e+01  8.90506531e+01 
 1.00000000e+07 -9.09099789e+01  8.90719157e+01 
 1.02305973e+07 -9.11081267e+01  8.90926742e+01 
 1.04665121e+07 -9.13062712e+01  8.91129422e+01 
 1.07078670e+07 -9.15044125e+01  8.91327327e+01 
 1.09547876e+07 -9.17025512e+01  8.91520586e+01 
 1.12074020e+07 -9.19006873e+01  8.91709326e+01 
 1.14658417e+07 -9.20988212e+01  8.91893667e+01 
 1.17302409e+07 -9.22969531e+01  8.92073728e+01 
 1.20007371e+07 -9.24950831e+01  8.92249624e+01 
 1.22774708e+07 -9.26932115e+01  8.92421468e+01 
 1.25605860e+07 -9.28913382e+01  8.92589369e+01 
 1.28502297e+07 -9.30894635e+01  8.92753432e+01 
 1.31465525e+07 -9.32875874e+01  8.92913761e+01 
 1.34497085e+07 -9.34857100e+01  8.93070453e+01 
 1.37598551e+07 -9.36838314e+01  8.93223607e+01 
 1.40771537e+07 -9.38819515e+01  8.93373315e+01 
 1.44017690e+07 -9.40800704e+01  8.93519668e+01 
 1.47338699e+07 -9.42781881e+01  8.93662755e+01 
 1.50736290e+07 -9.44763046e+01  8.93802659e+01 
 1.54212228e+07 -9.46744199e+01  8.93939464e+01 
 1.57768320e+07 -9.48725340e+01  8.94073249e+01 
 1.61406415e+07 -9.50706467e+01  8.94204090e+01 
 1.65128404e+07 -9.52687582e+01  8.94332063e+01 
 1.68936220e+07 -9.54668683e+01  8.94457238e+01 
 1.72831844e+07 -9.56649770e+01  8.94579685e+01 
 1.76817299e+07 -9.58630842e+01  8.94699472e+01 
 1.80894658e+07 -9.60611899e+01  8.94816664e+01 
 1.85066040e+07 -9.62592941e+01  8.94931322e+01 
 1.89333613e+07 -9.64573967e+01  8.95043507e+01 
 1.93699595e+07 -9.66554976e+01  8.95153279e+01 
 1.98166255e+07 -9.68535967e+01  8.95260692e+01 
 2.02735916e+07 -9.70516942e+01  8.95365803e+01 
 2.07410951e+07 -9.72497897e+01  8.95468663e+01 
 2.12193792e+07 -9.74478834e+01  8.95569324e+01 
 2.17086923e+07 -9.76459752e+01  8.95667834e+01 
 2.22092889e+07 -9.78440651e+01  8.95764242e+01 
 2.27214291e+07 -9.80421530e+01  8.95858594e+01 
 2.32453791e+07 -9.82402388e+01  8.95950934e+01 
 2.37814113e+07 -9.84383226e+01  8.96041306e+01 
 2.43298042e+07 -9.86364043e+01  8.96129751e+01 
 2.48908429e+07 -9.88344839e+01  8.96216310e+01 
 2.54648190e+07 -9.90325615e+01  8.96301023e+01 
 2.60520309e+07 -9.92306369e+01  8.96383928e+01 
 2.66527837e+07 -9.94287102e+01  8.96465061e+01 
 2.72673897e+07 -9.96267813e+01  8.96544460e+01 
 2.78961683e+07 -9.98248504e+01  8.96622159e+01 
 2.85394464e+07 -1.00022917e+02  8.96698192e+01 
 2.91975583e+07 -1.00220982e+02  8.96772593e+01 
 2.98708461e+07 -1.00419045e+02  8.96845394e+01 
 3.05596598e+07 -1.00617106e+02  8.96916627e+01 
 3.12643573e+07 -1.00815164e+02  8.96986322e+01 
 3.19853049e+07 -1.01013221e+02  8.97054510e+01 
 3.27228774e+07 -1.01211276e+02  8.97121221e+01 
 3.34774581e+07 -1.01409328e+02  8.97186484e+01 
 3.42494392e+07 -1.01607379e+02  8.97250326e+01 
 3.50392221e+07 -1.01805428e+02  8.97312775e+01 
 3.58472171e+07 -1.02003476e+02  8.97373859e+01 
 3.66738442e+07 -1.02201521e+02  8.97433604e+01 
 3.75195331e+07 -1.02399565e+02  8.97492036e+01 
 3.83847234e+07 -1.02597607e+02  8.97549181e+01 
 3.92698648e+07 -1.02795648e+02  8.97605065e+01 
 4.01754173e+07 -1.02993687e+02  8.97659711e+01 
 4.11018515e+07 -1.03191724e+02  8.97713145e+01 
 4.20496491e+07 -1.03389760e+02  8.97765390e+01 
 4.30193027e+07 -1.03587795e+02  8.97816471e+01 
 4.40113162e+07 -1.03785828e+02  8.97866409e+01 
 4.50262052e+07 -1.03983860e+02  8.97915229e+01 
 4.60644974e+07 -1.04181891e+02  8.97962953e+01 
 4.71267322e+07 -1.04379921e+02  8.98009603e+01 
 4.82134619e+07 -1.04577949e+02  8.98055200e+01 
 4.93252513e+07 -1.04775977e+02  8.98099767e+01 
 5.04626783e+07 -1.04974004e+02  8.98143325e+01 
 5.16263340e+07 -1.05172029e+02  8.98185894e+01 
 5.28168234e+07 -1.05370054e+02  8.98227496e+01 
 5.40347650e+07 -1.05568078e+02  8.98268150e+01 
 5.52807921e+07 -1.05766102e+02  8.98307877e+01 
 5.65555523e+07 -1.05964124e+02  8.98346696e+01 
 5.78597080e+07 -1.06162146e+02  8.98384627e+01 
 5.91939372e+07 -1.06360167e+02  8.98421689e+01 
 6.05589334e+07 -1.06558188e+02  8.98457901e+01 
 6.19554061e+07 -1.06756208e+02  8.98493280e+01 
 6.33840810e+07 -1.06954228e+02  8.98527847e+01 
 6.48457008e+07 -1.07152247e+02  8.98561617e+01 
 6.63410251e+07 -1.07350266e+02  8.98594609e+01 
 6.78708313e+07 -1.07548285e+02  8.98626841e+01 
 6.94359143e+07 -1.07746303e+02  8.98658329e+01 
 7.10370877e+07 -1.07944321e+02  8.98689090e+01 
 7.26751838e+07 -1.08142339e+02  8.98719141e+01 
 7.43510539e+07 -1.08340356e+02  8.98748497e+01 
 7.60655691e+07 -1.08538373e+02  8.98777174e+01 
 7.78196206e+07 -1.08736390e+02  8.98805188e+01 
 7.96141200e+07 -1.08934407e+02  8.98832554e+01 
 8.14500001e+07 -1.09132424e+02  8.98859287e+01 
 8.33282151e+07 -1.09330440e+02  8.98885402e+01 
 8.52497412e+07 -1.09528457e+02  8.98910912e+01 
 8.72155772e+07 -1.09726473e+02  8.98935833e+01 
 8.92267449e+07 -1.09924490e+02  8.98960177e+01 
 9.12842895e+07 -1.10122506e+02  8.98983958e+01 
 9.33892805e+07 -1.10320522e+02  8.99007189e+01 
 9.55428121e+07 -1.10518539e+02  8.99029884e+01 
 9.77460036e+07 -1.10716555e+02  8.99052054e+01 
 1.00000000e+08 -1.10914571e+02  8.99073712e+01 
 1.02305973e+08 -1.11112588e+02  8.99094870e+01 
 1.04665121e+08 -1.11310604e+02  8.99115540e+01 
 1.07078670e+08 -1.11508620e+02  8.99135733e+01 
 1.09547876e+08 -1.11706637e+02  8.99155461e+01 
 1.12074020e+08 -1.11904653e+02  8.99174734e+01 
 1.14658417e+08 -1.12102670e+02  8.99193563e+01 
 1.17302409e+08 -1.12300686e+02  8.99211959e+01 
 1.20007371e+08 -1.12498703e+02  8.99229932e+01 
 1.22774708e+08 -1.12696719e+02  8.99247492e+01 
 1.25605860e+08 -1.12894736e+02  8.99264649e+01 
 1.28502297e+08 -1.13092753e+02  8.99281412e+01 
 1.31465525e+08 -1.13290770e+02  8.99297790e+01 
 1.34497085e+08 -1.13488787e+02  8.99313793e+01 
 1.37598551e+08 -1.13686804e+02  8.99329429e+01 
 1.40771537e+08 -1.13884821e+02  8.99344707e+01 
 1.44017690e+08 -1.14082838e+02  8.99359636e+01 
 1.47338699e+08 -1.14280855e+02  8.99374224e+01 
 1.50736290e+08 -1.14478873e+02  8.99388478e+01 
 1.54212228e+08 -1.14676890e+02  8.99402407e+01 
 1.57768320e+08 -1.14874907e+02  8.99416018e+01 
 1.61406415e+08 -1.15072925e+02  8.99429319e+01 
 1.65128404e+08 -1.15270943e+02  8.99442317e+01 
 1.68936220e+08 -1.15468960e+02  8.99455019e+01 
 1.72831844e+08 -1.15666978e+02  8.99467433e+01 
 1.76817299e+08 -1.15864996e+02  8.99479564e+01 
 1.80894658e+08 -1.16063014e+02  8.99491419e+01 
 1.85066040e+08 -1.16261032e+02  8.99503006e+01 
 1.89333613e+08 -1.16459050e+02  8.99514330e+01 
 1.93699595e+08 -1.16657068e+02  8.99525397e+01 
 1.98166255e+08 -1.16855086e+02  8.99536213e+01 
 2.02735916e+08 -1.17053104e+02  8.99546785e+01 
 2.07410951e+08 -1.17251123e+02  8.99557118e+01 
 2.12193792e+08 -1.17449141e+02  8.99567217e+01 
 2.17086923e+08 -1.17647159e+02  8.99577088e+01 
 2.22092889e+08 -1.17845178e+02  8.99586737e+01 
 2.27214291e+08 -1.18043196e+02  8.99596168e+01 
 2.32453791e+08 -1.18241215e+02  8.99605386e+01 
 2.37814113e+08 -1.18439233e+02  8.99614397e+01 
 2.43298042e+08 -1.18637252e+02  8.99623205e+01 
 2.48908429e+08 -1.18835271e+02  8.99631816e+01 
 2.54648190e+08 -1.19033289e+02  8.99640233e+01 
 2.60520309e+08 -1.19231308e+02  8.99648461e+01 
 2.66527837e+08 -1.19429327e+02  8.99656505e+01 
 2.72673897e+08 -1.19627346e+02  8.99664368e+01 
 2.78961683e+08 -1.19825365e+02  8.99672056e+01 
 2.85394464e+08 -1.20023384e+02  8.99679571e+01 
 2.91975583e+08 -1.20221403e+02  8.99686919e+01 
 2.98708461e+08 -1.20419422e+02  8.99694103e+01 
 3.05596598e+08 -1.20617441e+02  8.99701127e+01 
 3.12643573e+08 -1.20815460e+02  8.99707994e+01 
 3.19853049e+08 -1.21013479e+02  8.99714708e+01 
 3.27228774e+08 -1.21211498e+02  8.99721273e+01 
 3.34774581e+08 -1.21409517e+02  8.99727692e+01 
 3.42494392e+08 -1.21607536e+02  8.99733969e+01 
 3.50392221e+08 -1.21805555e+02  8.99740107e+01 
 3.58472171e+08 -1.22003575e+02  8.99746109e+01 
 3.66738442e+08 -1.22201594e+02  8.99751979e+01 
 3.75195331e+08 -1.22399613e+02  8.99757718e+01 
 3.83847234e+08 -1.22597632e+02  8.99763332e+01 
 3.92698648e+08 -1.22795652e+02  8.99768821e+01 
 4.01754173e+08 -1.22993671e+02  8.99774190e+01 
 4.11018515e+08 -1.23191690e+02  8.99779441e+01 
 4.20496491e+08 -1.23389710e+02  8.99784577e+01 
 4.30193027e+08 -1.23587729e+02  8.99789601e+01 
 4.40113162e+08 -1.23785749e+02  8.99794515e+01 
 4.50262052e+08 -1.23983768e+02  8.99799321e+01 
 4.60644974e+08 -1.24181787e+02  8.99804023e+01 
 4.71267322e+08 -1.24379807e+02  8.99808623e+01 
 4.82134619e+08 -1.24577826e+02  8.99813123e+01 
 4.93252513e+08 -1.24775846e+02  8.99817526e+01 
 5.04626783e+08 -1.24973865e+02  8.99821833e+01 
 5.16263340e+08 -1.25171885e+02  8.99826048e+01 
 5.28168234e+08 -1.25369904e+02  8.99830171e+01 
 5.40347650e+08 -1.25567924e+02  8.99834207e+01 
 5.52807921e+08 -1.25765944e+02  8.99838156e+01 
 5.65555523e+08 -1.25963963e+02  8.99842021e+01 
 5.78597080e+08 -1.26161983e+02  8.99845803e+01 
 5.91939372e+08 -1.26360002e+02  8.99849505e+01 
 6.05589334e+08 -1.26558022e+02  8.99853129e+01 
 6.19554061e+08 -1.26756041e+02  8.99856676e+01 
 6.33840810e+08 -1.26954061e+02  8.99860149e+01 
 6.48457008e+08 -1.27152081e+02  8.99863549e+01 
 6.63410251e+08 -1.27350100e+02  8.99866877e+01 
 6.78708313e+08 -1.27548120e+02  8.99870137e+01 
 6.94359143e+08 -1.27746140e+02  8.99873329e+01 
 7.10370877e+08 -1.27944159e+02  8.99876454e+01 
 7.26751838e+08 -1.28142179e+02  8.99879516e+01 
 7.43510539e+08 -1.28340199e+02  8.99882515e+01 
 7.60655691e+08 -1.28538218e+02  8.99885453e+01 
 7.78196206e+08 -1.28736238e+02  8.99888331e+01 
 7.96141200e+08 -1.28934258e+02  8.99891151e+01 
 8.14500001e+08 -1.29132277e+02  8.99893914e+01 
 8.33282151e+08 -1.29330297e+02  8.99896622e+01 
 8.52497412e+08 -1.29528317e+02  8.99899277e+01 
 8.72155772e+08 -1.29726336e+02  8.99901879e+01 
 8.92267449e+08 -1.29924356e+02  8.99904430e+01 
 9.12842895e+08 -1.30122376e+02  8.99906931e+01 
 9.33892805e+08 -1.30320395e+02  8.99909384e+01 
 9.55428121e+08 -1.30518415e+02  8.99911789e+01 
 9.77460036e+08 -1.30716435e+02  8.99914149e+01 
 1.00000000e+09 -1.30914455e+02  8.99916464e+01 
