 frequency       v(Zin_dm)       v(Zin_dm)      
 1.00000000e-02  2.31635795e+07 -4.82288457e+11 
 1.02305973e-02  2.31624411e+07 -4.71417726e+11 
 1.04665121e-02  2.31612496e+07 -4.60792023e+11 
 1.07078670e-02  2.31600027e+07 -4.50405823e+11 
 1.09547876e-02  2.31586978e+07 -4.40253728e+11 
 1.12074020e-02  2.31573321e+07 -4.30330462e+11 
 1.14658417e-02  2.31559030e+07 -4.20630867e+11 
 1.17302409e-02  2.31544073e+07 -4.11149902e+11 
 1.20007371e-02  2.31528421e+07 -4.01882638e+11 
 1.22774708e-02  2.31512040e+07 -3.92824258e+11 
 1.25605860e-02  2.31494898e+07 -3.83970055e+11 
 1.28502297e-02  2.31476960e+07 -3.75315427e+11 
 1.31465525e-02  2.31458187e+07 -3.66855874e+11 
 1.34497085e-02  2.31438542e+07 -3.58587001e+11 
 1.37598551e-02  2.31417983e+07 -3.50504509e+11 
 1.40771537e-02  2.31396470e+07 -3.42604196e+11 
 1.44017690e-02  2.31373958e+07 -3.34881958e+11 
 1.47338699e-02  2.31350400e+07 -3.27333780e+11 
 1.50736290e-02  2.31325748e+07 -3.19955738e+11 
 1.54212228e-02  2.31299951e+07 -3.12743999e+11 
 1.57768320e-02  2.31272958e+07 -3.05694813e+11 
 1.61406415e-02  2.31244712e+07 -2.98804516e+11 
 1.65128404e-02  2.31215155e+07 -2.92069528e+11 
 1.68936220e-02  2.31184228e+07 -2.85486348e+11 
 1.72831844e-02  2.31151867e+07 -2.79051553e+11 
 1.76817299e-02  2.31118006e+07 -2.72761800e+11 
 1.80894658e-02  2.31082576e+07 -2.66613819e+11 
 1.85066040e-02  2.31045505e+07 -2.60604414e+11 
 1.89333613e-02  2.31006717e+07 -2.54730463e+11 
 1.93699595e-02  2.30966134e+07 -2.48988912e+11 
 1.98166255e-02  2.30923673e+07 -2.43376777e+11 
 2.02735916e-02  2.30879248e+07 -2.37891140e+11 
 2.07410951e-02  2.30832769e+07 -2.32529151e+11 
 2.12193792e-02  2.30784141e+07 -2.27288023e+11 
 2.17086923e-02  2.30733267e+07 -2.22165031e+11 
 2.22092889e-02  2.30680044e+07 -2.17157512e+11 
 2.27214291e-02  2.30624365e+07 -2.12262865e+11 
 2.32453791e-02  2.30566117e+07 -2.07478545e+11 
 2.37814113e-02  2.30505183e+07 -2.02802064e+11 
 2.43298042e-02  2.30441441e+07 -1.98230994e+11 
 2.48908429e-02  2.30374763e+07 -1.93762956e+11 
 2.54648190e-02  2.30305016e+07 -1.89395630e+11 
 2.60520309e-02  2.30232061e+07 -1.85126746e+11 
 2.66527837e-02  2.30155752e+07 -1.80954083e+11 
 2.72673897e-02  2.30075938e+07 -1.76875475e+11 
 2.78961683e-02  2.29992460e+07 -1.72888800e+11 
 2.85394464e-02  2.29905152e+07 -1.68991986e+11 
 2.91975583e-02  2.29813843e+07 -1.65183009e+11 
 2.98708461e-02  2.29718353e+07 -1.61459888e+11 
 3.05596598e-02  2.29618492e+07 -1.57820688e+11 
 3.12643573e-02  2.29514067e+07 -1.54263518e+11 
 3.19853049e-02  2.29404872e+07 -1.50786529e+11 
 3.27228774e-02  2.29290695e+07 -1.47387913e+11 
 3.34774581e-02  2.29171314e+07 -1.44065905e+11 
 3.42494392e-02  2.29046496e+07 -1.40818776e+11 
 3.50392221e-02  2.28916003e+07 -1.37644840e+11 
 3.58472171e-02  2.28779581e+07 -1.34542447e+11 
 3.66738442e-02  2.28636970e+07 -1.31509985e+11 
 3.75195331e-02  2.28487898e+07 -1.28545877e+11 
 3.83847234e-02  2.28332080e+07 -1.25648582e+11 
 3.92698648e-02  2.28169221e+07 -1.22816595e+11 
 4.01754173e-02  2.27999015e+07 -1.20048443e+11 
 4.11018515e-02  2.27821141e+07 -1.17342689e+11 
 4.20496491e-02  2.27635267e+07 -1.14697924e+11 
 4.30193027e-02  2.27441049e+07 -1.12112776e+11 
 4.40113162e-02  2.27238126e+07 -1.09585900e+11 
 4.50262052e-02  2.27026126e+07 -1.07115982e+11 
 4.60644974e-02  2.26804661e+07 -1.04701739e+11 
 4.71267322e-02  2.26573329e+07 -1.02341917e+11 
 4.82134619e-02  2.26331712e+07 -1.00035287e+11 
 4.93252513e-02  2.26079378e+07 -9.77806527e+10 
 5.04626783e-02  2.25815876e+07 -9.55768407e+10 
 5.16263340e-02  2.25540742e+07 -9.34227059e+10 
 5.28168234e-02  2.25253493e+07 -9.13171285e+10 
 5.40347650e-02  2.24953630e+07 -8.92590142e+10 
 5.52807921e-02  2.24640636e+07 -8.72472931e+10 
 5.65555523e-02  2.24313976e+07 -8.52809197e+10 
 5.78597080e-02  2.23973098e+07 -8.33588718e+10 
 5.91939372e-02  2.23617430e+07 -8.14801504e+10 
 6.05589334e-02  2.23246384e+07 -7.96437789e+10 
 6.19554061e-02  2.22859351e+07 -7.78488029e+10 
 6.33840810e-02  2.22455703e+07 -7.60942893e+10 
 6.48457008e-02  2.22034796e+07 -7.43793262e+10 
 6.63410251e-02  2.21595963e+07 -7.27030220e+10 
 6.78708313e-02  2.21138521e+07 -7.10645056e+10 
 6.94359143e-02  2.20661767e+07 -6.94629251e+10 
 7.10370877e-02  2.20164979e+07 -6.78974481e+10 
 7.26751838e-02  2.19647417e+07 -6.63672608e+10 
 7.43510539e-02  2.19108322e+07 -6.48715679e+10 
 7.60655691e-02  2.18546918e+07 -6.34095918e+10 
 7.78196206e-02  2.17962412e+07 -6.19805726e+10 
 7.96141200e-02  2.17353994e+07 -6.05837675e+10 
 8.14500001e-02  2.16720837e+07 -5.92184503e+10 
 8.33282151e-02  2.16062100e+07 -5.78839115e+10 
 8.52497412e-02  2.15376929e+07 -5.65794571e+10 
 8.72155772e-02  2.14664456e+07 -5.53044091e+10 
 8.92267449e-02  2.13923800e+07 -5.40581047e+10 
 9.12842895e-02  2.13154073e+07 -5.28398960e+10 
 9.33892805e-02  2.12354377e+07 -5.16491497e+10 
 9.55428121e-02  2.11523808e+07 -5.04852468e+10 
 9.77460036e-02  2.10661456e+07 -4.93475822e+10 
 1.00000000e-01  2.09766411e+07 -4.82355644e+10 
 1.02305973e-01  2.08837761e+07 -4.71486154e+10 
 1.04665121e-01  2.07874598e+07 -4.60861700e+10 
 1.07078670e-01  2.06876020e+07 -4.50476758e+10 
 1.09547876e-01  2.05841134e+07 -4.40325931e+10 
 1.12074020e-01  2.04769056e+07 -4.30403939e+10 
 1.14658417e-01  2.03658921e+07 -4.20705624e+10 
 1.17302409e-01  2.02509883e+07 -4.11225943e+10 
 1.20007371e-01  2.01321116e+07 -4.01959968e+10 
 1.22774708e-01  2.00091827e+07 -3.92902881e+10 
 1.25605860e-01  1.98821250e+07 -3.84049972e+10 
 1.28502297e-01  1.97508657e+07 -3.75396637e+10 
 1.31465525e-01  1.96153363e+07 -3.66938378e+10 
 1.34497085e-01  1.94754728e+07 -3.58670795e+10 
 1.37598551e-01  1.93312162e+07 -3.50589588e+10 
 1.40771537e-01  1.91825134e+07 -3.42690557e+10 
 1.44017690e-01  1.90293173e+07 -3.34969592e+10 
 1.47338699e-01  1.88715877e+07 -3.27422678e+10 
 1.50736290e-01  1.87092916e+07 -3.20045891e+10 
 1.54212228e-01  1.85424038e+07 -3.12835392e+10 
 1.57768320e-01  1.83709074e+07 -3.05787433e+10 
 1.61406415e-01  1.81947947e+07 -2.98898347e+10 
 1.65128404e-01  1.80140671e+07 -2.92164552e+10 
 1.68936220e-01  1.78287360e+07 -2.85582544e+10 
 1.72831844e-01  1.76388234e+07 -2.79148899e+10 
 1.76817299e-01  1.74443618e+07 -2.72860272e+10 
 1.80894658e-01  1.72453952e+07 -2.66713390e+10 
 1.85066040e-01  1.70419793e+07 -2.60705056e+10 
 1.89333613e-01  1.68341815e+07 -2.54832146e+10 
 1.93699595e-01  1.66220817e+07 -2.49091602e+10 
 1.98166255e-01  1.64057720e+07 -2.43480440e+10 
 2.02735916e-01  1.61853574e+07 -2.37995739e+10 
 2.07410951e-01  1.59609554e+07 -2.32634648e+10 
 2.12193792e-01  1.57326964e+07 -2.27394376e+10 
 2.17086923e-01  1.55007232e+07 -2.22272198e+10 
 2.22092889e-01  1.52651912e+07 -2.17265448e+10 
 2.27214291e-01  1.50262686e+07 -2.12371523e+10 
 2.32453791e-01  1.47841348e+07 -2.07587877e+10 
 2.37814113e-01  1.45389815e+07 -2.02912021e+10 
 2.43298042e-01  1.42910112e+07 -1.98341522e+10 
 2.48908429e-01  1.40404370e+07 -1.93874004e+10 
 2.54648190e-01  1.37874821e+07 -1.89507143e+10 
 2.60520309e-01  1.35323790e+07 -1.85238667e+10 
 2.66527837e-01  1.32753684e+07 -1.81066356e+10 
 2.72673897e-01  1.30166988e+07 -1.76988041e+10 
 2.78961683e-01  1.27566254e+07 -1.73001601e+10 
 2.85394464e-01  1.24954091e+07 -1.69104963e+10 
 2.91975583e-01  1.22333154e+07 -1.65296101e+10 
 2.98708461e-01  1.19706133e+07 -1.61573035e+10 
 3.05596598e-01  1.17075747e+07 -1.57933829e+10 
 3.12643573e-01  1.14444726e+07 -1.54376591e+10 
 3.19853049e-01  1.11815802e+07 -1.50899474e+10 
 3.27228774e-01  1.09191701e+07 -1.47500669e+10 
 3.34774581e-01  1.06575128e+07 -1.44178410e+10 
 3.42494392e-01  1.03968755e+07 -1.40930972e+10 
 3.50392221e-01  1.01375213e+07 -1.37756667e+10 
 3.58472171e-01  9.87970846e+06 -1.34653846e+10 
 3.66738442e-01  9.62368843e+06 -1.31620898e+10 
 3.75195331e-01  9.36970580e+06 -1.28656247e+10 
 3.83847234e-01  9.11799694e+06 -1.25758354e+10 
 3.92698648e-01  8.86878940e+06 -1.22925715e+10 
 4.01754173e-01  8.62230110e+06 -1.20156859e+10 
 4.11018515e-01  8.37873961e+06 -1.17450348e+10 
 4.20496491e-01  8.13830163e+06 -1.14804778e+10 
 4.30193027e-01  7.90117240e+06 -1.12218776e+10 
 4.40113162e-01  7.66752533e+06 -1.09691000e+10 
 4.50262052e-01  7.43752167e+06 -1.07220138e+10 
 4.60644974e-01  7.21131025e+06 -1.04804908e+10 
 4.71267322e-01  6.98902724e+06 -1.02444058e+10 
 4.82134619e-01  6.77079612e+06 -1.00136364e+10 
 4.93252513e-01  6.55672766e+06 -9.78806269e+09 
 5.04626783e-01  6.34691995e+06 -9.56756783e+09 
 5.16263340e-01  6.14145856e+06 -9.35203746e+09 
 5.28168234e-01  5.94041665e+06 -9.14135981e+09 
 5.40347650e-01  5.74385536e+06 -8.93542564e+09 
 5.52807921e-01  5.55182399e+06 -8.73412819e+09 
 5.65555523e-01  5.36436041e+06 -8.53736308e+09 
 5.78597080e-01  5.18149147e+06 -8.34502832e+09 
 5.91939372e-01  5.00323327e+06 -8.15702420e+09 
 6.05589334e-01  4.82959202e+06 -7.97325325e+09 
 6.19554061e-01  4.66056410e+06 -7.79362023e+09 
 6.33840810e-01  4.49613674e+06 -7.61803200e+09 
 6.48457008e-01  4.33628856e+06 -7.44639756e+09 
 6.63410251e-01  4.18099023e+06 -7.27862794e+09 
 6.78708313e-01  4.03020477e+06 -7.11463618e+09 
 6.94359143e-01  3.88388817e+06 -6.95433728e+09 
 7.10370877e-01  3.74199006e+06 -6.79764813e+09 
 7.26751838e-01  3.60445416e+06 -6.64448752e+09 
 7.43510539e-01  3.47121877e+06 -6.49477606e+09 
 7.60655691e-01  3.34221731e+06 -6.34843615e+09 
 7.78196206e-01  3.21737893e+06 -6.20539191e+09 
 7.96141200e-01  3.09662885e+06 -6.06556919e+09 
 8.14500001e-01  2.97988886e+06 -5.92889551e+09 
 8.33282151e-01  2.86707785e+06 -5.79530001e+09 
 8.52497412e-01  2.75811214e+06 -5.66471342e+09 
 8.72155772e-01  2.65290601e+06 -5.53706804e+09 
 8.92267449e-01  2.55137192e+06 -5.41229768e+09 
 9.12842895e-01  2.45342103e+06 -5.29033765e+09 
 9.33892805e-01  2.35896344e+06 -5.17112470e+09 
 9.55428121e-01  2.26790857e+06 -5.05459702e+09 
 9.77460036e-01  2.18016539e+06 -4.94069416e+09 
 1.00000000e+00  2.09564279e+06 -4.82935705e+09 
 1.02305973e+00  2.01424970e+06 -4.72052796e+09 
 1.04665121e+00  1.93589550e+06 -4.61415043e+09 
 1.07078670e+00  1.86049007e+06 -4.51016928e+09 
 1.09547876e+00  1.78794403e+06 -4.40853057e+09 
 1.12074020e+00  1.71816899e+06 -4.30918157e+09 
 1.14658417e+00  1.65107757e+06 -4.21207075e+09 
 1.17302409e+00  1.58658368e+06 -4.11714772e+09 
 1.20007371e+00  1.52460257e+06 -4.02436322e+09 
 1.22774708e+00  1.46505089e+06 -3.93366912e+09 
 1.25605860e+00  1.40784688e+06 -3.84501835e+09 
 1.28502297e+00  1.35291044e+06 -3.75836491e+09 
 1.31465525e+00  1.30016309e+06 -3.67366382e+09 
 1.34497085e+00  1.24952819e+06 -3.59087114e+09 
 1.37598551e+00  1.20093085e+06 -3.50994388e+09 
 1.40771537e+00  1.15429804e+06 -3.43084005e+09 
 1.44017690e+00  1.10955858e+06 -3.35351858e+09 
 1.47338699e+00  1.06664320e+06 -3.27793934e+09 
 1.50736290e+00  1.02548450e+06 -3.20406309e+09 
 1.54212228e+00  9.86017001e+05 -3.13185148e+09 
 1.57768320e+00  9.48177090e+05 -3.06126703e+09 
 1.61406415e+00  9.11903106e+05 -2.99227309e+09 
 1.65128404e+00  8.77135208e+05 -2.92483383e+09 
 1.68936220e+00  8.43815442e+05 -2.85891424e+09 
 1.72831844e+00  8.11887716e+05 -2.79448009e+09 
 1.76817299e+00  7.81297707e+05 -2.73149792e+09 
 1.80894658e+00  7.51992921e+05 -2.66993503e+09 
 1.85066040e+00  7.23922614e+05 -2.60975945e+09 
 1.89333613e+00  6.97037764e+05 -2.55093993e+09 
 1.93699595e+00  6.71291036e+05 -2.49344592e+09 
 1.98166255e+00  6.46636766e+05 -2.43724756e+09 
 2.02735916e+00  6.23030892e+05 -2.38231566e+09 
 2.07410951e+00  6.00430951e+05 -2.32862170e+09 
 2.12193792e+00  5.78796001e+05 -2.27613778e+09 
 2.17086923e+00  5.58086605e+05 -2.22483665e+09 
 2.22092889e+00  5.38264807e+05 -2.17469165e+09 
 2.27214291e+00  5.19294029e+05 -2.12567674e+09 
 2.32453791e+00  5.01139110e+05 -2.07776646e+09 
 2.37814113e+00  4.83766203e+05 -2.03093593e+09 
 2.43298042e+00  4.67142764e+05 -1.98516080e+09 
 2.48908429e+00  4.51237511e+05 -1.94041731e+09 
 2.54648190e+00  4.36020369e+05 -1.89668221e+09 
 2.60520309e+00  4.21462441e+05 -1.85393278e+09 
 2.66527837e+00  4.07535980e+05 -1.81214680e+09 
 2.72673897e+00  3.94214315e+05 -1.77130258e+09 
 2.78961683e+00  3.81471865e+05 -1.73137889e+09 
 2.85394464e+00  3.69284053e+05 -1.69235498e+09 
 2.91975583e+00  3.57627297e+05 -1.65421058e+09 
 2.98708461e+00  3.46478978e+05 -1.61692588e+09 
 3.05596598e+00  3.35817384e+05 -1.58048150e+09 
 3.12643573e+00  3.25621695e+05 -1.54485851e+09 
 3.19853049e+00  3.15871947e+05 -1.51003839e+09 
 3.27228774e+00  3.06548990e+05 -1.47600305e+09 
 3.34774581e+00  2.97634472e+05 -1.44273482e+09 
 3.42494392e+00  2.89110800e+05 -1.41021639e+09 
 3.50392221e+00  2.80961114e+05 -1.37843088e+09 
 3.58472171e+00  2.73169252e+05 -1.34736176e+09 
 3.66738442e+00  2.65719736e+05 -1.31699290e+09 
 3.75195331e+00  2.58597732e+05 -1.28730851e+09 
 3.83847234e+00  2.51789034e+05 -1.25829317e+09 
 3.92698648e+00  2.45280034e+05 -1.22993179e+09 
 4.01754173e+00  2.39057702e+05 -1.20220965e+09 
 4.11018515e+00  2.33109556e+05 -1.17511233e+09 
 4.20496491e+00  2.27423650e+05 -1.14862576e+09 
 4.30193027e+00  2.21988542e+05 -1.12273616e+09 
 4.40113162e+00  2.16793284e+05 -1.09743009e+09 
 4.50262052e+00  2.11827391e+05 -1.07269439e+09 
 4.60644974e+00  2.07080833e+05 -1.04851622e+09 
 4.71267322e+00  2.02544005e+05 -1.02488299e+09 
 4.82134619e+00  1.98207717e+05 -1.00178244e+09 
 4.93252513e+00  1.94063178e+05 -9.79202562e+08 
 5.04626783e+00  1.90101973e+05 -9.57131612e+08 
 5.16263340e+00  1.86316050e+05 -9.35558124e+08 
 5.28168234e+00  1.82697710e+05 -9.14470888e+08 
 5.40347650e+00  1.79239581e+05 -8.93858943e+08 
 5.52807921e+00  1.75934617e+05 -8.73711578e+08 
 5.65555523e+00  1.72776074e+05 -8.54018322e+08 
 5.78597080e+00  1.69757503e+05 -8.34768939e+08 
 5.91939372e+00  1.66872736e+05 -8.15953427e+08 
 6.05589334e+00  1.64115872e+05 -7.97562005e+08 
 6.19554061e+00  1.61481271e+05 -7.79585117e+08 
 6.33840810e+00  1.58963536e+05 -7.62013418e+08 
 6.48457008e+00  1.56557505e+05 -7.44837777e+08 
 6.63410251e+00  1.54258247e+05 -7.28049266e+08 
 6.78708313e+00  1.52061043e+05 -7.11639161e+08 
 6.94359143e+00  1.49961379e+05 -6.95598932e+08 
 7.10370877e+00  1.47954945e+05 -6.79920244e+08 
 7.26751838e+00  1.46037614e+05 -6.64594947e+08 
 7.43510539e+00  1.44205445e+05 -6.49615076e+08 
 7.60655691e+00  1.42454666e+05 -6.34972846e+08 
 7.78196206e+00  1.40781675e+05 -6.20660646e+08 
 7.96141200e+00  1.39183024e+05 -6.06671039e+08 
 8.14500001e+00  1.37655422e+05 -5.92996753e+08 
 8.33282151e+00  1.36195718e+05 -5.79630681e+08 
 8.52497412e+00  1.34800903e+05 -5.66565876e+08 
 8.72155772e+00  1.33468101e+05 -5.53795548e+08 
 8.92267449e+00  1.32194560e+05 -5.41313060e+08 
 9.12842895e+00  1.30977651e+05 -5.29111923e+08 
 9.33892805e+00  1.29814863e+05 -5.17185798e+08 
 9.55428121e+00  1.28703792e+05 -5.05528484e+08 
 9.77460036e+00  1.27642144e+05 -4.94133923e+08 
 1.00000000e+01  1.26627725e+05 -4.82996193e+08 
 1.02305973e+01  1.25658436e+05 -4.72109505e+08 
 1.04665121e+01  1.24732274e+05 -4.61468200e+08 
 1.07078670e+01  1.23847324e+05 -4.51066749e+08 
 1.09547876e+01  1.23001754e+05 -4.40899744e+08 
 1.12074020e+01  1.22193815e+05 -4.30961901e+08 
 1.14658417e+01  1.21421834e+05 -4.21248056e+08 
 1.17302409e+01  1.20684214e+05 -4.11753159e+08 
 1.20007371e+01  1.19979427e+05 -4.02472275e+08 
 1.22774708e+01  1.19306013e+05 -3.93400581e+08 
 1.25605860e+01  1.18662578e+05 -3.84533361e+08 
 1.28502297e+01  1.18047788e+05 -3.75866007e+08 
 1.31465525e+01  1.17460370e+05 -3.67394014e+08 
 1.34497085e+01  1.16899107e+05 -3.59112979e+08 
 1.37598551e+01  1.16362834e+05 -3.51018597e+08 
 1.40771537e+01  1.15850441e+05 -3.43106661e+08 
 1.44017690e+01  1.15360865e+05 -3.35373059e+08 
 1.47338699e+01  1.14893091e+05 -3.27813772e+08 
 1.50736290e+01  1.14446149e+05 -3.20424870e+08 
 1.54212228e+01  1.14019111e+05 -3.13202513e+08 
 1.57768320e+01  1.13611093e+05 -3.06142947e+08 
 1.61406415e+01  1.13221247e+05 -2.99242503e+08 
 1.65128404e+01  1.12848766e+05 -2.92497594e+08 
 1.68936220e+01  1.12492875e+05 -2.85904715e+08 
 1.72831844e+01  1.12152836e+05 -2.79460439e+08 
 1.76817299e+01  1.11827945e+05 -2.73161416e+08 
 1.80894658e+01  1.11517526e+05 -2.67004372e+08 
 1.85066040e+01  1.11220935e+05 -2.60986107e+08 
 1.89333613e+01  1.10937556e+05 -2.55103494e+08 
 1.93699595e+01  1.10666802e+05 -2.49353474e+08 
 1.98166255e+01  1.10408110e+05 -2.43733059e+08 
 2.02735916e+01  1.10160943e+05 -2.38239328e+08 
 2.07410951e+01  1.09924787e+05 -2.32869425e+08 
 2.12193792e+01  1.09699153e+05 -2.27620560e+08 
 2.17086923e+01  1.09483572e+05 -2.22490003e+08 
 2.22092889e+01  1.09277596e+05 -2.17475089e+08 
 2.27214291e+01  1.09080797e+05 -2.12573210e+08 
 2.32453791e+01  1.08892767e+05 -2.07781819e+08 
 2.37814113e+01  1.08713114e+05 -2.03098426e+08 
 2.43298042e+01  1.08541467e+05 -1.98520597e+08 
 2.48908429e+01  1.08377468e+05 -1.94045951e+08 
 2.54648190e+01  1.08220776e+05 -1.89672164e+08 
 2.60520309e+01  1.08071066e+05 -1.85396961e+08 
 2.66527837e+01  1.07928028e+05 -1.81218121e+08 
 2.72673897e+01  1.07791363e+05 -1.77133472e+08 
 2.78961683e+01  1.07660788e+05 -1.73140891e+08 
 2.85394464e+01  1.07536032e+05 -1.69238302e+08 
 2.91975583e+01  1.07416835e+05 -1.65423677e+08 
 2.98708461e+01  1.07302949e+05 -1.61695034e+08 
 3.05596598e+01  1.07194139e+05 -1.58050434e+08 
 3.12643573e+01  1.07090178e+05 -1.54487984e+08 
 3.19853049e+01  1.06990849e+05 -1.51005830e+08 
 3.27228774e+01  1.06895947e+05 -1.47602164e+08 
 3.34774581e+01  1.06805274e+05 -1.44275217e+08 
 3.42494392e+01  1.06718642e+05 -1.41023259e+08 
 3.50392221e+01  1.06635871e+05 -1.37844600e+08 
 3.58472171e+01  1.06556788e+05 -1.34737587e+08 
 3.66738442e+01  1.06481230e+05 -1.31700607e+08 
 3.75195331e+01  1.06409039e+05 -1.28732079e+08 
 3.83847234e+01  1.06340065e+05 -1.25830463e+08 
 3.92698648e+01  1.06274166e+05 -1.22994248e+08 
 4.01754173e+01  1.06211203e+05 -1.20221962e+08 
 4.11018515e+01  1.06151046e+05 -1.17512163e+08 
 4.20496491e+01  1.06093570e+05 -1.14863442e+08 
 4.30193027e+01  1.06038655e+05 -1.12274424e+08 
 4.40113162e+01  1.05986188e+05 -1.09743762e+08 
 4.50262052e+01  1.05936060e+05 -1.07270141e+08 
 4.60644974e+01  1.05888165e+05 -1.04852275e+08 
 4.71267322e+01  1.05842405e+05 -1.02488908e+08 
 4.82134619e+01  1.05798684e+05 -1.00178811e+08 
 4.93252513e+01  1.05756912e+05 -9.79207829e+07 
 5.04626783e+01  1.05717002e+05 -9.57136511e+07 
 5.16263340e+01  1.05678870e+05 -9.35562680e+07 
 5.28168234e+01  1.05642437e+05 -9.14475121e+07 
 5.40347650e+01  1.05607629e+05 -8.93862875e+07 
 5.52807921e+01  1.05574372e+05 -8.73715228e+07 
 5.65555523e+01  1.05542597e+05 -8.54021707e+07 
 5.78597080e+01  1.05512238e+05 -8.34772078e+07 
 5.91939372e+01  1.05483232e+05 -8.15956334e+07 
 6.05589334e+01  1.05455519e+05 -7.97564696e+07 
 6.19554061e+01  1.05429041e+05 -7.79587604e+07 
 6.33840810e+01  1.05403743e+05 -7.62015715e+07 
 6.48457008e+01  1.05379572e+05 -7.44839895e+07 
 6.63410251e+01  1.05356479e+05 -7.28051218e+07 
 6.78708313e+01  1.05334415e+05 -7.11640956e+07 
 6.94359143e+01  1.05313334e+05 -6.95600580e+07 
 7.10370877e+01  1.05293193e+05 -6.79921754e+07 
 7.26751838e+01  1.05273950e+05 -6.64596327e+07 
 7.43510539e+01  1.05255564e+05 -6.49616334e+07 
 7.60655691e+01  1.05237997e+05 -6.34973990e+07 
 7.78196206e+01  1.05221213e+05 -6.20661683e+07 
 7.96141200e+01  1.05205178e+05 -6.06671974e+07 
 8.14500001e+01  1.05189857e+05 -5.92997593e+07 
 8.33282151e+01  1.05175218e+05 -5.79631431e+07 
 8.52497412e+01  1.05161232e+05 -5.66566542e+07 
 8.72155772e+01  1.05147870e+05 -5.53796134e+07 
 8.92267449e+01  1.05135102e+05 -5.41313571e+07 
 9.12842895e+01  1.05122904e+05 -5.29112363e+07 
 9.33892805e+01  1.05111249e+05 -5.17186170e+07 
 9.55428121e+01  1.05100114e+05 -5.05528792e+07 
 9.77460036e+01  1.05089475e+05 -4.94134171e+07 
 1.00000000e+02  1.05079310e+05 -4.82996383e+07 
 1.02305973e+02  1.05069598e+05 -4.72109640e+07 
 1.04665121e+02  1.05060318e+05 -4.61468284e+07 
 1.07078670e+02  1.05051452e+05 -4.51066783e+07 
 1.09547876e+02  1.05042981e+05 -4.40899731e+07 
 1.12074020e+02  1.05034888e+05 -4.30961843e+07 
 1.14658417e+02  1.05027155e+05 -4.21247954e+07 
 1.17302409e+02  1.05019766e+05 -4.11753016e+07 
 1.20007371e+02  1.05012707e+05 -4.02472092e+07 
 1.22774708e+02  1.05005962e+05 -3.93400359e+07 
 1.25605860e+02  1.04999517e+05 -3.84533103e+07 
 1.28502297e+02  1.04993360e+05 -3.75865713e+07 
 1.31465525e+02  1.04987477e+05 -3.67393686e+07 
 1.34497085e+02  1.04981855e+05 -3.59112617e+07 
 1.37598551e+02  1.04976484e+05 -3.51018202e+07 
 1.40771537e+02  1.04971353e+05 -3.43106234e+07 
 1.44017690e+02  1.04966449e+05 -3.35372602e+07 
 1.47338699e+02  1.04961764e+05 -3.27813284e+07 
 1.50736290e+02  1.04957288e+05 -3.20424352e+07 
 1.54212228e+02  1.04953010e+05 -3.13201966e+07 
 1.57768320e+02  1.04948923e+05 -3.06142372e+07 
 1.61406415e+02  1.04945018e+05 -2.99241899e+07 
 1.65128404e+02  1.04941286e+05 -2.92496963e+07 
 1.68936220e+02  1.04937721e+05 -2.85904056e+07 
 1.72831844e+02  1.04934314e+05 -2.79459752e+07 
 1.76817299e+02  1.04931058e+05 -2.73160701e+07 
 1.80894658e+02  1.04927947e+05 -2.67003631e+07 
 1.85066040e+02  1.04924975e+05 -2.60985339e+07 
 1.89333613e+02  1.04922134e+05 -2.55102699e+07 
 1.93699595e+02  1.04919420e+05 -2.49352652e+07 
 1.98166255e+02  1.04916826e+05 -2.43732210e+07 
 2.02735916e+02  1.04914347e+05 -2.38238452e+07 
 2.07410951e+02  1.04911978e+05 -2.32868521e+07 
 2.12193792e+02  1.04909714e+05 -2.27619628e+07 
 2.17086923e+02  1.04907550e+05 -2.22489044e+07 
 2.22092889e+02  1.04905482e+05 -2.17474102e+07 
 2.27214291e+02  1.04903506e+05 -2.12572195e+07 
 2.32453791e+02  1.04901617e+05 -2.07780776e+07 
 2.37814113e+02  1.04899811e+05 -2.03097354e+07 
 2.43298042e+02  1.04898085e+05 -1.98519495e+07 
 2.48908429e+02  1.04896435e+05 -1.94044820e+07 
 2.54648190e+02  1.04894858e+05 -1.89671003e+07 
 2.60520309e+02  1.04893351e+05 -1.85395770e+07 
 2.66527837e+02  1.04891909e+05 -1.81216899e+07 
 2.72673897e+02  1.04890531e+05 -1.77132219e+07 
 2.78961683e+02  1.04889214e+05 -1.73139606e+07 
 2.85394464e+02  1.04887954e+05 -1.69236985e+07 
 2.91975583e+02  1.04886749e+05 -1.65422327e+07 
 2.98708461e+02  1.04885596e+05 -1.61693650e+07 
 3.05596598e+02  1.04884494e+05 -1.58049016e+07 
 3.12643573e+02  1.04883440e+05 -1.54486531e+07 
 3.19853049e+02  1.04882431e+05 -1.51004342e+07 
 3.27228774e+02  1.04881466e+05 -1.47600640e+07 
 3.34774581e+02  1.04880542e+05 -1.44273656e+07 
 3.42494392e+02  1.04879658e+05 -1.41021660e+07 
 3.50392221e+02  1.04878812e+05 -1.37842962e+07 
 3.58472171e+02  1.04878002e+05 -1.34735911e+07 
 3.66738442e+02  1.04877226e+05 -1.31698890e+07 
 3.75195331e+02  1.04876483e+05 -1.28730322e+07 
 3.83847234e+02  1.04875772e+05 -1.25828664e+07 
 3.92698648e+02  1.04875089e+05 -1.22992407e+07 
 4.01754173e+02  1.04874436e+05 -1.20220077e+07 
 4.11018515e+02  1.04873809e+05 -1.17510234e+07 
 4.20496491e+02  1.04873208e+05 -1.14861468e+07 
 4.30193027e+02  1.04872631e+05 -1.12272403e+07 
 4.40113162e+02  1.04872077e+05 -1.09741694e+07 
 4.50262052e+02  1.04871546e+05 -1.07268024e+07 
 4.60644974e+02  1.04871035e+05 -1.04850109e+07 
 4.71267322e+02  1.04870545e+05 -1.02486691e+07 
 4.82134619e+02  1.04870073e+05 -1.00176542e+07 
 4.93252513e+02  1.04869619e+05 -9.79184619e+06 
 5.04626783e+02  1.04869182e+05 -9.57112761e+06 
 5.16263340e+02  1.04868761e+05 -9.35538377e+06 
 5.28168234e+02  1.04868355e+05 -9.14450253e+06 
 5.40347650e+02  1.04867963e+05 -8.93837430e+06 
 5.52807921e+02  1.04867585e+05 -8.73689192e+06 
 5.65555523e+02  1.04867219e+05 -8.53995068e+06 
 5.78597080e+02  1.04866866e+05 -8.34744820e+06 
 5.91939372e+02  1.04866524e+05 -8.15928445e+06 
 6.05589334e+02  1.04866192e+05 -7.97536161e+06 
 6.19554061e+02  1.04865870e+05 -7.79558408e+06 
 6.33840810e+02  1.04865557e+05 -7.61985843e+06 
 6.48457008e+02  1.04865253e+05 -7.44809332e+06 
 6.63410251e+02  1.04864956e+05 -7.28019947e+06 
 6.78708313e+02  1.04864667e+05 -7.11608962e+06 
 6.94359143e+02  1.04864384e+05 -6.95567847e+06 
 7.10370877e+02  1.04864108e+05 -6.79888264e+06 
 7.26751838e+02  1.04863837e+05 -6.64562063e+06 
 7.43510539e+02  1.04863570e+05 -6.49581278e+06 
 7.60655691e+02  1.04863308e+05 -6.34938124e+06 
 7.78196206e+02  1.04863050e+05 -6.20624988e+06 
 7.96141200e+02  1.04862796e+05 -6.06634432e+06 
 8.14500001e+02  1.04862544e+05 -5.92959184e+06 
 8.33282151e+02  1.04862294e+05 -5.79592135e+06 
 8.52497412e+02  1.04862046e+05 -5.66526338e+06 
 8.72155772e+02  1.04861799e+05 -5.53755002e+06 
 8.92267449e+02  1.04861553e+05 -5.41271488e+06 
 9.12842895e+02  1.04861306e+05 -5.29069309e+06 
 9.33892805e+02  1.04861060e+05 -5.17142122e+06 
 9.55428121e+02  1.04860813e+05 -5.05483727e+06 
 9.77460036e+02  1.04860564e+05 -4.94088066e+06 
 1.00000000e+03  1.04860313e+05 -4.82949214e+06 
