 frequency       v(Amag_dB)      v(Aarg)        
 1.00000000e-02  1.02415412e+01  8.81082540e+01 
 1.02305973e-02  1.04393402e+01  8.80646637e+01 
 1.04665121e-02  1.06371290e+01  8.80200704e+01 
 1.07078670e-02  1.08349070e+01  8.79744514e+01 
 1.09547876e-02  1.10326737e+01  8.79277831e+01 
 1.12074020e-02  1.12304287e+01  8.78800414e+01 
 1.14658417e-02  1.14281713e+01  8.78312019e+01 
 1.17302409e-02  1.16259010e+01  8.77812394e+01 
 1.20007371e-02  1.18236172e+01  8.77301283e+01 
 1.22774708e-02  1.20213192e+01  8.76778423e+01 
 1.25605860e-02  1.22190064e+01  8.76243546e+01 
 1.28502297e-02  1.24166782e+01  8.75696378e+01 
 1.31465525e-02  1.26143337e+01  8.75136638e+01 
 1.34497085e-02  1.28119723e+01  8.74564040e+01 
 1.37598551e-02  1.30095932e+01  8.73978291e+01 
 1.40771537e-02  1.32071954e+01  8.73379091e+01 
 1.44017690e-02  1.34047782e+01  8.72766133e+01 
 1.47338699e-02  1.36023407e+01  8.72139106e+01 
 1.50736290e-02  1.37998819e+01  8.71497688e+01 
 1.54212228e-02  1.39974009e+01  8.70841554e+01 
 1.57768320e-02  1.41948965e+01  8.70170369e+01 
 1.61406415e-02  1.43923678e+01  8.69483791e+01 
 1.65128404e-02  1.45898135e+01  8.68781471e+01 
 1.68936220e-02  1.47872325e+01  8.68063053e+01 
 1.72831844e-02  1.49846236e+01  8.67328173e+01 
 1.76817299e-02  1.51819855e+01  8.66576458e+01 
 1.80894658e-02  1.53793168e+01  8.65807528e+01 
 1.85066040e-02  1.55766160e+01  8.65020994e+01 
 1.89333613e-02  1.57738818e+01  8.64216460e+01 
 1.93699595e-02  1.59711126e+01  8.63393519e+01 
 1.98166255e-02  1.61683066e+01  8.62551758e+01 
 2.02735916e-02  1.63654624e+01  8.61690754e+01 
 2.07410951e-02  1.65625780e+01  8.60810074e+01 
 2.12193792e-02  1.67596516e+01  8.59909278e+01 
 2.17086923e-02  1.69566813e+01  8.58987916e+01 
 2.22092889e-02  1.71536651e+01  8.58045526e+01 
 2.27214291e-02  1.73506008e+01  8.57081641e+01 
 2.32453791e-02  1.75474862e+01  8.56095781e+01 
 2.37814113e-02  1.77443190e+01  8.55087457e+01 
 2.43298042e-02  1.79410968e+01  8.54056169e+01 
 2.48908429e-02  1.81378171e+01  8.53001408e+01 
 2.54648190e-02  1.83344771e+01  8.51922656e+01 
 2.60520309e-02  1.85310741e+01  8.50819381e+01 
 2.66527837e-02  1.87276053e+01  8.49691043e+01 
 2.72673897e-02  1.89240675e+01  8.48537091e+01 
 2.78961683e-02  1.91204577e+01  8.47356962e+01 
 2.85394464e-02  1.93167725e+01  8.46150082e+01 
 2.91975583e-02  1.95130085e+01  8.44915869e+01 
 2.98708461e-02  1.97091621e+01  8.43653725e+01 
 3.05596598e-02  1.99052295e+01  8.42363043e+01 
 3.12643573e-02  2.01012067e+01  8.41043206e+01 
 3.19853049e-02  2.02970897e+01  8.39693584e+01 
 3.27228774e-02  2.04928741e+01  8.38313534e+01 
 3.34774581e-02  2.06885554e+01  8.36902404e+01 
 3.42494392e-02  2.08841290e+01  8.35459529e+01 
 3.50392221e-02  2.10795900e+01  8.33984231e+01 
 3.58472171e-02  2.12749332e+01  8.32475823e+01 
 3.66738442e-02  2.14701533e+01  8.30933604e+01 
 3.75195331e-02  2.16652447e+01  8.29356861e+01 
 3.83847234e-02  2.18602017e+01  8.27744872e+01 
 3.92698648e-02  2.20550180e+01  8.26096899e+01 
 4.01754173e-02  2.22496875e+01  8.24412197e+01 
 4.11018515e-02  2.24442034e+01  8.22690005e+01 
 4.20496491e-02  2.26385588e+01  8.20929552e+01 
 4.30193027e-02  2.28327467e+01  8.19130058e+01 
 4.40113162e-02  2.30267593e+01  8.17290728e+01 
 4.50262052e-02  2.32205891e+01  8.15410759e+01 
 4.60644974e-02  2.34142276e+01  8.13489335e+01 
 4.71267322e-02  2.36076665e+01  8.11525630e+01 
 4.82134619e-02  2.38008969e+01  8.09518809e+01 
 4.93252513e-02  2.39939094e+01  8.07468025e+01 
 5.04626783e-02  2.41866946e+01  8.05372422e+01 
 5.16263340e-02  2.43792423e+01  8.03231136e+01 
 5.28168234e-02  2.45715421e+01  8.01043293e+01 
 5.40347650e-02  2.47635831e+01  7.98808011e+01 
 5.52807921e-02  2.49553540e+01  7.96524401e+01 
 5.65555523e-02  2.51468430e+01  7.94191566e+01 
 5.78597080e-02  2.53380379e+01  7.91808603e+01 
 5.91939372e-02  2.55289258e+01  7.89374602e+01 
 6.05589334e-02  2.57194935e+01  7.86888652e+01 
 6.19554061e-02  2.59097272e+01  7.84349833e+01 
 6.33840810e-02  2.60996127e+01  7.81757225e+01 
 6.48457008e-02  2.62891349e+01  7.79109906e+01 
 6.63410251e-02  2.64782785e+01  7.76406951e+01 
 6.78708313e-02  2.66670274e+01  7.73647438e+01 
 6.94359143e-02  2.68553650e+01  7.70830444e+01 
 7.10370877e-02  2.70432739e+01  7.67955049e+01 
 7.26751838e-02  2.72307363e+01  7.65020339e+01 
 7.43510539e-02  2.74177336e+01  7.62025405e+01 
 7.60655691e-02  2.76042466e+01  7.58969344e+01 
 7.78196206e-02  2.77902553e+01  7.55851264e+01 
 7.96141200e-02  2.79757392e+01  7.52670283e+01 
 8.14500001e-02  2.81606769e+01  7.49425532e+01 
 8.33282151e-02  2.83450464e+01  7.46116157e+01 
 8.52497412e-02  2.85288249e+01  7.42741322e+01 
 8.72155772e-02  2.87119888e+01  7.39300210e+01 
 8.92267449e-02  2.88945140e+01  7.35792024e+01 
 9.12842895e-02  2.90763753e+01  7.32215995e+01 
 9.33892805e-02  2.92575469e+01  7.28571377e+01 
 9.55428121e-02  2.94380023e+01  7.24857457e+01 
 9.77460036e-02  2.96177141e+01  7.21073552e+01 
 1.00000000e-01  2.97966540e+01  7.17219017e+01 
 1.02305973e-01  2.99747933e+01  7.13293243e+01 
 1.04665121e-01  3.01521021e+01  7.09295665e+01 
 1.07078670e-01  3.03285499e+01  7.05225761e+01 
 1.09547876e-01  3.05041056e+01  7.01083060e+01 
 1.12074020e-01  3.06787372e+01  6.96867141e+01 
 1.14658417e-01  3.08524117e+01  6.92577639e+01 
 1.17302409e-01  3.10250959e+01  6.88214248e+01 
 1.20007371e-01  3.11967555e+01  6.83776724e+01 
 1.22774708e-01  3.13673557e+01  6.79264890e+01 
 1.25605860e-01  3.15368609e+01  6.74678640e+01 
 1.28502297e-01  3.17052351e+01  6.70017941e+01 
 1.31465525e-01  3.18724415e+01  6.65282837e+01 
 1.34497085e-01  3.20384429e+01  6.60473455e+01 
 1.37598551e-01  3.22032015e+01  6.55590005e+01 
 1.40771537e-01  3.23666791e+01  6.50632787e+01 
 1.44017690e-01  3.25288372e+01  6.45602193e+01 
 1.47338699e-01  3.26896368e+01  6.40498711e+01 
 1.50736290e-01  3.28490386e+01  6.35322927e+01 
 1.54212228e-01  3.30070034e+01  6.30075529e+01 
 1.57768320e-01  3.31634915e+01  6.24757311e+01 
 1.61406415e-01  3.33184633e+01  6.19369174e+01 
 1.65128404e-01  3.34718793e+01  6.13912128e+01 
 1.68936220e-01  3.36237000e+01  6.08387297e+01 
 1.72831844e-01  3.37738861e+01  6.02795918e+01 
 1.76817299e-01  3.39223987e+01  5.97139343e+01 
 1.80894658e-01  3.40691991e+01  5.91419044e+01 
 1.85066040e-01  3.42142494e+01  5.85636607e+01 
 1.89333613e-01  3.43575119e+01  5.79793737e+01 
 1.93699595e-01  3.44989499e+01  5.73892258e+01 
 1.98166255e-01  3.46385274e+01  5.67934108e+01 
 2.02735916e-01  3.47762093e+01  5.61921345e+01 
 2.07410951e-01  3.49119616e+01  5.55856139e+01 
 2.12193792e-01  3.50457513e+01  5.49740774e+01 
 2.17086923e-01  3.51775468e+01  5.43577642e+01 
 2.22092889e-01  3.53073177e+01  5.37369244e+01 
 2.27214291e-01  3.54350352e+01  5.31118181e+01 
 2.32453791e-01  3.55606719e+01  5.24827156e+01 
 2.37814113e-01  3.56842022e+01  5.18498964e+01 
 2.43298042e-01  3.58056022e+01  5.12136489e+01 
 2.48908429e-01  3.59248497e+01  5.05742698e+01 
 2.54648190e-01  3.60419247e+01  4.99320635e+01 
 2.60520309e-01  3.61568089e+01  4.92873415e+01 
 2.66527837e-01  3.62694864e+01  4.86404214e+01 
 2.72673897e-01  3.63799432e+01  4.79916265e+01 
 2.78961683e-01  3.64881675e+01  4.73412848e+01 
 2.85394464e-01  3.65941498e+01  4.66897282e+01 
 2.91975583e-01  3.66978831e+01  4.60372919e+01 
 2.98708461e-01  3.67993623e+01  4.53843133e+01 
 3.05596598e-01  3.68985848e+01  4.47311310e+01 
 3.12643573e-01  3.69955506e+01  4.40780845e+01 
 3.19853049e-01  3.70902617e+01  4.34255125e+01 
 3.27228774e-01  3.71827225e+01  4.27737529e+01 
 3.34774581e-01  3.72729398e+01  4.21231412e+01 
 3.42494392e-01  3.73609227e+01  4.14740101e+01 
 3.50392221e-01  3.74466826e+01  4.08266882e+01 
 3.58472171e-01  3.75302328e+01  4.01814999e+01 
 3.66738442e-01  3.76115892e+01  3.95387640e+01 
 3.75195331e-01  3.76907694e+01  3.88987930e+01 
 3.83847234e-01  3.77677933e+01  3.82618926e+01 
 3.92698648e-01  3.78426825e+01  3.76283612e+01 
 4.01754173e-01  3.79154606e+01  3.69984887e+01 
 4.11018515e-01  3.79861530e+01  3.63725564e+01 
 4.20496491e-01  3.80547867e+01  3.57508361e+01 
 4.30193027e-01  3.81213903e+01  3.51335900e+01 
 4.40113162e-01  3.81859938e+01  3.45210701e+01 
 4.50262052e-01  3.82486287e+01  3.39135176e+01 
 4.60644974e-01  3.83093276e+01  3.33111629e+01 
 4.71267322e-01  3.83681245e+01  3.27142251e+01 
 4.82134619e-01  3.84250542e+01  3.21229122e+01 
 4.93252513e-01  3.84801526e+01  3.15374201e+01 
 5.04626783e-01  3.85334562e+01  3.09579334e+01 
 5.16263340e-01  3.85850025e+01  3.03846247e+01 
 5.28168234e-01  3.86348294e+01  2.98176550e+01 
 5.40347650e-01  3.86829755e+01  2.92571733e+01 
 5.52807921e-01  3.87294797e+01  2.87033172e+01 
 5.65555523e-01  3.87743811e+01  2.81562125e+01 
 5.78597080e-01  3.88177193e+01  2.76159735e+01 
 5.91939372e-01  3.88595337e+01  2.70827035e+01 
 6.05589334e-01  3.88998640e+01  2.65564944e+01 
 6.19554061e-01  3.89387497e+01  2.60374275e+01 
 6.33840810e-01  3.89762304e+01  2.55255737e+01 
 6.48457008e-01  3.90123451e+01  2.50209933e+01 
 6.63410251e-01  3.90471330e+01  2.45237369e+01 
 6.78708313e-01  3.90806327e+01  2.40338453e+01 
 6.94359143e-01  3.91128824e+01  2.35513502e+01 
 7.10370877e-01  3.91439200e+01  2.30762741e+01 
 7.26751838e-01  3.91737829e+01  2.26086313e+01 
 7.43510539e-01  3.92025079e+01  2.21484276e+01 
 7.60655691e-01  3.92301311e+01  2.16956610e+01 
 7.78196206e-01  3.92566883e+01  2.12503222e+01 
 7.96141200e-01  3.92822143e+01  2.08123946e+01 
 8.14500001e-01  3.93067436e+01  2.03818550e+01 
 8.33282151e-01  3.93303097e+01  1.99586739e+01 
 8.52497412e-01  3.93529455e+01  1.95428157e+01 
 8.72155772e-01  3.93746831e+01  1.91342393e+01 
 8.92267449e-01  3.93955540e+01  1.87328983e+01 
 9.12842895e-01  3.94155888e+01  1.83387414e+01 
 9.33892805e-01  3.94348173e+01  1.79517126e+01 
 9.55428121e-01  3.94532686e+01  1.75717519e+01 
 9.77460036e-01  3.94709710e+01  1.71987952e+01 
 1.00000000e+00  3.94879521e+01  1.68327749e+01 
 1.02305973e+00  3.95042386e+01  1.64736199e+01 
 1.04665121e+00  3.95198564e+01  1.61212562e+01 
 1.07078670e+00  3.95348307e+01  1.57756072e+01 
 1.09547876e+00  3.95491860e+01  1.54365934e+01 
 1.12074020e+00  3.95629459e+01  1.51041335e+01 
 1.14658417e+00  3.95761334e+01  1.47781440e+01 
 1.17302409e+00  3.95887706e+01  1.44585396e+01 
 1.20007371e+00  3.96008789e+01  1.41452336e+01 
 1.22774708e+00  3.96124792e+01  1.38381379e+01 
 1.25605860e+00  3.96235915e+01  1.35371631e+01 
 1.28502297e+00  3.96342351e+01  1.32422192e+01 
 1.31465525e+00  3.96444287e+01  1.29532150e+01 
 1.34497085e+00  3.96541904e+01  1.26700591e+01 
 1.37598551e+00  3.96635375e+01  1.23926593e+01 
 1.40771537e+00  3.96724868e+01  1.21209234e+01 
 1.44017690e+00  3.96810545e+01  1.18547587e+01 
 1.47338699e+00  3.96892562e+01  1.15940727e+01 
 1.50736290e+00  3.96971067e+01  1.13387729e+01 
 1.54212228e+00  3.97046207e+01  1.10887670e+01 
 1.57768320e+00  3.97118118e+01  1.08439628e+01 
 1.61406415e+00  3.97186936e+01  1.06042688e+01 
 1.65128404e+00  3.97252789e+01  1.03695937e+01 
 1.68936220e+00  3.97315800e+01  1.01398469e+01 
 1.72831844e+00  3.97376088e+01  9.91493838e+00 
 1.76817299e+00  3.97433767e+01  9.69477872e+00 
 1.80894658e+00  3.97488946e+01  9.47927938e+00 
 1.85066040e+00  3.97541732e+01  9.26835256e+00 
 1.89333613e+00  3.97592225e+01  9.06191134e+00 
 1.93699595e+00  3.97640523e+01  8.85986971e+00 
 1.98166255e+00  3.97686718e+01  8.66214260e+00 
 2.02735916e+00  3.97730899e+01  8.46864591e+00 
 2.07410951e+00  3.97773154e+01  8.27929660e+00 
 2.12193792e+00  3.97813563e+01  8.09401262e+00 
 2.17086923e+00  3.97852207e+01  7.91271305e+00 
 2.22092889e+00  3.97889160e+01  7.73531802e+00 
 2.27214291e+00  3.97924496e+01  7.56174881e+00 
 2.32453791e+00  3.97958283e+01  7.39192779e+00 
 2.37814113e+00  3.97990589e+01  7.22577852e+00 
 2.43298042e+00  3.98021477e+01  7.06322566e+00 
 2.48908429e+00  3.98051009e+01  6.90419509e+00 
 2.54648190e+00  3.98079244e+01  6.74861380e+00 
 2.60520309e+00  3.98106237e+01  6.59641000e+00 
 2.66527837e+00  3.98132043e+01  6.44751304e+00 
 2.72673897e+00  3.98156713e+01  6.30185346e+00 
 2.78961683e+00  3.98180296e+01  6.15936296e+00 
 2.85394464e+00  3.98202840e+01  6.01997442e+00 
 2.91975583e+00  3.98224390e+01  5.88362188e+00 
 2.98708461e+00  3.98244990e+01  5.75024054e+00 
 3.05596598e+00  3.98264680e+01  5.61976674e+00 
 3.12643573e+00  3.98283501e+01  5.49213798e+00 
 3.19853049e+00  3.98301491e+01  5.36729289e+00 
 3.27228774e+00  3.98318685e+01  5.24517121e+00 
 3.34774581e+00  3.98335120e+01  5.12571381e+00 
 3.42494392e+00  3.98350828e+01  5.00886266e+00 
 3.50392221e+00  3.98365840e+01  4.89456081e+00 
 3.58472171e+00  3.98380189e+01  4.78275241e+00 
 3.66738442e+00  3.98393902e+01  4.67338266e+00 
 3.75195331e+00  3.98407008e+01  4.56639780e+00 
 3.83847234e+00  3.98419534e+01  4.46174514e+00 
 3.92698648e+00  3.98431504e+01  4.35937297e+00 
 4.01754173e+00  3.98442944e+01  4.25923062e+00 
 4.11018515e+00  3.98453877e+01  4.16126842e+00 
 4.20496491e+00  3.98464324e+01  4.06543765e+00 
 4.30193027e+00  3.98474309e+01  3.97169056e+00 
 4.40113162e+00  3.98483850e+01  3.87998037e+00 
 4.50262052e+00  3.98492968e+01  3.79026121e+00 
 4.60644974e+00  3.98501681e+01  3.70248814e+00 
 4.71267322e+00  3.98510007e+01  3.61661710e+00 
 4.82134619e+00  3.98517963e+01  3.53260494e+00 
 4.93252513e+00  3.98525566e+01  3.45040937e+00 
 5.04626783e+00  3.98532831e+01  3.36998895e+00 
 5.16263340e+00  3.98539774e+01  3.29130309e+00 
 5.28168234e+00  3.98546407e+01  3.21431200e+00 
 5.40347650e+00  3.98552746e+01  3.13897673e+00 
 5.52807921e+00  3.98558803e+01  3.06525908e+00 
 5.65555523e+00  3.98564590e+01  2.99312167e+00 
 5.78597080e+00  3.98570120e+01  2.92252785e+00 
 5.91939372e+00  3.98575404e+01  2.85344173e+00 
 6.05589334e+00  3.98580453e+01  2.78582815e+00 
 6.19554061e+00  3.98585276e+01  2.71965267e+00 
 6.33840810e+00  3.98589885e+01  2.65488153e+00 
 6.48457008e+00  3.98594289e+01  2.59148168e+00 
 6.63410251e+00  3.98598497e+01  2.52942074e+00 
 6.78708313e+00  3.98602517e+01  2.46866698e+00 
 6.94359143e+00  3.98606358e+01  2.40918932e+00 
 7.10370877e+00  3.98610028e+01  2.35095731e+00 
 7.26751838e+00  3.98613534e+01  2.29394111e+00 
 7.43510539e+00  3.98616883e+01  2.23811150e+00 
 7.60655691e+00  3.98620083e+01  2.18343983e+00 
 7.78196206e+00  3.98623140e+01  2.12989805e+00 
 7.96141200e+00  3.98626061e+01  2.07745864e+00 
 8.14500001e+00  3.98628851e+01  2.02609467e+00 
 8.33282151e+00  3.98631517e+01  1.97577972e+00 
 8.52497412e+00  3.98634063e+01  1.92648791e+00 
 8.72155772e+00  3.98636496e+01  1.87819387e+00 
 8.92267449e+00  3.98638819e+01  1.83087274e+00 
 9.12842895e+00  3.98641039e+01  1.78450013e+00 
 9.33892805e+00  3.98643159e+01  1.73905215e+00 
 9.55428121e+00  3.98645183e+01  1.69450537e+00 
 9.77460036e+00  3.98647117e+01  1.65083681e+00 
 1.00000000e+01  3.98648965e+01  1.60802395e+00 
 1.02305973e+01  3.98650729e+01  1.56604467e+00 
 1.04665121e+01  3.98652414e+01  1.52487732e+00 
 1.07078670e+01  3.98654022e+01  1.48450063e+00 
 1.09547876e+01  3.98655559e+01  1.44489373e+00 
 1.12074020e+01  3.98657026e+01  1.40603617e+00 
 1.14658417e+01  3.98658427e+01  1.36790785e+00 
 1.17302409e+01  3.98659764e+01  1.33048907e+00 
 1.20007371e+01  3.98661040e+01  1.29376046e+00 
 1.22774708e+01  3.98662259e+01  1.25770303e+00 
 1.25605860e+01  3.98663422e+01  1.22229813e+00 
 1.28502297e+01  3.98664532e+01  1.18752742e+00 
 1.31465525e+01  3.98665592e+01  1.15337291e+00 
 1.34497085e+01  3.98666603e+01  1.11981692e+00 
 1.37598551e+01  3.98667567e+01  1.08684206e+00 
 1.40771537e+01  3.98668487e+01  1.05443127e+00 
 1.44017690e+01  3.98669365e+01  1.02256774e+00 
 1.47338699e+01  3.98670202e+01  9.91234975e-01 
 1.50736290e+01  3.98670999e+01  9.60416731e-01 
 1.54212228e+01  3.98671760e+01  9.30097038e-01 
 1.57768320e+01  3.98672485e+01  9.00260180e-01 
 1.61406415e+01  3.98673175e+01  8.70890687e-01 
 1.65128404e+01  3.98673833e+01  8.41973332e-01 
 1.68936220e+01  3.98674460e+01  8.13493119e-01 
 1.72831844e+01  3.98675056e+01  7.85435279e-01 
 1.76817299e+01  3.98675623e+01  7.57785257e-01 
 1.80894658e+01  3.98676163e+01  7.30528712e-01 
 1.85066040e+01  3.98676676e+01  7.03651502e-01 
 1.89333613e+01  3.98677163e+01  6.77139682e-01 
 1.93699595e+01  3.98677627e+01  6.50979497e-01 
 1.98166255e+01  3.98678066e+01  6.25157371e-01 
 2.02735916e+01  3.98678483e+01  5.99659902e-01 
 2.07410951e+01  3.98678878e+01  5.74473857e-01 
 2.12193792e+01  3.98679252e+01  5.49586163e-01 
 2.17086923e+01  3.98679606e+01  5.24983902e-01 
 2.22092889e+01  3.98679941e+01  5.00654301e-01 
 2.27214291e+01  3.98680257e+01  4.76584730e-01 
 2.32453791e+01  3.98680555e+01  4.52762692e-01 
 2.37814113e+01  3.98680835e+01  4.29175818e-01 
 2.43298042e+01  3.98681098e+01  4.05811860e-01 
 2.48908429e+01  3.98681346e+01  3.82658687e-01 
 2.54648190e+01  3.98681577e+01  3.59704275e-01 
 2.60520309e+01  3.98681793e+01  3.36936704e-01 
 2.66527837e+01  3.98681994e+01  3.14344149e-01 
 2.72673897e+01  3.98682181e+01  2.91914877e-01 
 2.78961683e+01  3.98682353e+01  2.69637238e-01 
 2.85394464e+01  3.98682512e+01  2.47499662e-01 
 2.91975583e+01  3.98682658e+01  2.25490649e-01 
 2.98708461e+01  3.98682790e+01  2.03598769e-01 
 3.05596598e+01  3.98682909e+01  1.81812649e-01 
 3.12643573e+01  3.98683016e+01  1.60120972e-01 
 3.19853049e+01  3.98683111e+01  1.38512471e-01 
 3.27228774e+01  3.98683194e+01  1.16975921e-01 
 3.34774581e+01  3.98683264e+01  9.55001338e-02 
 3.42494392e+01  3.98683323e+01  7.40739529e-02 
 3.50392221e+01  3.98683370e+01  5.26862476e-02 
 3.58472171e+01  3.98683405e+01  3.13259072e-02 
 3.66738442e+01  3.98683429e+01  9.98183474e-03 
 3.75195331e+01  3.98683442e+01 -1.13570580e-02 
 3.83847234e+01  3.98683443e+01 -3.27018567e-02 
 3.92698648e+01  3.98683432e+01 -5.40636503e-02 
 4.01754173e+01  3.98683410e+01 -7.54535362e-02 
 4.11018515e+01  3.98683376e+01 -9.68826267e-02 
 4.20496491e+01  3.98683331e+01 -1.18362054e-01 
 4.30193027e+01  3.98683275e+01 -1.39902978e-01 
 4.40113162e+01  3.98683206e+01 -1.61516587e-01 
 4.50262052e+01  3.98683125e+01 -1.83214110e-01 
 4.60644974e+01  3.98683033e+01 -2.05006819e-01 
 4.71267322e+01  3.98682928e+01 -2.26906034e-01 
 4.82134619e+01  3.98682810e+01 -2.48923132e-01 
 4.93252513e+01  3.98682680e+01 -2.71069549e-01 
 5.04626783e+01  3.98682537e+01 -2.93356788e-01 
 5.16263340e+01  3.98682380e+01 -3.15796427e-01 
 5.28168234e+01  3.98682210e+01 -3.38400122e-01 
 5.40347650e+01  3.98682026e+01 -3.61179612e-01 
 5.52807921e+01  3.98681827e+01 -3.84146729e-01 
 5.65555523e+01  3.98681613e+01 -4.07313401e-01 
 5.78597080e+01  3.98681385e+01 -4.30691660e-01 
 5.91939372e+01  3.98681140e+01 -4.54293648e-01 
 6.05589334e+01  3.98680879e+01 -4.78131620e-01 
 6.19554061e+01  3.98680602e+01 -5.02217955e-01 
 6.33840810e+01  3.98680307e+01 -5.26565161e-01 
 6.48457008e+01  3.98679994e+01 -5.51185879e-01 
 6.63410251e+01  3.98679662e+01 -5.76092893e-01 
 6.78708313e+01  3.98679312e+01 -6.01299133e-01 
 6.94359143e+01  3.98678941e+01 -6.26817685e-01 
 7.10370877e+01  3.98678549e+01 -6.52661797e-01 
 7.26751838e+01  3.98678136e+01 -6.78844883e-01 
 7.43510539e+01  3.98677700e+01 -7.05380534e-01 
 7.60655691e+01  3.98677241e+01 -7.32282521e-01 
 7.78196206e+01  3.98676758e+01 -7.59564806e-01 
 7.96141200e+01  3.98676249e+01 -7.87241545e-01 
 8.14500001e+01  3.98675713e+01 -8.15327099e-01 
 8.33282151e+01  3.98675151e+01 -8.43836041e-01 
 8.52497412e+01  3.98674559e+01 -8.72783159e-01 
 8.72155772e+01  3.98673938e+01 -9.02183468e-01 
 8.92267449e+01  3.98673285e+01 -9.32052218e-01 
 9.12842895e+01  3.98672600e+01 -9.62404900e-01 
 9.33892805e+01  3.98671881e+01 -9.93257251e-01 
 9.55428121e+01  3.98671127e+01 -1.02462527e+00 
 9.77460036e+01  3.98670335e+01 -1.05652522e+00 
 1.00000000e+02  3.98669505e+01 -1.08897363e+00 
 1.02305973e+02  3.98668634e+01 -1.12198731e+00 
 1.04665121e+02  3.98667721e+01 -1.15558339e+00 
 1.07078670e+02  3.98666764e+01 -1.18977926e+00 
 1.09547876e+02  3.98665761e+01 -1.22459264e+00 
 1.12074020e+02  3.98664709e+01 -1.26004156e+00 
 1.14658417e+02  3.98663608e+01 -1.29614437e+00 
 1.17302409e+02  3.98662453e+01 -1.33291977e+00 
 1.20007371e+02  3.98661244e+01 -1.37038680e+00 
 1.22774708e+02  3.98659977e+01 -1.40856484e+00 
 1.25605860e+02  3.98658650e+01 -1.44747365e+00 
 1.28502297e+02  3.98657260e+01 -1.48713335e+00 
 1.31465525e+02  3.98655804e+01 -1.52756447e+00 
 1.34497085e+02  3.98654279e+01 -1.56878789e+00 
 1.37598551e+02  3.98652682e+01 -1.61082493e+00 
 1.40771537e+02  3.98651010e+01 -1.65369732e+00 
 1.44017690e+02  3.98649259e+01 -1.69742720e+00 
 1.47338699e+02  3.98647426e+01 -1.74203716e+00 
 1.50736290e+02  3.98645507e+01 -1.78755023e+00 
 1.54212228e+02  3.98643497e+01 -1.83398989e+00 
 1.57768320e+02  3.98641393e+01 -1.88138012e+00 
 1.61406415e+02  3.98639190e+01 -1.92974535e+00 
 1.65128404e+02  3.98636884e+01 -1.97911051e+00 
 1.68936220e+02  3.98634470e+01 -2.02950106e+00 
 1.72831844e+02  3.98631942e+01 -2.08094294e+00 
 1.76817299e+02  3.98629297e+01 -2.13346264e+00 
 1.80894658e+02  3.98626527e+01 -2.18708720e+00 
 1.85066040e+02  3.98623628e+01 -2.24184420e+00 
 1.89333613e+02  3.98620594e+01 -2.29776180e+00 
 1.93699595e+02  3.98617418e+01 -2.35486872e+00 
 1.98166255e+02  3.98614093e+01 -2.41319432e+00 
 2.02735916e+02  3.98610613e+01 -2.47276852e+00 
 2.07410951e+02  3.98606971e+01 -2.53362188e+00 
 2.12193792e+02  3.98603159e+01 -2.59578561e+00 
 2.17086923e+02  3.98599169e+01 -2.65929156e+00 
 2.22092889e+02  3.98594992e+01 -2.72417224e+00 
 2.27214291e+02  3.98590621e+01 -2.79046084e+00 
 2.32453791e+02  3.98586047e+01 -2.85819126e+00 
 2.37814113e+02  3.98581259e+01 -2.92739810e+00 
 2.43298042e+02  3.98576248e+01 -2.99811666e+00 
 2.48908429e+02  3.98571003e+01 -3.07038304e+00 
 2.54648190e+02  3.98565515e+01 -3.14423403e+00 
 2.60520309e+02  3.98559770e+01 -3.21970724e+00 
 2.66527837e+02  3.98553759e+01 -3.29684104e+00 
 2.72673897e+02  3.98547467e+01 -3.37567461e+00 
 2.78961683e+02  3.98540883e+01 -3.45624796e+00 
 2.85394464e+02  3.98533992e+01 -3.53860192e+00 
 2.91975583e+02  3.98526781e+01 -3.62277818e+00 
 2.98708461e+02  3.98519235e+01 -3.70881929e+00 
 3.05596598e+02  3.98511338e+01 -3.79676870e+00 
 3.12643573e+02  3.98503074e+01 -3.88667077e+00 
 3.19853049e+02  3.98494425e+01 -3.97857074e+00 
 3.27228774e+02  3.98485375e+01 -4.07251483e+00 
 3.34774581e+02  3.98475905e+01 -4.16855018e+00 
 3.42494392e+02  3.98465995e+01 -4.26672493e+00 
 3.50392221e+02  3.98455625e+01 -4.36708816e+00 
 3.58472171e+02  3.98444774e+01 -4.46969000e+00 
 3.66738442e+02  3.98433419e+01 -4.57458159e+00 
 3.75195331e+02  3.98421538e+01 -4.68181508e+00 
 3.83847234e+02  3.98409105e+01 -4.79144370e+00 
 3.92698648e+02  3.98396097e+01 -4.90352173e+00 
 4.01754173e+02  3.98382486e+01 -5.01810457e+00 
 4.11018515e+02  3.98368244e+01 -5.13524867e+00 
 4.20496491e+02  3.98353343e+01 -5.25501163e+00 
 4.30193027e+02  3.98337752e+01 -5.37745218e+00 
 4.40113162e+02  3.98321439e+01 -5.50263019e+00 
 4.50262052e+02  3.98304372e+01 -5.63060668e+00 
 4.60644974e+02  3.98286517e+01 -5.76144387e+00 
 4.71267322e+02  3.98267836e+01 -5.89520514e+00 
 4.82134619e+02  3.98248292e+01 -6.03195509e+00 
 4.93252513e+02  3.98227845e+01 -6.17175951e+00 
 5.04626783e+02  3.98206456e+01 -6.31468545e+00 
 5.16263340e+02  3.98184079e+01 -6.46080113e+00 
 5.28168234e+02  3.98160671e+01 -6.61017608e+00 
 5.40347650e+02  3.98136185e+01 -6.76288103e+00 
 5.52807921e+02  3.98110571e+01 -6.91898799e+00 
 5.65555523e+02  3.98083778e+01 -7.07857021e+00 
 5.78597080e+02  3.98055754e+01 -7.24170223e+00 
 5.91939372e+02  3.98026441e+01 -7.40845983e+00 
 6.05589334e+02  3.97995782e+01 -7.57892009e+00 
 6.19554061e+02  3.97963716e+01 -7.75316129e+00 
 6.33840810e+02  3.97930180e+01 -7.93126306e+00 
 6.48457008e+02  3.97895107e+01 -8.11330621e+00 
 6.63410251e+02  3.97858429e+01 -8.29937286e+00 
 6.78708313e+02  3.97820072e+01 -8.48954630e+00 
 6.94359143e+02  3.97779963e+01 -8.68391112e+00 
 7.10370877e+02  3.97738022e+01 -8.88255304e+00 
 7.26751838e+02  3.97694169e+01 -9.08555906e+00 
 7.43510539e+02  3.97648317e+01 -9.29301724e+00 
 7.60655691e+02  3.97600379e+01 -9.50501687e+00 
 7.78196206e+02  3.97550261e+01 -9.72164831e+00 
 7.96141200e+02  3.97497867e+01 -9.94300301e+00 
 8.14500001e+02  3.97443097e+01 -1.01691734e+01 
 8.33282151e+02  3.97385846e+01 -1.04002531e+01 
 8.52497412e+02  3.97326006e+01 -1.06363363e+01 
 8.72155772e+02  3.97263463e+01 -1.08775185e+01 
 8.92267449e+02  3.97198099e+01 -1.11238958e+01 
 9.12842895e+02  3.97129792e+01 -1.13755651e+01 
 9.33892805e+02  3.97058414e+01 -1.16326241e+01 
 9.55428121e+02  3.96983832e+01 -1.18951710e+01 
 9.77460036e+02  3.96905909e+01 -1.21633045e+01 
 1.00000000e+03  3.96824502e+01 -1.24371240e+01 
 1.02305973e+03  3.96739461e+01 -1.27167290e+01 
 1.04665121e+03  3.96650631e+01 -1.30022193e+01 
 1.07078670e+03  3.96557854e+01 -1.32936949e+01 
 1.09547876e+03  3.96460961e+01 -1.35912559e+01 
 1.12074020e+03  3.96359781e+01 -1.38950019e+01 
 1.14658417e+03  3.96254134e+01 -1.42050328e+01 
 1.17302409e+03  3.96143836e+01 -1.45214475e+01 
 1.20007371e+03  3.96028693e+01 -1.48443448e+01 
 1.22774708e+03  3.95908507e+01 -1.51738224e+01 
 1.25605860e+03  3.95783073e+01 -1.55099774e+01 
 1.28502297e+03  3.95652176e+01 -1.58529056e+01 
 1.31465525e+03  3.95515597e+01 -1.62027014e+01 
 1.34497085e+03  3.95373108e+01 -1.65594578e+01 
 1.37598551e+03  3.95224475e+01 -1.69232661e+01 
 1.40771537e+03  3.95069455e+01 -1.72942155e+01 
 1.44017690e+03  3.94907797e+01 -1.76723931e+01 
 1.47338699e+03  3.94739245e+01 -1.80578833e+01 
 1.50736290e+03  3.94563533e+01 -1.84507678e+01 
 1.54212228e+03  3.94380388e+01 -1.88511254e+01 
 1.57768320e+03  3.94189529e+01 -1.92590314e+01 
 1.61406415e+03  3.93990666e+01 -1.96745575e+01 
 1.65128404e+03  3.93783505e+01 -2.00977715e+01 
 1.68936220e+03  3.93567741e+01 -2.05287370e+01 
 1.72831844e+03  3.93343062e+01 -2.09675127e+01 
 1.76817299e+03  3.93109149e+01 -2.14141527e+01 
 1.80894658e+03  3.92865677e+01 -2.18687056e+01 
 1.85066040e+03  3.92612311e+01 -2.23312143e+01 
 1.89333613e+03  3.92348711e+01 -2.28017159e+01 
 1.93699595e+03  3.92074530e+01 -2.32802410e+01 
 1.98166255e+03  3.91789415e+01 -2.37668135e+01 
 2.02735916e+03  3.91493006e+01 -2.42614501e+01 
 2.07410951e+03  3.91184938e+01 -2.47641602e+01 
 2.12193792e+03  3.90864841e+01 -2.52749452e+01 
 2.17086923e+03  3.90532340e+01 -2.57937984e+01 
 2.22092889e+03  3.90187054e+01 -2.63207046e+01 
 2.27214291e+03  3.89828600e+01 -2.68556396e+01 
 2.32453791e+03  3.89456593e+01 -2.73985700e+01 
 2.37814113e+03  3.89070642e+01 -2.79494529e+01 
 2.43298042e+03  3.88670358e+01 -2.85082355e+01 
 2.48908429e+03  3.88255347e+01 -2.90748549e+01 
 2.54648190e+03  3.87825218e+01 -2.96492380e+01 
 2.60520309e+03  3.87379579e+01 -3.02313008e+01 
 2.66527837e+03  3.86918040e+01 -3.08209487e+01 
 2.72673897e+03  3.86440212e+01 -3.14180760e+01 
 2.78961683e+03  3.85945711e+01 -3.20225658e+01 
 2.85394464e+03  3.85434155e+01 -3.26342903e+01 
 2.91975583e+03  3.84905170e+01 -3.32531100e+01 
 2.98708461e+03  3.84358385e+01 -3.38788745e+01 
 3.05596598e+03  3.83793440e+01 -3.45114218e+01 
 3.12643573e+03  3.83209981e+01 -3.51505789e+01 
 3.19853049e+03  3.82607663e+01 -3.57961616e+01 
 3.27228774e+03  3.81986154e+01 -3.64479749e+01 
 3.34774581e+03  3.81345132e+01 -3.71058131e+01 
 3.42494392e+03  3.80684288e+01 -3.77694602e+01 
 3.50392221e+03  3.80003327e+01 -3.84386899e+01 
 3.58472171e+03  3.79301970e+01 -3.91132665e+01 
 3.66738442e+03  3.78579951e+01 -3.97929449e+01 
 3.75195331e+03  3.77837026e+01 -4.04774716e+01 
 3.83847234e+03  3.77072964e+01 -4.11665845e+01 
 3.92698648e+03  3.76287555e+01 -4.18600141e+01 
 4.01754173e+03  3.75480609e+01 -4.25574841e+01 
 4.11018515e+03  3.74651957e+01 -4.32587118e+01 
 4.20496491e+03  3.73801449e+01 -4.39634091e+01 
 4.30193027e+03  3.72928960e+01 -4.46712831e+01 
 4.40113162e+03  3.72034385e+01 -4.53820371e+01 
 4.50262052e+03  3.71117643e+01 -4.60953710e+01 
 4.60644974e+03  3.70178676e+01 -4.68109828e+01 
 4.71267322e+03  3.69217450e+01 -4.75285690e+01 
 4.82134619e+03  3.68233956e+01 -4.82478257e+01 
 4.93252513e+03  3.67228206e+01 -4.89684493e+01 
 5.04626783e+03  3.66200239e+01 -4.96901376e+01 
 5.16263340e+03  3.65150118e+01 -5.04125908e+01 
 5.28168234e+03  3.64077927e+01 -5.11355121e+01 
 5.40347650e+03  3.62983776e+01 -5.18586088e+01 
 5.52807921e+03  3.61867797e+01 -5.25815931e+01 
 5.65555523e+03  3.60730147e+01 -5.33041827e+01 
 5.78597080e+03  3.59571003e+01 -5.40261023e+01 
 5.91939372e+03  3.58390564e+01 -5.47470836e+01 
 6.05589334e+03  3.57189050e+01 -5.54668666e+01 
 6.19554061e+03  3.55966702e+01 -5.61851999e+01 
 6.33840810e+03  3.54723780e+01 -5.69018417e+01 
 6.48457008e+03  3.53460563e+01 -5.76165602e+01 
 6.63410251e+03  3.52177346e+01 -5.83291343e+01 
 6.78708313e+03  3.50874444e+01 -5.90393541e+01 
 6.94359143e+03  3.49552184e+01 -5.97470213e+01 
 7.10370877e+03  3.48210911e+01 -6.04519497e+01 
 7.26751838e+03  3.46850982e+01 -6.11539654e+01 
 7.43510539e+03  3.45472767e+01 -6.18529075e+01 
 7.60655691e+03  3.44076648e+01 -6.25486278e+01 
 7.78196206e+03  3.42663017e+01 -6.32409917e+01 
 7.96141200e+03  3.41232277e+01 -6.39298778e+01 
 8.14500001e+03  3.39784838e+01 -6.46151780e+01 
 8.33282151e+03  3.38321119e+01 -6.52967983e+01 
 8.52497412e+03  3.36841544e+01 -6.59746580e+01 
 8.72155772e+03  3.35346544e+01 -6.66486901e+01 
 8.92267449e+03  3.33836556e+01 -6.73188411e+01 
 9.12842895e+03  3.32312018e+01 -6.79850714e+01 
 9.33892805e+03  3.30773373e+01 -6.86473543e+01 
 9.55428121e+03  3.29221066e+01 -6.93056769e+01 
 9.77460036e+03  3.27655544e+01 -6.99600390e+01 
 1.00000000e+04  3.26077255e+01 -7.06104536e+01 
 1.02305973e+04  3.24486645e+01 -7.12569464e+01 
 1.04665121e+04  3.22884163e+01 -7.18995557e+01 
 1.07078670e+04  3.21270255e+01 -7.25383322e+01 
 1.09547876e+04  3.19645366e+01 -7.31733386e+01 
 1.12074020e+04  3.18009939e+01 -7.38046494e+01 
 1.14658417e+04  3.16364416e+01 -7.44323501e+01 
 1.17302409e+04  3.14709235e+01 -7.50565403e+01 
 1.20007371e+04  3.13044833e+01 -7.56773279e+01 
 1.22774708e+04  3.11371640e+01 -7.62948326e+01 
 1.25605860e+04  3.09690086e+01 -7.69091852e+01 
 1.28502297e+04  3.08000597e+01 -7.75205266e+01 
 1.31465525e+04  3.06303594e+01 -7.81290086e+01 
 1.34497085e+04  3.04599495e+01 -7.87347925e+01 
 1.37598551e+04  3.02888713e+01 -7.93380500e+01 
 1.40771537e+04  3.01171658e+01 -7.99389627e+01 
 1.44017690e+04  2.99448737e+01 -8.05377214e+01 
 1.47338699e+04  2.97720350e+01 -8.11345272e+01 
 1.50736290e+04  2.95986896e+01 -8.17295903e+01 
 1.54212228e+04  2.94248767e+01 -8.23231305e+01 
 1.57768320e+04  2.92506355e+01 -8.29153768e+01 
 1.61406415e+04  2.90760044e+01 -8.35065679e+01 
 1.65128404e+04  2.89010217e+01 -8.40969518e+01 
 1.68936220e+04  2.87257252e+01 -8.46867859e+01 
 1.72831844e+04  2.85501525e+01 -8.52763372e+01 
 1.76817299e+04  2.83743406e+01 -8.58658823e+01 
 1.80894658e+04  2.81983263e+01 -8.64557079e+01 
 1.85066040e+04  2.80221460e+01 -8.70461102e+01 
 1.89333613e+04  2.78458360e+01 -8.76373957e+01 
 1.93699595e+04  2.76694319e+01 -8.82298816e+01 
 1.98166255e+04  2.74929693e+01 -8.88238946e+01 
 2.02735916e+04  2.73164832e+01 -8.94197744e+01 
 2.07410951e+04  2.71400085e+01 -9.00178707e+01 
 2.12193792e+04  2.69635796e+01 -9.06185449e+01 
 2.17086923e+04  2.67872306e+01 -9.12221706e+01 
 2.22092889e+04  2.66109951e+01 -9.18291341e+01 
 2.27214291e+04  2.64349066e+01 -9.24398349e+01 
 2.32453791e+04  2.62589978e+01 -9.30546855e+01 
 2.37814113e+04  2.60833012e+01 -9.36741135e+01 
 2.43298042e+04  2.59078486e+01 -9.42985604e+01 
 2.48908429e+04  2.57326713e+01 -9.49284836e+01 
 2.54648190e+04  2.55577998e+01 -9.55643566e+01 
 2.60520309e+04  2.53832641e+01 -9.62066688e+01 
 2.66527837e+04  2.52090931e+01 -9.68559293e+01 
 2.72673897e+04  2.50353150e+01 -9.75126635e+01 
 2.78961683e+04  2.48619565e+01 -9.81774170e+01 
 2.85394464e+04  2.46890434e+01 -9.88507548e+01 
 2.91975583e+04  2.45166001e+01 -9.95332632e+01 
 2.98708461e+04  2.43446492e+01 -1.00225550e+02 
 3.05596598e+04  2.41732114e+01 -1.00928245e+02 
 3.12643573e+04  2.40023056e+01 -1.01642003e+02 
 3.19853049e+04  2.38319481e+01 -1.02367501e+02 
 3.27228774e+04  2.36621527e+01 -1.03105442e+02 
 3.34774581e+04  2.34929300e+01 -1.03856555e+02 
 3.42494392e+04  2.33242871e+01 -1.04621595e+02 
 3.50392221e+04  2.31562276e+01 -1.05401344e+02 
 3.58472171e+04  2.29887506e+01 -1.06196610e+02 
 3.66738442e+04  2.28218501e+01 -1.07008230e+02 
 3.75195331e+04  2.26555150e+01 -1.07837069e+02 
 3.83847234e+04  2.24897280e+01 -1.08684017e+02 
 3.92698648e+04  2.23244651e+01 -1.09549994e+02 
 4.01754173e+04  2.21596948e+01 -1.10435943e+02 
 4.11018515e+04  2.19953773e+01 -1.11342832e+02 
 4.20496491e+04  2.18314636e+01 -1.12271652e+02 
 4.30193027e+04  2.16678947e+01 -1.13223415e+02 
 4.40113162e+04  2.15046005e+01 -1.14199149e+02 
 4.50262052e+04  2.13414988e+01 -1.15199894e+02 
 4.60644974e+04  2.11784944e+01 -1.16226699e+02 
 4.71267322e+04  2.10154776e+01 -1.17280614e+02 
 4.82134619e+04  2.08523235e+01 -1.18362685e+02 
 4.93252513e+04  2.06888908e+01 -1.19473943e+02 
 5.04626783e+04  2.05250203e+01 -1.20615396e+02 
 5.16263340e+04  2.03605344e+01 -1.21788016e+02 
 5.28168234e+04  2.01952359e+01 -1.22992726e+02 
 5.40347650e+04  2.00289070e+01 -1.24230388e+02 
 5.52807921e+04  1.98613089e+01 -1.25501780e+02 
 5.65555523e+04  1.96921813e+01 -1.26807585e+02 
 5.78597080e+04  1.95212419e+01 -1.28148363e+02 
 5.91939372e+04  1.93481873e+01 -1.29524533e+02 
 6.05589334e+04  1.91726931e+01 -1.30936350e+02 
 6.19554061e+04  1.89944151e+01 -1.32383878e+02 
 6.33840810e+04  1.88129913e+01 -1.33866964e+02 
 6.48457008e+04  1.86280439e+01 -1.35385213e+02 
 6.63410251e+04  1.84391825e+01 -1.36937964e+02 
 6.78708313e+04  1.82460081e+01 -1.38524264e+02 
 6.94359143e+04  1.80481172e+01 -1.40142845e+02 
 7.10370877e+04  1.78451076e+01 -1.41792110e+02 
 7.26751838e+04  1.76365839e+01 -1.43470114e+02 
 7.43510539e+04  1.74221644e+01 -1.45174559e+02 
 7.60655691e+04  1.72014878e+01 -1.46902789e+02 
 7.78196206e+04  1.69742213e+01 -1.48651798e+02 
 7.96141200e+04  1.67400676e+01 -1.50418245e+02 
 8.14500001e+04  1.64987721e+01 -1.52198472e+02 
 8.33282151e+04  1.62501304e+01 -1.53988540e+02 
 8.52497412e+04  1.59939939e+01 -1.55784265e+02 
 8.72155772e+04  1.57302757e+01 -1.57581270e+02 
 8.92267449e+04  1.54589548e+01 -1.59375034e+02 
 9.12842895e+04  1.51800781e+01 -1.61160952e+02 
 9.33892805e+04  1.48937623e+01 -1.62934397e+02 
 9.55428121e+04  1.46001937e+01 -1.64690784e+02 
 9.77460036e+04  1.42996255e+01 -1.66425628e+02 
 1.00000000e+05  1.39923751e+01 -1.68134602e+02 
 1.02305973e+05  1.36788192e+01 -1.69813593e+02 
 1.04665121e+05  1.33593876e+01 -1.71458746e+02 
 1.07078670e+05  1.30345568e+01 -1.73066500e+02 
 1.09547876e+05  1.27048422e+01 -1.74633622e+02 
 1.12074020e+05  1.23707908e+01 -1.76157229e+02 
 1.14658417e+05  1.20329729e+01 -1.77634794e+02 
 1.17302409e+05  1.16919749e+01 -1.79064158e+02 
 1.20007371e+05  1.13483913e+01 -1.80443522e+02 
 1.22774708e+05  1.10028188e+01 -1.81771443e+02 
 1.25605860e+05  1.06558492e+01 -1.83046812e+02 
 1.28502297e+05  1.03080647e+01 -1.84268844e+02 
 1.31465525e+05  9.96003286e+00 -1.85437049e+02 
 1.34497085e+05  9.61230280e+00 -1.86551214e+02 
 1.37598551e+05  9.26540196e+00 -1.87611372e+02 
 1.40771537e+05  8.91983369e+00 -1.88617782e+02 
 1.44017690e+05  8.57607540e+00 -1.89570901e+02 
 1.47338699e+05  8.23457731e+00 -1.90471360e+02 
 1.50736290e+05  7.89576172e+00 -1.91319943e+02 
 1.54212228e+05  7.56002264e+00 -1.92117564e+02 
 1.57768320e+05  7.22772588e+00 -1.92865246e+02 
 1.61406415e+05  6.89920935e+00 -1.93564105e+02 
 1.65128404e+05  6.57478364e+00 -1.94215334e+02 
 1.68936220e+05  6.25473273e+00 -1.94820186e+02 
 1.72831844e+05  5.93931492e+00 -1.95379964e+02 
 1.76817299e+05  5.62876376e+00 -1.95896009e+02 
 1.80894658e+05  5.32328909e+00 -1.96369690e+02 
 1.85066040e+05  5.02307818e+00 -1.96802392e+02 
 1.89333613e+05  4.72829669e+00 -1.97195517e+02 
 1.93699595e+05  4.43908985e+00 -1.97550470e+02 
 1.98166255e+05  4.15558343e+00 -1.97868657e+02 
 2.02735916e+05  3.87788490e+00 -1.98151481e+02 
 2.07410951e+05  3.60608428e+00 -1.98400337e+02 
 2.12193792e+05  3.34025524e+00 -1.98616606e+02 
 2.17086923e+05  3.08045592e+00 -1.98801661e+02 
 2.22092889e+05  2.82672990e+00 -1.98956853e+02 
 2.27214291e+05  2.57910697e+00 -1.99083518e+02 
 2.32453791e+05  2.33760396e+00 -1.99182972e+02 
 2.37814113e+05  2.10222557e+00 -1.99256508e+02 
 2.43298042e+05  1.87296499e+00 -1.99305397e+02 
 2.48908429e+05  1.64980473e+00 -1.99330886e+02 
 2.54648190e+05  1.43271718e+00 -1.99334195e+02 
 2.60520309e+05  1.22166533e+00 -1.99316521e+02 
 2.66527837e+05  1.01660339e+00 -1.99279030e+02 
 2.72673897e+05  8.17477350e-01 -1.99222863e+02 
 2.78961683e+05  6.24225584e-01 -1.99149132e+02 
 2.85394464e+05  4.36779419e-01 -1.99058916e+02 
 2.91975583e+05  2.55063673e-01 -1.98953268e+02 
 2.98708461e+05  7.89971827e-02 -1.98833208e+02 
 3.05596598e+05 -9.15066902e-02 -1.98699725e+02 
 3.12643573e+05 -2.56539540e-01 -1.98553777e+02 
 3.19853049e+05 -4.16197448e-01 -1.98396288e+02 
 3.27228774e+05 -5.70580512e-01 -1.98228152e+02 
 3.34774581e+05 -7.19792382e-01 -1.98050227e+02 
 3.42494392e+05 -8.63939825e-01 -1.97863340e+02 
 3.50392221e+05 -1.00313229e+00 -1.97668286e+02 
 3.58472171e+05 -1.13748150e+00 -1.97465825e+02 
 3.66738442e+05 -1.26710107e+00 -1.97256686e+02 
 3.75195331e+05 -1.39210609e+00 -1.97041563e+02 
 3.83847234e+05 -1.51261279e+00 -1.96821119e+02 
 3.92698648e+05 -1.62873820e+00 -1.96595986e+02 
 4.01754173e+05 -1.74059980e+00 -1.96366762e+02 
 4.11018515e+05 -1.84831522e+00 -1.96134016e+02 
 4.20496491e+05 -1.95200193e+00 -1.95898284e+02 
 4.30193027e+05 -2.05177701e+00 -1.95660075e+02 
 4.40113162e+05 -2.14775685e+00 -1.95419868e+02 
 4.50262052e+05 -2.24005693e+00 -1.95178111e+02 
 4.60644974e+05 -2.32879160e+00 -1.94935229e+02 
 4.71267322e+05 -2.41407390e+00 -1.94691617e+02 
 4.82134619e+05 -2.49601534e+00 -1.94447644e+02 
 4.93252513e+05 -2.57472576e+00 -1.94203656e+02 
 5.04626783e+05 -2.65031320e+00 -1.93959974e+02 
 5.16263340e+05 -2.72288374e+00 -1.93716895e+02 
 5.28168234e+05 -2.79254140e+00 -1.93474697e+02 
 5.40347650e+05 -2.85938802e+00 -1.93233634e+02 
 5.52807921e+05 -2.92352323e+00 -1.92993940e+02 
 5.65555523e+05 -2.98504433e+00 -1.92755831e+02 
 5.78597080e+05 -3.04404623e+00 -1.92519504e+02 
 5.91939372e+05 -3.10062145e+00 -1.92285140e+02 
 6.05589334e+05 -3.15486005e+00 -1.92052902e+02 
 6.19554061e+05 -3.20684963e+00 -1.91822938e+02 
 6.33840810e+05 -3.25667528e+00 -1.91595383e+02 
 6.48457008e+05 -3.30441961e+00 -1.91370354e+02 
 6.63410251e+05 -3.35016278e+00 -1.91147961e+02 
 6.78708313e+05 -3.39398242e+00 -1.90928296e+02 
 6.94359143e+05 -3.43595375e+00 -1.90711444e+02 
 7.10370877e+05 -3.47614954e+00 -1.90497477e+02 
 7.26751838e+05 -3.51464017e+00 -1.90286458e+02 
 7.43510539e+05 -3.55149365e+00 -1.90078440e+02 
 7.60655691e+05 -3.58677566e+00 -1.89873468e+02 
 7.78196206e+05 -3.62054960e+00 -1.89671579e+02 
 7.96141200e+05 -3.65287664e+00 -1.89472802e+02 
 8.14500001e+05 -3.68381575e+00 -1.89277159e+02 
 8.33282151e+05 -3.71342375e+00 -1.89084667e+02 
 8.52497412e+05 -3.74175540e+00 -1.88895335e+02 
 8.72155772e+05 -3.76886338e+00 -1.88709169e+02 
 8.92267449e+05 -3.79479844e+00 -1.88526167e+02 
 9.12842895e+05 -3.81960937e+00 -1.88346325e+02 
 9.33892805e+05 -3.84334310e+00 -1.88169633e+02 
 9.55428121e+05 -3.86604473e+00 -1.87996080e+02 
 9.77460036e+05 -3.88775763e+00 -1.87825647e+02 
 1.00000000e+06 -3.90852343e+00 -1.87658316e+02 
 1.02305973e+06 -3.92838213e+00 -1.87494063e+02 
 1.04665121e+06 -3.94737213e+00 -1.87332865e+02 
 1.07078670e+06 -3.96553030e+00 -1.87174693e+02 
 1.09547876e+06 -3.98289199e+00 -1.87019517e+02 
 1.12074020e+06 -3.99949114e+00 -1.86867306e+02 
 1.14658417e+06 -4.01536029e+00 -1.86718027e+02 
 1.17302409e+06 -4.03053066e+00 -1.86571645e+02 
 1.20007371e+06 -4.04503214e+00 -1.86428124e+02 
 1.22774708e+06 -4.05889343e+00 -1.86287427e+02 
 1.25605860e+06 -4.07214199e+00 -1.86149516e+02 
 1.28502297e+06 -4.08480417e+00 -1.86014352e+02 
 1.31465525e+06 -4.09690519e+00 -1.85881895e+02 
 1.34497085e+06 -4.10846919e+00 -1.85752105e+02 
 1.37598551e+06 -4.11951934e+00 -1.85624942e+02 
 1.40771537e+06 -4.13007776e+00 -1.85500364e+02 
 1.44017690e+06 -4.14016569e+00 -1.85378331e+02 
 1.47338699e+06 -4.14980342e+00 -1.85258800e+02 
 1.50736290e+06 -4.15901039e+00 -1.85141730e+02 
 1.54212228e+06 -4.16780519e+00 -1.85027080e+02 
 1.57768320e+06 -4.17620563e+00 -1.84914809e+02 
 1.61406415e+06 -4.18422874e+00 -1.84804874e+02 
 1.65128404e+06 -4.19189080e+00 -1.84697234e+02 
 1.68936220e+06 -4.19920740e+00 -1.84591849e+02 
 1.72831844e+06 -4.20619346e+00 -1.84488678e+02 
 1.76817299e+06 -4.21286324e+00 -1.84387681e+02 
 1.80894658e+06 -4.21923036e+00 -1.84288817e+02 
 1.85066040e+06 -4.22530789e+00 -1.84192047e+02 
 1.89333613e+06 -4.23110829e+00 -1.84097331e+02 
 1.93699595e+06 -4.23664349e+00 -1.84004632e+02 
 1.98166255e+06 -4.24192491e+00 -1.83913910e+02 
 2.02735916e+06 -4.24696345e+00 -1.83825129e+02 
 2.07410951e+06 -4.25176955e+00 -1.83738250e+02 
 2.12193792e+06 -4.25635319e+00 -1.83653237e+02 
 2.17086923e+06 -4.26072391e+00 -1.83570055e+02 
 2.22092889e+06 -4.26489084e+00 -1.83488667e+02 
 2.27214291e+06 -4.26886270e+00 -1.83409038e+02 
 2.32453791e+06 -4.27264786e+00 -1.83331135e+02 
 2.37814113e+06 -4.27625430e+00 -1.83254923e+02 
 2.43298042e+06 -4.27968966e+00 -1.83180369e+02 
 2.48908429e+06 -4.28296127e+00 -1.83107441e+02 
 2.54648190e+06 -4.28607613e+00 -1.83036106e+02 
 2.60520309e+06 -4.28904094e+00 -1.82966334e+02 
 2.66527837e+06 -4.29186212e+00 -1.82898093e+02 
 2.72673897e+06 -4.29454584e+00 -1.82831354e+02 
 2.78961683e+06 -4.29709798e+00 -1.82766087e+02 
 2.85394464e+06 -4.29952419e+00 -1.82702262e+02 
 2.91975583e+06 -4.30182989e+00 -1.82639852e+02 
 2.98708461e+06 -4.30402028e+00 -1.82578828e+02 
 3.05596598e+06 -4.30610034e+00 -1.82519163e+02 
 3.12643573e+06 -4.30807487e+00 -1.82460831e+02 
 3.19853049e+06 -4.30994845e+00 -1.82403804e+02 
 3.27228774e+06 -4.31172550e+00 -1.82348059e+02 
 3.34774581e+06 -4.31341027e+00 -1.82293568e+02 
 3.42494392e+06 -4.31500683e+00 -1.82240308e+02 
 3.50392221e+06 -4.31651911e+00 -1.82188254e+02 
 3.58472171e+06 -4.31795090e+00 -1.82137382e+02 
 3.66738442e+06 -4.31930581e+00 -1.82087669e+02 
 3.75195331e+06 -4.32058736e+00 -1.82039092e+02 
 3.83847234e+06 -4.32179892e+00 -1.81991629e+02 
 3.92698648e+06 -4.32294374e+00 -1.81945257e+02 
 4.01754173e+06 -4.32402494e+00 -1.81899955e+02 
 4.11018515e+06 -4.32504555e+00 -1.81855701e+02 
 4.20496491e+06 -4.32600847e+00 -1.81812473e+02 
 4.30193027e+06 -4.32691652e+00 -1.81770253e+02 
 4.40113162e+06 -4.32777240e+00 -1.81729018e+02 
 4.50262052e+06 -4.32857871e+00 -1.81688749e+02 
 4.60644974e+06 -4.32933798e+00 -1.81649426e+02 
 4.71267322e+06 -4.33005262e+00 -1.81611029e+02 
 4.82134619e+06 -4.33072497e+00 -1.81573540e+02 
 4.93252513e+06 -4.33135728e+00 -1.81536939e+02 
 5.04626783e+06 -4.33195171e+00 -1.81501208e+02 
 5.16263340e+06 -4.33251035e+00 -1.81466327e+02 
 5.28168234e+06 -4.33303520e+00 -1.81432280e+02 
 5.40347650e+06 -4.33352819e+00 -1.81399047e+02 
 5.52807921e+06 -4.33399116e+00 -1.81366611e+02 
 5.65555523e+06 -4.33442589e+00 -1.81334955e+02 
 5.78597080e+06 -4.33483409e+00 -1.81304060e+02 
 5.91939372e+06 -4.33521737e+00 -1.81273911e+02 
 6.05589334e+06 -4.33557731e+00 -1.81244490e+02 
 6.19554061e+06 -4.33591539e+00 -1.81215781e+02 
 6.33840810e+06 -4.33623303e+00 -1.81187767e+02 
 6.48457008e+06 -4.33653159e+00 -1.81160432e+02 
 6.63410251e+06 -4.33681236e+00 -1.81133759e+02 
 6.78708313e+06 -4.33707657e+00 -1.81107734e+02 
 6.94359143e+06 -4.33732539e+00 -1.81082341e+02 
 7.10370877e+06 -4.33755991e+00 -1.81057565e+02 
 7.26751838e+06 -4.33778120e+00 -1.81033390e+02 
 7.43510539e+06 -4.33799022e+00 -1.81009801e+02 
 7.60655691e+06 -4.33818793e+00 -1.80986785e+02 
 7.78196206e+06 -4.33837519e+00 -1.80964327e+02 
 7.96141200e+06 -4.33855284e+00 -1.80942413e+02 
 8.14500001e+06 -4.33872164e+00 -1.80921029e+02 
 8.33282151e+06 -4.33888233e+00 -1.80900162e+02 
 8.52497412e+06 -4.33903557e+00 -1.80879798e+02 
 8.72155772e+06 -4.33918201e+00 -1.80859925e+02 
 8.92267449e+06 -4.33932222e+00 -1.80840529e+02 
 9.12842895e+06 -4.33945675e+00 -1.80821598e+02 
 9.33892805e+06 -4.33958611e+00 -1.80803121e+02 
 9.55428121e+06 -4.33971075e+00 -1.80785084e+02 
 9.77460036e+06 -4.33983111e+00 -1.80767477e+02 
 1.00000000e+07 -4.33994758e+00 -1.80750288e+02 
 1.02305973e+07 -4.34006050e+00 -1.80733506e+02 
 1.04665121e+07 -4.34017020e+00 -1.80717119e+02 
 1.07078670e+07 -4.34027698e+00 -1.80701119e+02 
 1.09547876e+07 -4.34038110e+00 -1.80685493e+02 
 1.12074020e+07 -4.34048280e+00 -1.80670232e+02 
 1.14658417e+07 -4.34058227e+00 -1.80655327e+02 
 1.17302409e+07 -4.34067971e+00 -1.80640767e+02 
 1.20007371e+07 -4.34077529e+00 -1.80626544e+02 
 1.22774708e+07 -4.34086913e+00 -1.80612648e+02 
 1.25605860e+07 -4.34096136e+00 -1.80599071e+02 
 1.28502297e+07 -4.34105209e+00 -1.80585804e+02 
 1.31465525e+07 -4.34114139e+00 -1.80572839e+02 
 1.34497085e+07 -4.34122934e+00 -1.80560168e+02 
 1.37598551e+07 -4.34131598e+00 -1.80547783e+02 
 1.40771537e+07 -4.34140137e+00 -1.80535676e+02 
 1.44017690e+07 -4.34148552e+00 -1.80523841e+02 
 1.47338699e+07 -4.34156846e+00 -1.80512270e+02 
 1.50736290e+07 -4.34165019e+00 -1.80500957e+02 
 1.54212228e+07 -4.34173072e+00 -1.80489894e+02 
 1.57768320e+07 -4.34181003e+00 -1.80479076e+02 
 1.61406415e+07 -4.34188812e+00 -1.80468495e+02 
 1.65128404e+07 -4.34196496e+00 -1.80458147e+02 
 1.68936220e+07 -4.34204053e+00 -1.80448025e+02 
 1.72831844e+07 -4.34211480e+00 -1.80438124e+02 
 1.76817299e+07 -4.34218774e+00 -1.80428438e+02 
 1.80894658e+07 -4.34225932e+00 -1.80418962e+02 
 1.85066040e+07 -4.34232950e+00 -1.80409691e+02 
 1.89333613e+07 -4.34239825e+00 -1.80400621e+02 
 1.93699595e+07 -4.34246553e+00 -1.80391746e+02 
 1.98166255e+07 -4.34253130e+00 -1.80383061e+02 
 2.02735916e+07 -4.34259554e+00 -1.80374563e+02 
 2.07410951e+07 -4.34265821e+00 -1.80366248e+02 
 2.12193792e+07 -4.34271928e+00 -1.80358110e+02 
 2.17086923e+07 -4.34277872e+00 -1.80350146e+02 
 2.22092889e+07 -4.34283651e+00 -1.80342353e+02 
 2.27214291e+07 -4.34289262e+00 -1.80334726e+02 
 2.32453791e+07 -4.34294702e+00 -1.80327261e+02 
 2.37814113e+07 -4.34299971e+00 -1.80319956e+02 
 2.43298042e+07 -4.34305067e+00 -1.80312807e+02 
 2.48908429e+07 -4.34309989e+00 -1.80305811e+02 
 2.54648190e+07 -4.34314735e+00 -1.80298964e+02 
 2.60520309e+07 -4.34319307e+00 -1.80292264e+02 
 2.66527837e+07 -4.34323702e+00 -1.80285707e+02 
 2.72673897e+07 -4.34327923e+00 -1.80279290e+02 
 2.78961683e+07 -4.34331970e+00 -1.80273011e+02 
 2.85394464e+07 -4.34335843e+00 -1.80266866e+02 
 2.91975583e+07 -4.34339544e+00 -1.80260854e+02 
 2.98708461e+07 -4.34343075e+00 -1.80254971e+02 
 3.05596598e+07 -4.34346437e+00 -1.80249215e+02 
 3.12643573e+07 -4.34349634e+00 -1.80243583e+02 
 3.19853049e+07 -4.34352667e+00 -1.80238073e+02 
 3.27228774e+07 -4.34355539e+00 -1.80232683e+02 
 3.34774581e+07 -4.34358254e+00 -1.80227409e+02 
 3.42494392e+07 -4.34360815e+00 -1.80222251e+02 
 3.50392221e+07 -4.34363225e+00 -1.80217206e+02 
 3.58472171e+07 -4.34365488e+00 -1.80212270e+02 
 3.66738442e+07 -4.34367609e+00 -1.80207443e+02 
 3.75195331e+07 -4.34369590e+00 -1.80202722e+02 
 3.83847234e+07 -4.34371438e+00 -1.80198106e+02 
 3.92698648e+07 -4.34373155e+00 -1.80193591e+02 
 4.01754173e+07 -4.34374746e+00 -1.80189176e+02 
 4.11018515e+07 -4.34376217e+00 -1.80184859e+02 
 4.20496491e+07 -4.34377571e+00 -1.80180638e+02 
 4.30193027e+07 -4.34378813e+00 -1.80176512e+02 
 4.40113162e+07 -4.34379948e+00 -1.80172477e+02 
 4.50262052e+07 -4.34380980e+00 -1.80168533e+02 
 4.60644974e+07 -4.34381915e+00 -1.80164678e+02 
 4.71267322e+07 -4.34382757e+00 -1.80160910e+02 
 4.82134619e+07 -4.34383511e+00 -1.80157226e+02 
 4.93252513e+07 -4.34384181e+00 -1.80153626e+02 
 5.04626783e+07 -4.34384772e+00 -1.80150107e+02 
 5.16263340e+07 -4.34385288e+00 -1.80146668e+02 
 5.28168234e+07 -4.34385734e+00 -1.80143307e+02 
 5.40347650e+07 -4.34386114e+00 -1.80140023e+02 
 5.52807921e+07 -4.34386432e+00 -1.80136814e+02 
 5.65555523e+07 -4.34386692e+00 -1.80133678e+02 
 5.78597080e+07 -4.34386898e+00 -1.80130614e+02 
 5.91939372e+07 -4.34387054e+00 -1.80127620e+02 
 6.05589334e+07 -4.34387164e+00 -1.80124695e+02 
 6.19554061e+07 -4.34387231e+00 -1.80121837e+02 
 6.33840810e+07 -4.34387259e+00 -1.80119044e+02 
 6.48457008e+07 -4.34387250e+00 -1.80116316e+02 
 6.63410251e+07 -4.34387208e+00 -1.80113651e+02 
 6.78708313e+07 -4.34387136e+00 -1.80111047e+02 
 6.94359143e+07 -4.34387037e+00 -1.80108504e+02 
 7.10370877e+07 -4.34386914e+00 -1.80106019e+02 
 7.26751838e+07 -4.34386768e+00 -1.80103591e+02 
 7.43510539e+07 -4.34386602e+00 -1.80101220e+02 
 7.60655691e+07 -4.34386419e+00 -1.80098903e+02 
 7.78196206e+07 -4.34386220e+00 -1.80096640e+02 
 7.96141200e+07 -4.34386008e+00 -1.80094429e+02 
 8.14500001e+07 -4.34385785e+00 -1.80092270e+02 
 8.33282151e+07 -4.34385552e+00 -1.80090160e+02 
 8.52497412e+07 -4.34385310e+00 -1.80088100e+02 
 8.72155772e+07 -4.34385062e+00 -1.80086087e+02 
 8.92267449e+07 -4.34384808e+00 -1.80084120e+02 
 9.12842895e+07 -4.34384550e+00 -1.80082199e+02 
 9.33892805e+07 -4.34384289e+00 -1.80080323e+02 
 9.55428121e+07 -4.34384025e+00 -1.80078490e+02 
 9.77460036e+07 -4.34383761e+00 -1.80076699e+02 
 1.00000000e+08 -4.34383497e+00 -1.80074949e+02 
 1.02305973e+08 -4.34383234e+00 -1.80073240e+02 
 1.04665121e+08 -4.34382972e+00 -1.80071571e+02 
 1.07078670e+08 -4.34382712e+00 -1.80069940e+02 
 1.09547876e+08 -4.34382454e+00 -1.80068347e+02 
 1.12074020e+08 -4.34382200e+00 -1.80066790e+02 
 1.14658417e+08 -4.34381949e+00 -1.80065269e+02 
 1.17302409e+08 -4.34381702e+00 -1.80063784e+02 
 1.20007371e+08 -4.34381459e+00 -1.80062332e+02 
 1.22774708e+08 -4.34381221e+00 -1.80060914e+02 
 1.25605860e+08 -4.34380988e+00 -1.80059529e+02 
 1.28502297e+08 -4.34380760e+00 -1.80058175e+02 
 1.31465525e+08 -4.34380537e+00 -1.80056853e+02 
 1.34497085e+08 -4.34380319e+00 -1.80055561e+02 
 1.37598551e+08 -4.34380107e+00 -1.80054298e+02 
 1.40771537e+08 -4.34379900e+00 -1.80053065e+02 
 1.44017690e+08 -4.34379699e+00 -1.80051860e+02 
 1.47338699e+08 -4.34379504e+00 -1.80050682e+02 
 1.50736290e+08 -4.34379314e+00 -1.80049532e+02 
 1.54212228e+08 -4.34379130e+00 -1.80048408e+02 
 1.57768320e+08 -4.34378951e+00 -1.80047309e+02 
 1.61406415e+08 -4.34378778e+00 -1.80046236e+02 
 1.65128404e+08 -4.34378610e+00 -1.80045187e+02 
 1.68936220e+08 -4.34378448e+00 -1.80044162e+02 
 1.72831844e+08 -4.34378291e+00 -1.80043160e+02 
 1.76817299e+08 -4.34378139e+00 -1.80042182e+02 
 1.80894658e+08 -4.34377993e+00 -1.80041225e+02 
 1.85066040e+08 -4.34377851e+00 -1.80040291e+02 
 1.89333613e+08 -4.34377715e+00 -1.80039378e+02 
 1.93699595e+08 -4.34377583e+00 -1.80038485e+02 
 1.98166255e+08 -4.34377456e+00 -1.80037613e+02 
 2.02735916e+08 -4.34377334e+00 -1.80036761e+02 
 2.07410951e+08 -4.34377216e+00 -1.80035928e+02 
 2.12193792e+08 -4.34377102e+00 -1.80035114e+02 
 2.17086923e+08 -4.34376993e+00 -1.80034319e+02 
 2.22092889e+08 -4.34376888e+00 -1.80033541e+02 
 2.27214291e+08 -4.34376787e+00 -1.80032781e+02 
 2.32453791e+08 -4.34376690e+00 -1.80032039e+02 
 2.37814113e+08 -4.34376596e+00 -1.80031313e+02 
 2.43298042e+08 -4.34376506e+00 -1.80030604e+02 
 2.48908429e+08 -4.34376420e+00 -1.80029911e+02 
 2.54648190e+08 -4.34376337e+00 -1.80029233e+02 
 2.60520309e+08 -4.34376257e+00 -1.80028571e+02 
 2.66527837e+08 -4.34376181e+00 -1.80027924e+02 
 2.72673897e+08 -4.34376107e+00 -1.80027292e+02 
 2.78961683e+08 -4.34376037e+00 -1.80026674e+02 
 2.85394464e+08 -4.34375969e+00 -1.80026069e+02 
 2.91975583e+08 -4.34375904e+00 -1.80025479e+02 
 2.98708461e+08 -4.34375842e+00 -1.80024902e+02 
 3.05596598e+08 -4.34375782e+00 -1.80024337e+02 
 3.12643573e+08 -4.34375725e+00 -1.80023786e+02 
 3.19853049e+08 -4.34375670e+00 -1.80023247e+02 
 3.27228774e+08 -4.34375618e+00 -1.80022720e+02 
 3.34774581e+08 -4.34375568e+00 -1.80022205e+02 
 3.42494392e+08 -4.34375519e+00 -1.80021702e+02 
 3.50392221e+08 -4.34375473e+00 -1.80021210e+02 
 3.58472171e+08 -4.34375429e+00 -1.80020729e+02 
 3.66738442e+08 -4.34375386e+00 -1.80020259e+02 
 3.75195331e+08 -4.34375346e+00 -1.80019800e+02 
 3.83847234e+08 -4.34375307e+00 -1.80019350e+02 
 3.92698648e+08 -4.34375269e+00 -1.80018911e+02 
 4.01754173e+08 -4.34375234e+00 -1.80018482e+02 
 4.11018515e+08 -4.34375200e+00 -1.80018063e+02 
 4.20496491e+08 -4.34375167e+00 -1.80017653e+02 
 4.30193027e+08 -4.34375136e+00 -1.80017252e+02 
 4.40113162e+08 -4.34375106e+00 -1.80016860e+02 
 4.50262052e+08 -4.34375077e+00 -1.80016477e+02 
 4.60644974e+08 -4.34375049e+00 -1.80016102e+02 
 4.71267322e+08 -4.34375023e+00 -1.80015736e+02 
 4.82134619e+08 -4.34374998e+00 -1.80015378e+02 
 4.93252513e+08 -4.34374974e+00 -1.80015028e+02 
 5.04626783e+08 -4.34374951e+00 -1.80014686e+02 
 5.16263340e+08 -4.34374929e+00 -1.80014352e+02 
 5.28168234e+08 -4.34374908e+00 -1.80014025e+02 
 5.40347650e+08 -4.34374888e+00 -1.80013705e+02 
 5.52807921e+08 -4.34374869e+00 -1.80013393e+02 
 5.65555523e+08 -4.34374850e+00 -1.80013087e+02 
 5.78597080e+08 -4.34374833e+00 -1.80012789e+02 
 5.91939372e+08 -4.34374816e+00 -1.80012497e+02 
 6.05589334e+08 -4.34374800e+00 -1.80012211e+02 
 6.19554061e+08 -4.34374784e+00 -1.80011932e+02 
 6.33840810e+08 -4.34374769e+00 -1.80011659e+02 
 6.48457008e+08 -4.34374755e+00 -1.80011392e+02 
 6.63410251e+08 -4.34374742e+00 -1.80011131e+02 
 6.78708313e+08 -4.34374729e+00 -1.80010876e+02 
 6.94359143e+08 -4.34374717e+00 -1.80010627e+02 
 7.10370877e+08 -4.34374705e+00 -1.80010383e+02 
 7.26751838e+08 -4.34374694e+00 -1.80010144e+02 
 7.43510539e+08 -4.34374683e+00 -1.80009911e+02 
 7.60655691e+08 -4.34374673e+00 -1.80009683e+02 
 7.78196206e+08 -4.34374663e+00 -1.80009460e+02 
 7.96141200e+08 -4.34374653e+00 -1.80009241e+02 
 8.14500001e+08 -4.34374644e+00 -1.80009028e+02 
 8.33282151e+08 -4.34374636e+00 -1.80008819e+02 
 8.52497412e+08 -4.34374628e+00 -1.80008615e+02 
 8.72155772e+08 -4.34374620e+00 -1.80008416e+02 
 8.92267449e+08 -4.34374612e+00 -1.80008221e+02 
 9.12842895e+08 -4.34374605e+00 -1.80008030e+02 
 9.33892805e+08 -4.34374598e+00 -1.80007843e+02 
 9.55428121e+08 -4.34374592e+00 -1.80007660e+02 
 9.77460036e+08 -4.34374585e+00 -1.80007482e+02 
 1.00000000e+09 -4.34374579e+00 -1.80007307e+02 
