 frequency       v(Zin_cm)       v(Zin_cm)      
 1.00000000e-02  5.78202533e+10 -4.41934399e+10 
 1.02305973e-02  5.77319584e+10 -4.32600667e+10 
 1.04665121e-02  5.76474570e+10 -4.23488314e+10 
 1.07078670e-02  5.75665753e+10 -4.14592827e+10 
 1.09547876e-02  5.74891471e+10 -4.05909791e+10 
 1.12074020e-02  5.74150156e+10 -3.97434889e+10 
 1.14658417e-02  5.73440230e+10 -3.89163900e+10 
 1.17302409e-02  5.72760256e+10 -3.81092692e+10 
 1.20007371e-02  5.72108834e+10 -3.73217231e+10 
 1.22774708e-02  5.71484620e+10 -3.65533568e+10 
 1.25605860e-02  5.70886329e+10 -3.58037849e+10 
 1.28502297e-02  5.70312725e+10 -3.50726305e+10 
 1.31465525e-02  5.69762653e+10 -3.43595255e+10 
 1.34497085e-02  5.69234921e+10 -3.36641102e+10 
 1.37598551e-02  5.68728469e+10 -3.29860335e+10 
 1.40771537e-02  5.68242249e+10 -3.23249525e+10 
 1.44017690e-02  5.67775257e+10 -3.16805324e+10 
 1.47338699e-02  5.67326556e+10 -3.10524464e+10 
 1.50736290e-02  5.66895163e+10 -3.04403756e+10 
 1.54212228e-02  5.66480214e+10 -2.98440089e+10 
 1.57768320e-02  5.66080851e+10 -2.92630427e+10 
 1.61406415e-02  5.65696274e+10 -2.86971810e+10 
 1.65128404e-02  5.65325634e+10 -2.81461351e+10 
 1.68936220e-02  5.64968192e+10 -2.76096235e+10 
 1.72831844e-02  5.64623207e+10 -2.70873719e+10 
 1.76817299e-02  5.64289993e+10 -2.65791130e+10 
 1.80894658e-02  5.63967807e+10 -2.60845861e+10 
 1.85066040e-02  5.63656007e+10 -2.56035377e+10 
 1.89333613e-02  5.63353978e+10 -2.51357207e+10 
 1.93699595e-02  5.63061038e+10 -2.46808942e+10 
 1.98166255e-02  5.62776636e+10 -2.42388245e+10 
 2.02735916e-02  5.62500130e+10 -2.38092833e+10 
 2.07410951e-02  5.62230974e+10 -2.33920492e+10 
 2.12193792e-02  5.61968638e+10 -2.29869065e+10 
 2.17086923e-02  5.61712527e+10 -2.25936455e+10 
 2.22092889e-02  5.61462164e+10 -2.22120626e+10 
 2.27214291e-02  5.61216978e+10 -2.18419596e+10 
 2.32453791e-02  5.60976516e+10 -2.14831443e+10 
 2.37814113e-02  5.60740228e+10 -2.11354298e+10 
 2.43298042e-02  5.60507680e+10 -2.07986351e+10 
 2.48908429e-02  5.60278364e+10 -2.04725840e+10 
 2.54648190e-02  5.60051782e+10 -2.01571058e+10 
 2.60520309e-02  5.59827519e+10 -1.98520352e+10 
 2.66527837e-02  5.59605087e+10 -1.95572118e+10 
 2.72673897e-02  5.59384002e+10 -1.92724799e+10 
 2.78961683e-02  5.59163863e+10 -1.89976896e+10 
 2.85394464e-02  5.58944190e+10 -1.87326948e+10 
 2.91975583e-02  5.58724532e+10 -1.84773547e+10 
 2.98708461e-02  5.58504441e+10 -1.82315330e+10 
 3.05596598e-02  5.58283464e+10 -1.79950979e+10 
 3.12643573e-02  5.58061123e+10 -1.77679219e+10 
 3.19853049e-02  5.57837019e+10 -1.75498826e+10 
 3.27228774e-02  5.57610693e+10 -1.73408616e+10 
 3.34774581e-02  5.57381632e+10 -1.71407438e+10 
 3.42494392e-02  5.57149398e+10 -1.69494193e+10 
 3.50392221e-02  5.56913518e+10 -1.67667818e+10 
 3.58472171e-02  5.56673516e+10 -1.65927292e+10 
 3.66738442e-02  5.56428933e+10 -1.64271634e+10 
 3.75195331e-02  5.56179222e+10 -1.62699891e+10 
 3.83847234e-02  5.55923908e+10 -1.61211159e+10 
 3.92698648e-02  5.55662505e+10 -1.59804568e+10 
 4.01754173e-02  5.55394437e+10 -1.58479272e+10 
 4.11018515e-02  5.55119220e+10 -1.57234478e+10 
 4.20496491e-02  5.54836280e+10 -1.56069412e+10 
 4.30193027e-02  5.54545055e+10 -1.54983336e+10 
 4.40113162e-02  5.54244942e+10 -1.53975540e+10 
 4.50262052e-02  5.53935401e+10 -1.53045359e+10 
 4.60644974e-02  5.53615795e+10 -1.52192143e+10 
 4.71267322e-02  5.53285498e+10 -1.51415275e+10 
 4.82134619e-02  5.52943891e+10 -1.50714171e+10 
 4.93252513e-02  5.52590254e+10 -1.50088258e+10 
 5.04626783e-02  5.52223929e+10 -1.49537005e+10 
 5.16263340e-02  5.51844232e+10 -1.49059903e+10 
 5.28168234e-02  5.51450407e+10 -1.48656456e+10 
 5.40347650e-02  5.51041672e+10 -1.48326191e+10 
 5.52807921e-02  5.50617299e+10 -1.48068671e+10 
 5.65555523e-02  5.50176457e+10 -1.47883461e+10 
 5.78597080e-02  5.49718311e+10 -1.47770151e+10 
 5.91939372e-02  5.49242026e+10 -1.47728350e+10 
 6.05589334e-02  5.48746658e+10 -1.47757666e+10 
 6.19554061e-02  5.48231338e+10 -1.47857745e+10 
 6.33840810e-02  5.47695061e+10 -1.48028216e+10 
 6.48457008e-02  5.47136893e+10 -1.48268748e+10 
 6.63410251e-02  5.46555787e+10 -1.48578994e+10 
 6.78708313e-02  5.45950689e+10 -1.48958620e+10 
 6.94359143e-02  5.45320535e+10 -1.49407307e+10 
 7.10370877e-02  5.44664146e+10 -1.49924709e+10 
 7.26751838e-02  5.43980407e+10 -1.50510516e+10 
 7.43510539e-02  5.43268089e+10 -1.51164387e+10 
 7.60655691e-02  5.42525947e+10 -1.51885986e+10 
 7.78196206e-02  5.41752723e+10 -1.52674977e+10 
 7.96141200e-02  5.40947039e+10 -1.53530987e+10 
 8.14500001e-02  5.40107576e+10 -1.54453666e+10 
 8.33282151e-02  5.39232899e+10 -1.55442618e+10 
 8.52497412e-02  5.38321552e+10 -1.56497440e+10 
 8.72155772e-02  5.37372059e+10 -1.57617713e+10 
 8.92267449e-02  5.36382853e+10 -1.58802974e+10 
 9.12842895e-02  5.35352346e+10 -1.60052741e+10 
 9.33892805e-02  5.34278902e+10 -1.61366497e+10 
 9.55428121e-02  5.33160869e+10 -1.62743698e+10 
 9.77460036e-02  5.31996497e+10 -1.64183742e+10 
 1.00000000e-01  5.30784020e+10 -1.65685987e+10 
 1.02305973e-01  5.29521648e+10 -1.67249758e+10 
 1.04665121e-01  5.28207482e+10 -1.68874289e+10 
 1.07078670e-01  5.26839691e+10 -1.70558816e+10 
 1.09547876e-01  5.25416269e+10 -1.72302440e+10 
 1.12074020e-01  5.23935283e+10 -1.74104257e+10 
 1.14658417e-01  5.22394696e+10 -1.75963251e+10 
 1.17302409e-01  5.20792478e+10 -1.77878358e+10 
 1.20007371e-01  5.19126523e+10 -1.79848403e+10 
 1.22774708e-01  5.17394716e+10 -1.81872137e+10 
 1.25605860e-01  5.15594935e+10 -1.83948235e+10 
 1.28502297e-01  5.13724995e+10 -1.86075244e+10 
 1.31465525e-01  5.11782709e+10 -1.88251625e+10 
 1.34497085e-01  5.09765897e+10 -1.90475744e+10 
 1.37598551e-01  5.07672349e+10 -1.92745839e+10 
 1.40771537e-01  5.05499806e+10 -1.95060005e+10 
 1.44017690e-01  5.03246095e+10 -1.97416269e+10 
 1.47338699e-01  5.00909006e+10 -1.99812504e+10 
 1.50736290e-01  4.98486328e+10 -2.02246435e+10 
 1.54212228e-01  4.95975886e+10 -2.04715666e+10 
 1.57768320e-01  4.93375559e+10 -2.07217677e+10 
 1.61406415e-01  4.90683222e+10 -2.09749774e+10 
 1.65128404e-01  4.87896837e+10 -2.12309147e+10 
 1.68936220e-01  4.85014386e+10 -2.14892806e+10 
 1.72831844e-01  4.82033936e+10 -2.17497625e+10 
 1.76817299e-01  4.78953648e+10 -2.20120342e+10 
 1.80894658e-01  4.75771756e+10 -2.22757525e+10 
 1.85066040e-01  4.72486575e+10 -2.25405572e+10 
 1.89333613e-01  4.69096554e+10 -2.28060743e+10 
 1.93699595e-01  4.65600263e+10 -2.30719149e+10 
 1.98166255e-01  4.61996426e+10 -2.33376765e+10 
 2.02735916e-01  4.58283900e+10 -2.36029407e+10 
 2.07410951e-01  4.54461680e+10 -2.38672714e+10 
 2.12193792e-01  4.50528993e+10 -2.41302259e+10 
 2.17086923e-01  4.46485226e+10 -2.43913452e+10 
 2.22092889e-01  4.42329959e+10 -2.46501563e+10 
 2.27214291e-01  4.38062998e+10 -2.49061769e+10 
 2.32453791e-01  4.33684381e+10 -2.51589147e+10 
 2.37814113e-01  4.29194394e+10 -2.54078701e+10 
 2.43298042e-01  4.24593554e+10 -2.56525323e+10 
 2.48908429e-01  4.19882654e+10 -2.58923861e+10 
 2.54648190e-01  4.15062758e+10 -2.61269116e+10 
 2.60520309e-01  4.10135220e+10 -2.63555878e+10 
 2.66527837e-01  4.05101668e+10 -2.65778886e+10 
 2.72673897e-01  3.99964027e+10 -2.67932890e+10 
 2.78961683e-01  3.94724554e+10 -2.70012735e+10 
 2.85394464e-01  3.89385765e+10 -2.72013207e+10 
 2.91975583e-01  3.83950517e+10 -2.73929230e+10 
 2.98708461e-01  3.78421966e+10 -2.75755806e+10 
 3.05596598e-01  3.72803580e+10 -2.77488061e+10 
 3.12643573e-01  3.67099113e+10 -2.79121210e+10 
 3.19853049e-01  3.61312635e+10 -2.80650676e+10 
 3.27228774e-01  3.55448505e+10 -2.82072065e+10 
 3.34774581e-01  3.49511351e+10 -2.83381135e+10 
 3.42494392e-01  3.43506083e+10 -2.84573922e+10 
 3.50392221e-01  3.37437864e+10 -2.85646691e+10 
 3.58472171e-01  3.31312097e+10 -2.86595976e+10 
 3.66738442e-01  3.25134410e+10 -2.87418597e+10 
 3.75195331e-01  3.18910633e+10 -2.88111663e+10 
 3.83847234e-01  3.12646786e+10 -2.88672650e+10 
 3.92698648e-01  3.06349045e+10 -2.89099311e+10 
 4.01754173e-01  3.00023725e+10 -2.89389789e+10 
 4.11018515e-01  2.93677256e+10 -2.89542559e+10 
 4.20496491e-01  2.87316156e+10 -2.89556506e+10 
 4.30193027e-01  2.80946999e+10 -2.89430833e+10 
 4.40113162e-01  2.74576398e+10 -2.89165148e+10 
 4.50262052e-01  2.68210968e+10 -2.88759465e+10 
 4.60644974e-01  2.61857305e+10 -2.88214126e+10 
 4.71267322e-01  2.55521957e+10 -2.87529874e+10 
 4.82134619e-01  2.49211393e+10 -2.86707847e+10 
 4.93252513e-01  2.42931984e+10 -2.85749496e+10 
 5.04626783e-01  2.36689974e+10 -2.84656650e+10 
 5.16263340e-01  2.30491452e+10 -2.83431490e+10 
 5.28168234e-01  2.24342334e+10 -2.82076513e+10 
 5.40347650e-01  2.18248346e+10 -2.80594514e+10 
 5.52807921e-01  2.12214990e+10 -2.78988606e+10 
 5.65555523e-01  2.06247542e+10 -2.77262156e+10 
 5.78597080e-01  2.00351021e+10 -2.75418804e+10 
 5.91939372e-01  1.94530186e+10 -2.73462415e+10 
 6.05589334e-01  1.88789521e+10 -2.71397059e+10 
 6.19554061e-01  1.83133219e+10 -2.69227012e+10 
 6.33840810e-01  1.77565184e+10 -2.66956701e+10 
 6.48457008e-01  1.72089010e+10 -2.64590713e+10 
 6.63410251e-01  1.66707992e+10 -2.62133748e+10 
 6.78708313e-01  1.61425118e+10 -2.59590596e+10 
 6.94359143e-01  1.56243068e+10 -2.56966134e+10 
 7.10370877e-01  1.51164209e+10 -2.54265297e+10 
 7.26751838e-01  1.46190608e+10 -2.51493046e+10 
 7.43510539e-01  1.41324035e+10 -2.48654355e+10 
 7.60655691e-01  1.36565969e+10 -2.45754185e+10 
 7.78196206e-01  1.31917600e+10 -2.42797479e+10 
 7.96141200e-01  1.27379836e+10 -2.39789146e+10 
 8.14500001e-01  1.22953333e+10 -2.36734012e+10 
 8.33282151e-01  1.18638470e+10 -2.33636857e+10 
 8.52497412e-01  1.14435398e+10 -2.30502352e+10 
 8.72155772e-01  1.10344024e+10 -2.27335080e+10 
 8.92267449e-01  1.06364042e+10 -2.24139506e+10 
 9.12842895e-01  1.02494927e+10 -2.20919980e+10 
 9.33892805e-01  9.87359661e+09 -2.17680720e+10 
 9.55428121e-01  9.50862618e+09 -2.14425807e+10 
 9.77460036e-01  9.15447514e+09 -2.11159175e+10 
 1.00000000e+00  8.81102096e+09 -2.07884615e+10 
 1.02305973e+00  8.47812748e+09 -2.04605761e+10 
 1.04665121e+00  8.15564458e+09 -2.01326099e+10 
 1.07078670e+00  7.84341162e+09 -1.98048947e+10 
 1.09547876e+00  7.54125651e+09 -1.94777470e+10 
 1.12074020e+00  7.24899838e+09 -1.91514671e+10 
 1.14658417e+00  6.96644758e+09 -1.88263398e+10 
 1.17302409e+00  6.69340758e+09 -1.85026338e+10 
 1.20007371e+00  6.42967579e+09 -1.81806023e+10 
 1.22774708e+00  6.17504448e+09 -1.78604828e+10 
 1.25605860e+00  5.92930201e+09 -1.75424979e+10 
 1.28502297e+00  5.69223293e+09 -1.72268555e+10 
 1.31465525e+00  5.46361957e+09 -1.69137489e+10 
 1.34497085e+00  5.24324257e+09 -1.66033573e+10 
 1.37598551e+00  5.03088180e+09 -1.62958462e+10 
 1.40771537e+00  4.82631615e+09 -1.59913683e+10 
 1.44017690e+00  4.62932567e+09 -1.56900629e+10 
 1.47338699e+00  4.43969061e+09 -1.53920575e+10 
 1.50736290e+00  4.25719283e+09 -1.50974677e+10 
 1.54212228e+00  4.08161618e+09 -1.48063975e+10 
 1.57768320e+00  3.91274622e+09 -1.45189405e+10 
 1.61406415e+00  3.75037186e+09 -1.42351797e+10 
 1.65128404e+00  3.59428429e+09 -1.39551884e+10 
 1.68936220e+00  3.44427864e+09 -1.36790304e+10 
 1.72831844e+00  3.30015305e+09 -1.34067606e+10 
 1.76817299e+00  3.16170975e+09 -1.31384256e+10 
 1.80894658e+00  3.02875446e+09 -1.28740642e+10 
 1.85066040e+00  2.90109749e+09 -1.26137073e+10 
 1.89333613e+00  2.77855335e+09 -1.23573791e+10 
 1.93699595e+00  2.66094054e+09 -1.21050970e+10 
 1.98166255e+00  2.54808252e+09 -1.18568722e+10 
 2.02735916e+00  2.43980691e+09 -1.16127101e+10 
 2.07410951e+00  2.33594598e+09 -1.13726107e+10 
 2.12193792e+00  2.23633664e+09 -1.11365688e+10 
 2.17086923e+00  2.14082037e+09 -1.09045746e+10 
 2.22092889e+00  2.04924326e+09 -1.06766139e+10 
 2.27214291e+00  1.96145597e+09 -1.04526685e+10 
 2.32453791e+00  1.87731374e+09 -1.02327162e+10 
 2.37814113e+00  1.79667636e+09 -1.00167317e+10 
 2.43298042e+00  1.71940785e+09 -9.80468636e+09 
 2.48908429e+00  1.64537696e+09 -9.59654863e+09 
 2.54648190e+00  1.57445653e+09 -9.39228434e+09 
 2.60520309e+00  1.50652373e+09 -9.19185692e+09 
 2.66527837e+00  1.44145992e+09 -8.99522760e+09 
 2.72673897e+00  1.37915048e+09 -8.80235566e+09 
 2.78961683e+00  1.31948501e+09 -8.61319856e+09 
 2.85394464e+00  1.26235682e+09 -8.42771222e+09 
 2.91975583e+00  1.20766311e+09 -8.24585117e+09 
 2.98708461e+00  1.15530481e+09 -8.06756867e+09 
 3.05596598e+00  1.10518648e+09 -7.89281691e+09 
 3.12643573e+00  1.05721622e+09 -7.72154717e+09 
 3.19853049e+00  1.01130556e+09 -7.55370991e+09 
 3.27228774e+00  9.67369353e+08 -7.38925493e+09 
 3.34774581e+00  9.25325708e+08 -7.22813149e+09 
 3.42494392e+00  8.85095906e+08 -7.07028841e+09 
 3.50392221e+00  8.46604094e+08 -6.91567416e+09 
 3.58472171e+00  8.09777626e+08 -6.76423701e+09 
 3.66738442e+00  7.74546528e+08 -6.61592504e+09 
 3.75195331e+00  7.40843662e+08 -6.47068630e+09 
 3.83847234e+00  7.08604439e+08 -6.32846883e+09 
 3.92698648e+00  6.77766953e+08 -6.18922075e+09 
 4.01754173e+00  6.48271808e+08 -6.05289035e+09 
 4.11018515e+00  6.20061835e+08 -5.91942609e+09 
 4.20496491e+00  5.93082309e+08 -5.78877670e+09 
 4.30193027e+00  5.67280670e+08 -5.66089124e+09 
 4.40113162e+00  5.42606586e+08 -5.53571910e+09 
 4.50262052e+00  5.19011680e+08 -5.41321007e+09 
 4.60644974e+00  4.96449647e+08 -5.29331438e+09 
 4.71267322e+00  4.74876066e+08 -5.17598272e+09 
 4.82134619e+00  4.54248383e+08 -5.06116629e+09 
 4.93252513e+00  4.34525765e+08 -4.94881679e+09 
 5.04626783e+00  4.15669108e+08 -4.83888648e+09 
 5.16263340e+00  3.97640947e+08 -4.73132820e+09 
 5.28168234e+00  3.80405386e+08 -4.62609537e+09 
 5.40347650e+00  3.63928025e+08 -4.52314202e+09 
 5.52807921e+00  3.48175970e+08 -4.42242279e+09 
 5.65555523e+00  3.33117663e+08 -4.32389297e+09 
 5.78597080e+00  3.18722889e+08 -4.22750849e+09 
 5.91939372e+00  3.04962779e+08 -4.13322591e+09 
 6.05589334e+00  2.91809601e+08 -4.04100248e+09 
 6.19554061e+00  2.79236856e+08 -3.95079608e+09 
 6.33840810e+00  2.67219203e+08 -3.86256531e+09 
 6.48457008e+00  2.55732347e+08 -3.77626939e+09 
 6.63410251e+00  2.44753061e+08 -3.69186824e+09 
 6.78708313e+00  2.34259082e+08 -3.60932245e+09 
 6.94359143e+00  2.24229142e+08 -3.52859329e+09 
 7.10370877e+00  2.14642878e+08 -3.44964268e+09 
 7.26751838e+00  2.05480818e+08 -3.37243324e+09 
 7.43510539e+00  1.96724300e+08 -3.29692823e+09 
 7.60655691e+00  1.88355504e+08 -3.22309159e+09 
 7.78196206e+00  1.80357363e+08 -3.15088791e+09 
 7.96141200e+00  1.72713577e+08 -3.08028246e+09 
 8.14500001e+00  1.65408530e+08 -3.01124111e+09 
 8.33282151e+00  1.58427292e+08 -2.94373043e+09 
 8.52497412e+00  1.51755595e+08 -2.87771758e+09 
 8.72155772e+00  1.45379769e+08 -2.81317036e+09 
 8.92267449e+00  1.39286775e+08 -2.75005723e+09 
 9.12842895e+00  1.33464094e+08 -2.68834720e+09 
 9.33892805e+00  1.27899805e+08 -2.62800994e+09 
 9.55428121e+00  1.22582501e+08 -2.56901572e+09 
 9.77460036e+00  1.17501246e+08 -2.51133536e+09 
 1.00000000e+01  1.12645607e+08 -2.45494031e+09 
 1.02305973e+01  1.08005599e+08 -2.39980256e+09 
 1.04665121e+01  1.03571697e+08 -2.34589469e+09 
 1.07078670e+01  9.93347552e+07 -2.29318983e+09 
 1.09547876e+01  9.52860603e+07 -2.24166167e+09 
 1.12074020e+01  9.14172788e+07 -2.19128441e+09 
 1.14658417e+01  8.77204305e+07 -2.14203282e+09 
 1.17302409e+01  8.41879077e+07 -2.09388217e+09 
 1.20007371e+01  8.08124144e+07 -2.04680825e+09 
 1.22774708e+01  7.75869844e+07 -2.00078736e+09 
 1.25605860e+01  7.45049764e+07 -1.95579630e+09 
 1.28502297e+01  7.15600180e+07 -1.91181234e+09 
 1.31465525e+01  6.87460376e+07 -1.86881325e+09 
 1.34497085e+01  6.60572104e+07 -1.82677727e+09 
 1.37598551e+01  6.34879873e+07 -1.78568307e+09 
 1.40771537e+01  6.10330636e+07 -1.74550983e+09 
 1.44017690e+01  5.86873534e+07 -1.70623712e+09 
 1.47338699e+01  5.64460141e+07 -1.66784498e+09 
 1.50736290e+01  5.43044071e+07 -1.63031387e+09 
 1.54212228e+01  5.22580998e+07 -1.59362466e+09 
 1.57768320e+01  5.03028622e+07 -1.55775866e+09 
 1.61406415e+01  4.84346470e+07 -1.52269755e+09 
 1.65128404e+01  4.66495827e+07 -1.48842343e+09 
 1.68936220e+01  4.49439735e+07 -1.45491877e+09 
 1.72831844e+01  4.33142943e+07 -1.42216644e+09 
 1.76817299e+01  4.17571570e+07 -1.39014967e+09 
 1.80894658e+01  4.02693495e+07 -1.35885206e+09 
 1.85066040e+01  3.88477294e+07 -1.32825752e+09 
 1.89333613e+01  3.74894568e+07 -1.29835044e+09 
 1.93699595e+01  3.61916629e+07 -1.26911545e+09 
 1.98166255e+01  3.49516574e+07 -1.24053751e+09 
 2.02735916e+01  3.37668684e+07 -1.21260195e+09 
 2.07410951e+01  3.26348404e+07 -1.18529440e+09 
 2.12193792e+01  3.15532271e+07 -1.15860083e+09 
 2.17086923e+01  3.05197839e+07 -1.13250749e+09 
 2.22092889e+01  2.95323671e+07 -1.10700096e+09 
 2.27214291e+01  2.85889295e+07 -1.08206810e+09 
 2.32453791e+01  2.76875116e+07 -1.05769605e+09 
 2.37814113e+01  2.68262441e+07 -1.03387227e+09 
 2.43298042e+01  2.60033415e+07 -1.01058446e+09 
 2.48908429e+01  2.52170916e+07 -9.87820615e+08 
 2.54648190e+01  2.44658670e+07 -9.65568987e+08 
 2.60520309e+01  2.37481066e+07 -9.43818092e+08 
 2.66527837e+01  2.30623204e+07 -9.22556699e+08 
 2.72673897e+01  2.24070850e+07 -9.01773828e+08 
 2.78961683e+01  2.17810397e+07 -8.81458740e+08 
 2.85394464e+01  2.11828857e+07 -8.61600941e+08 
 2.91975583e+01  2.06113794e+07 -8.42190163e+08 
 2.98708461e+01  2.00653353e+07 -8.23216373e+08 
 3.05596598e+01  1.95436191e+07 -8.04669757e+08 
 3.12643573e+01  1.90451472e+07 -7.86540723e+08 
 3.19853049e+01  1.85688847e+07 -7.68819892e+08 
 3.27228774e+01  1.81138409e+07 -7.51498090e+08 
 3.34774581e+01  1.76790733e+07 -7.34566358e+08 
 3.42494392e+01  1.72636771e+07 -7.18015928e+08 
 3.50392221e+01  1.68667882e+07 -7.01838227e+08 
 3.58472171e+01  1.64875848e+07 -6.86024883e+08 
 3.66738442e+01  1.61252772e+07 -6.70567702e+08 
 3.75195331e+01  1.57791141e+07 -6.55458680e+08 
 3.83847234e+01  1.54483750e+07 -6.40689986e+08 
 3.92698648e+01  1.51323738e+07 -6.26253970e+08 
 4.01754173e+01  1.48304523e+07 -6.12143147e+08 
 4.11018515e+01  1.45419847e+07 -5.98350205e+08 
 4.20496491e+01  1.42663708e+07 -5.84867994e+08 
 4.30193027e+01  1.40030389e+07 -5.71689527e+08 
 4.40113162e+01  1.37514406e+07 -5.58807967e+08 
 4.50262052e+01  1.35110541e+07 -5.46216637e+08 
 4.60644974e+01  1.32813788e+07 -5.33909004e+08 
 4.71267322e+01  1.30619379e+07 -5.21878688e+08 
 4.82134619e+01  1.28522750e+07 -5.10119445e+08 
 4.93252513e+01  1.26519548e+07 -4.98625178e+08 
 5.04626783e+01  1.24605611e+07 -4.87389923e+08 
 5.16263340e+01  1.22776957e+07 -4.76407850e+08 
 5.28168234e+01  1.21029724e+07 -4.65673243e+08 
 5.40347650e+01  1.19360407e+07 -4.55180567e+08 
 5.52807921e+01  1.17765468e+07 -4.44924358e+08 
 5.65555523e+01  1.16241602e+07 -4.34899296e+08 
 5.78597080e+01  1.14785634e+07 -4.25100175e+08 
 5.91939372e+01  1.13394537e+07 -4.15521910e+08 
 6.05589334e+01  1.12065425e+07 -4.06159528e+08 
 6.19554061e+01  1.10795530e+07 -3.97008169e+08 
 6.33840810e+01  1.09582212e+07 -3.88063082e+08 
 6.48457008e+01  1.08422954e+07 -3.79319624e+08 
 6.63410251e+01  1.07315339e+07 -3.70773253e+08 
 6.78708313e+01  1.06257070e+07 -3.62419533e+08 
 6.94359143e+01  1.05245947e+07 -3.54254127e+08 
 7.10370877e+01  1.04279834e+07 -3.46272780e+08 
 7.26751838e+01  1.03356787e+07 -3.38471375e+08 
 7.43510539e+01  1.02474858e+07 -3.30845847e+08 
 7.60655691e+01  1.01632209e+07 -3.23392235e+08 
 7.78196206e+01  1.00827089e+07 -3.16106668e+08 
 7.96141200e+01  1.00057826e+07 -3.08985363e+08 
 8.14500001e+01  9.93228197e+06 -3.02024621e+08 
 8.33282151e+01  9.86205434e+06 -2.95220826e+08 
 8.52497412e+01  9.79495361e+06 -2.88570444e+08 
 8.72155772e+01  9.73083817e+06 -2.82070011e+08 
 8.92267449e+01  9.66957897e+06 -2.75716170e+08 
 9.12842895e+01  9.61104646e+06 -2.69505610e+08 
 9.33892805e+01  9.55511895e+06 -2.63435105e+08 
 9.55428121e+01  9.50168010e+06 -2.57501501e+08 
 9.77460036e+01  9.45061910e+06 -2.51701717e+08 
 1.00000000e+02  9.40182795e+06 -2.46032728e+08 
 1.02305973e+02  9.35520848e+06 -2.40491611e+08 
 1.04665121e+02  9.31066219e+06 -2.35075475e+08 
 1.07078670e+02  9.26809634e+06 -2.29781506e+08 
 1.09547876e+02  9.22742244e+06 -2.24606954e+08 
 1.12074020e+02  9.18855471e+06 -2.19549123e+08 
 1.14658417e+02  9.15141492e+06 -2.14605400e+08 
 1.17302409e+02  9.11592466e+06 -2.09773211e+08 
 1.20007371e+02  9.08200884e+06 -2.05050034e+08 
 1.22774708e+02  9.04959919e+06 -2.00433433e+08 
 1.25605860e+02  9.01862741e+06 -1.95920999e+08 
 1.28502297e+02  8.98902898e+06 -1.91510390e+08 
 1.31465525e+02  8.96074125e+06 -1.87199304e+08 
 1.34497085e+02  8.93370735e+06 -1.82985517e+08 
 1.37598551e+02  8.90787023e+06 -1.78866832e+08 
 1.40771537e+02  8.88317547e+06 -1.74841102e+08 
 1.44017690e+02  8.85957307e+06 -1.70906249e+08 
 1.47338699e+02  8.83701257e+06 -1.67060213e+08 
 1.50736290e+02  8.81544866e+06 -1.63301011e+08 
 1.54212228e+02  8.79483487e+06 -1.59626675e+08 
 1.57768320e+02  8.77512953e+06 -1.56035309e+08 
 1.61406415e+02  8.75629085e+06 -1.52525034e+08 
 1.65128404e+02  8.73828044e+06 -1.49094038e+08 
 1.68936220e+02  8.72106007e+06 -1.45740526e+08 
 1.72831844e+02  8.70459457e+06 -1.42462766e+08 
 1.76817299e+02  8.68884905e+06 -1.39259044e+08 
 1.80894658e+02  8.67379154e+06 -1.36127707e+08 
 1.85066040e+02  8.65938994e+06 -1.33067116e+08 
 1.89333613e+02  8.64561476e+06 -1.30075685e+08 
 1.93699595e+02  8.63243782e+06 -1.27151866e+08 
 1.98166255e+02  8.61983048e+06 -1.24294128e+08 
 2.02735916e+02  8.60776737e+06 -1.21500992e+08 
 2.07410951e+02  8.59622322e+06 -1.18771005e+08 
 2.12193792e+02  8.58517401e+06 -1.16102750e+08 
 2.17086923e+02  8.57459683e+06 -1.13494840e+08 
 2.22092889e+02  8.56446973e+06 -1.10945922e+08 
 2.27214291e+02  8.55477129e+06 -1.08454664e+08 
 2.32453791e+02  8.54548172e+06 -1.06019775e+08 
 2.37814113e+02  8.53658129e+06 -1.03639987e+08 
 2.43298042e+02  8.52805186e+06 -1.01314069e+08 
 2.48908429e+02  8.51987568e+06 -9.90408095e+07 
 2.54648190e+02  8.51203536e+06 -9.68190267e+07 
 2.60520309e+02  8.50451509e+06 -9.46475657e+07 
 2.66527837e+02  8.49729864e+06 -9.25252950e+07 
 2.72673897e+02  8.49037139e+06 -9.04511178e+07 
 2.78961683e+02  8.48371869e+06 -8.84239495e+07 
 2.85394464e+02  8.47732698e+06 -8.64427434e+07 
 2.91975583e+02  8.47118273e+06 -8.45064630e+07 
 2.98708461e+02  8.46527288e+06 -8.26141048e+07 
 3.05596598e+02  8.45958566e+06 -8.07646889e+07 
 3.12643573e+02  8.45410916e+06 -7.89572476e+07 
 3.19853049e+02  8.44883135e+06 -7.71908447e+07 
 3.27228774e+02  8.44374153e+06 -7.54645617e+07 
 3.34774581e+02  8.43882934e+06 -7.37775019e+07 
 3.42494392e+02  8.43408410e+06 -7.21287848e+07 
 3.50392221e+02  8.42949616e+06 -7.05175594e+07 
 3.58472171e+02  8.42505577e+06 -6.89429857e+07 
 3.66738442e+02  8.42075378e+06 -6.74042421e+07 
 3.75195331e+02  8.41658113e+06 -6.59005318e+07 
 3.83847234e+02  8.41252901e+06 -6.44310755e+07 
 3.92698648e+02  8.40858911e+06 -6.29951041e+07 
 4.01754173e+02  8.40475277e+06 -6.15918738e+07 
 4.11018515e+02  8.40101230e+06 -6.02206529e+07 
 4.20496491e+02  8.39735949e+06 -5.88807330e+07 
 4.30193027e+02  8.39378696e+06 -5.75714131e+07 
 4.40113162e+02  8.39028718e+06 -5.62920169e+07 
 4.50262052e+02  8.38685247e+06 -5.50418747e+07 
 4.60644974e+02  8.38347599e+06 -5.38203388e+07 
 4.71267322e+02  8.38015013e+06 -5.26267740e+07 
 4.82134619e+02  8.37686812e+06 -5.14605574e+07 
 4.93252513e+02  8.37362293e+06 -5.03210871e+07 
 5.04626783e+02  8.37040767e+06 -4.92077662e+07 
 5.16263340e+02  8.36721549e+06 -4.81200176e+07 
 5.28168234e+02  8.36403971e+06 -4.70572738e+07 
 5.40347650e+02  8.36087328e+06 -4.60189856e+07 
 5.52807921e+02  8.35770951e+06 -4.50046093e+07 
 5.65555523e+02  8.35454165e+06 -4.40136190e+07 
 5.78597080e+02  8.35136357e+06 -4.30454971e+07 
 5.91939372e+02  8.34816735e+06 -4.20997432e+07 
 6.05589334e+02  8.34494678e+06 -4.11758620e+07 
 6.19554061e+02  8.34169505e+06 -4.02733720e+07 
 6.33840810e+02  8.33840475e+06 -3.93918072e+07 
 6.48457008e+02  8.33506894e+06 -3.85307047e+07 
 6.63410251e+02  8.33168108e+06 -3.76896165e+07 
 6.78708313e+02  8.32823296e+06 -3.68681071e+07 
 6.94359143e+02  8.32471779e+06 -3.60657438e+07 
 7.10370877e+02  8.32112794e+06 -3.52821133e+07 
 7.26751838e+02  8.31745547e+06 -3.45168033e+07 
 7.43510539e+02  8.31369318e+06 -3.37694152e+07 
 7.60655691e+02  8.30983241e+06 -3.30395598e+07 
 7.78196206e+02  8.30586510e+06 -3.23268548e+07 
 7.96141200e+02  8.30178293e+06 -3.16309295e+07 
 8.14500001e+02  8.29757730e+06 -3.09514198e+07 
 8.33282151e+02  8.29323909e+06 -3.02879678e+07 
 8.52497412e+02  8.28875968e+06 -2.96402302e+07 
 8.72155772e+02  8.28412917e+06 -2.90078639e+07 
 8.92267449e+02  8.27933836e+06 -2.83905403e+07 
 9.12842895e+02  8.27437719e+06 -2.77879338e+07 
 9.33892805e+02  8.26923524e+06 -2.71997283e+07 
 9.55428121e+02  8.26390208e+06 -2.66256156e+07 
 9.77460036e+02  8.25836717e+06 -2.60652927e+07 
 1.00000000e+03  8.25261867e+06 -2.55184640e+07 
