 frequency       v(Zin_cm)       v(Zin_cm)      
 1.00000000e-02  1.02771832e+11 -2.05534574e+11 
 1.02305973e-02  1.00795982e+11 -2.01400392e+11 
 1.04665121e-02  9.88999361e+10 -1.97333484e+11 
 1.07078670e-02  9.70807940e+10 -1.93333987e+11 
 1.09547876e-02  9.53357340e+10 -1.89401945e+11 
 1.12074020e-02  9.36620047e+10 -1.85537321e+11 
 1.14658417e-02  9.20569394e+10 -1.81739996e+11 
 1.17302409e-02  9.05179466e+10 -1.78009775e+11 
 1.20007371e-02  8.90425118e+10 -1.74346398e+11 
 1.22774708e-02  8.76281970e+10 -1.70749542e+11 
 1.25605860e-02  8.62726404e+10 -1.67218823e+11 
 1.28502297e-02  8.49735546e+10 -1.63753808e+11 
 1.31465525e-02  8.37287292e+10 -1.60354010e+11 
 1.34497085e-02  8.25360185e+10 -1.57018904e+11 
 1.37598551e-02  8.13933564e+10 -1.53747919e+11 
 1.40771537e-02  8.02987438e+10 -1.50540450e+11 
 1.44017690e-02  7.92502510e+10 -1.47395857e+11 
 1.47338699e-02  7.82460175e+10 -1.44313471e+11 
 1.50736290e-02  7.72842412e+10 -1.41292599e+11 
 1.54212228e-02  7.63631914e+10 -1.38332522e+11 
 1.57768320e-02  7.54811977e+10 -1.35432499e+11 
 1.61406415e-02  7.46366525e+10 -1.32591774e+11 
 1.65128404e-02  7.38280001e+10 -1.29809574e+11 
 1.68936220e-02  7.30537497e+10 -1.27085114e+11 
 1.72831844e-02  7.23124636e+10 -1.24417595e+11 
 1.76817299e-02  7.16027609e+10 -1.21806210e+11 
 1.80894658e-02  7.09233053e+10 -1.19250148e+11 
 1.85066040e-02  7.02728188e+10 -1.16748590e+11 
 1.89333613e-02  6.96500726e+10 -1.14300711e+11 
 1.93699595e-02  6.90538776e+10 -1.11905688e+11 
 1.98166255e-02  6.84830982e+10 -1.09562694e+11 
 2.02735916e-02  6.79366431e+10 -1.07270904e+11 
 2.07410951e-02  6.74134559e+10 -1.05029495e+11 
 2.12193792e-02  6.69125319e+10 -1.02837644e+11 
 2.17086923e-02  6.64328954e+10 -1.00694535e+11 
 2.22092889e-02  6.59736196e+10 -9.85993538e+10 
 2.27214291e-02  6.55338039e+10 -9.65512938e+10 
 2.32453791e-02  6.51125937e+10 -9.45495532e+10 
 2.37814113e-02  6.47091579e+10 -9.25933382e+10 
 2.43298042e-02  6.43227086e+10 -9.06818615e+10 
 2.48908429e-02  6.39524788e+10 -8.88143450e+10 
 2.54648190e-02  6.35977425e+10 -8.69900184e+10 
 2.60520309e-02  6.32577943e+10 -8.52081212e+10 
 2.66527837e-02  6.29319571e+10 -8.34679022e+10 
 2.72673897e-02  6.26195880e+10 -8.17686200e+10 
 2.78961683e-02  6.23200620e+10 -8.01095436e+10 
 2.85394464e-02  6.20327809e+10 -7.84899527e+10 
 2.91975583e-02  6.17571675e+10 -7.69091375e+10 
 2.98708461e-02  6.14926750e+10 -7.53663994e+10 
 3.05596598e-02  6.12387698e+10 -7.38610510e+10 
 3.12643573e-02  6.09949418e+10 -7.23924161e+10 
 3.19853049e-02  6.07607002e+10 -7.09598301e+10 
 3.27228774e-02  6.05355730e+10 -6.95626400e+10 
 3.34774581e-02  6.03191058e+10 -6.82002042e+10 
 3.42494392e-02  6.01108616e+10 -6.68718930e+10 
 3.50392221e-02  5.99104192e+10 -6.55770883e+10 
 3.58472171e-02  5.97173756e+10 -6.43151839e+10 
 3.66738442e-02  5.95313344e+10 -6.30855848e+10 
 3.75195331e-02  5.93519213e+10 -6.18877081e+10 
 3.83847234e-02  5.91787751e+10 -6.07209825e+10 
 3.92698648e-02  5.90115390e+10 -5.95848479e+10 
 4.01754173e-02  5.88498789e+10 -5.84787561e+10 
 4.11018515e-02  5.86934613e+10 -5.74021697e+10 
 4.20496491e-02  5.85419738e+10 -5.63545634e+10 
 4.30193027e-02  5.83951062e+10 -5.53354223e+10 
 4.40113162e-02  5.82525604e+10 -5.43442429e+10 
 4.50262052e-02  5.81140443e+10 -5.33805320e+10 
 4.60644974e-02  5.79792824e+10 -5.24438083e+10 
 4.71267322e-02  5.78480014e+10 -5.15336004e+10 
 4.82134619e-02  5.77199303e+10 -5.06494467e+10 
 4.93252513e-02  5.75948126e+10 -4.97908967e+10 
 5.04626783e-02  5.74723956e+10 -4.89575097e+10 
 5.16263340e-02  5.73524351e+10 -4.81488552e+10 
 5.28168234e-02  5.72346842e+10 -4.73645112e+10 
 5.40347650e-02  5.71189118e+10 -4.66040668e+10 
 5.52807921e-02  5.70048832e+10 -4.58671189e+10 
 5.65555523e-02  5.68923706e+10 -4.51532740e+10 
 5.78597080e-02  5.67811497e+10 -4.44621473e+10 
 5.91939372e-02  5.66709999e+10 -4.37933624e+10 
 6.05589334e-02  5.65617031e+10 -4.31465512e+10 
 6.19554061e-02  5.64530468e+10 -4.25213543e+10 
 6.33840810e-02  5.63448152e+10 -4.19174188e+10 
 6.48457008e-02  5.62367946e+10 -4.13343992e+10 
 6.63410251e-02  5.61287805e+10 -4.07719589e+10 
 6.78708313e-02  5.60205619e+10 -4.02297665e+10 
 6.94359143e-02  5.59119338e+10 -3.97074982e+10 
 7.10370877e-02  5.58026843e+10 -3.92048347e+10 
 7.26751838e-02  5.56926119e+10 -3.87214651e+10 
 7.43510539e-02  5.55815074e+10 -3.82570822e+10 
 7.60655691e-02  5.54691641e+10 -3.78113844e+10 
 7.78196206e-02  5.53553748e+10 -3.73840754e+10 
 7.96141200e-02  5.52399339e+10 -3.69748637e+10 
 8.14500001e-02  5.51226276e+10 -3.65834600e+10 
 8.33282151e-02  5.50032507e+10 -3.62095814e+10 
 8.52497412e-02  5.48815892e+10 -3.58529463e+10 
 8.72155772e-02  5.47574326e+10 -3.55132774e+10 
 8.92267449e-02  5.46305612e+10 -3.51902974e+10 
 9.12842895e-02  5.45007632e+10 -3.48837343e+10 
 9.33892805e-02  5.43678200e+10 -3.45933162e+10 
 9.55428121e-02  5.42315060e+10 -3.43187699e+10 
 9.77460036e-02  5.40916031e+10 -3.40598271e+10 
 1.00000000e-01  5.39478835e+10 -3.38162161e+10 
 1.02305973e-01  5.38001197e+10 -3.35876663e+10 
 1.04665121e-01  5.36480841e+10 -3.33739066e+10 
 1.07078670e-01  5.34915421e+10 -3.31746628e+10 
 1.09547876e-01  5.33302591e+10 -3.29896594e+10 
 1.12074020e-01  5.31640006e+10 -3.28186195e+10 
 1.14658417e-01  5.29925254e+10 -3.26612606e+10 
 1.17302409e-01  5.28155947e+10 -3.25172990e+10 
 1.20007371e-01  5.26329613e+10 -3.23864429e+10 
 1.22774708e-01  5.24443875e+10 -3.22684016e+10 
 1.25605860e-01  5.22496209e+10 -3.21628715e+10 
 1.28502297e-01  5.20484190e+10 -3.20695492e+10 
 1.31465525e-01  5.18405322e+10 -3.19881206e+10 
 1.34497085e-01  5.16257145e+10 -3.19182670e+10 
 1.37598551e-01  5.14037162e+10 -3.18596591e+10 
 1.40771537e-01  5.11742900e+10 -3.18119605e+10 
 1.44017690e-01  5.09371919e+10 -3.17748271e+10 
 1.47338699e-01  5.06921773e+10 -3.17479037e+10 
 1.50736290e-01  5.04390003e+10 -3.17308225e+10 
 1.54212228e-01  5.01774278e+10 -3.17232118e+10 
 1.57768320e-01  4.99072189e+10 -3.17246806e+10 
 1.61406415e-01  4.96281469e+10 -3.17348334e+10 
 1.65128404e-01  4.93399867e+10 -3.17532601e+10 
 1.68936220e-01  4.90425180e+10 -3.17795368e+10 
 1.72831844e-01  4.87355296e+10 -3.18132285e+10 
 1.76817299e-01  4.84188208e+10 -3.18538894e+10 
 1.80894658e-01  4.80921967e+10 -3.19010574e+10 
 1.85066040e-01  4.77554750e+10 -3.19542592e+10 
 1.89333613e-01  4.74084867e+10 -3.20130102e+10 
 1.93699595e-01  4.70510745e+10 -3.20768114e+10 
 1.98166255e-01  4.66830920e+10 -3.21451478e+10 
 2.02735916e-01  4.63044164e+10 -3.22175004e+10 
 2.07410951e-01  4.59149327e+10 -3.22933282e+10 
 2.12193792e-01  4.55145514e+10 -3.23720873e+10 
 2.17086923e-01  4.51031982e+10 -3.24532177e+10 
 2.22092889e-01  4.46808224e+10 -3.25361530e+10 
 2.27214291e-01  4.42473927e+10 -3.26203140e+10 
 2.32453791e-01  4.38029027e+10 -3.27051151e+10 
 2.37814113e-01  4.33473714e+10 -3.27899653e+10 
 2.43298042e-01  4.28808401e+10 -3.28742627e+10 
 2.48908429e-01  4.24033817e+10 -3.29574078e+10 
 2.54648190e-01  4.19150941e+10 -3.30387949e+10 
 2.60520309e-01  4.14161024e+10 -3.31178134e+10 
 2.66527837e-01  4.09065647e+10 -3.31938601e+10 
 2.72673897e-01  4.03866666e+10 -3.32663289e+10 
 2.78961683e-01  3.98566254e+10 -3.33346198e+10 
 2.85394464e-01  3.93166892e+10 -3.33981391e+10 
 2.91975583e-01  3.87671375e+10 -3.34563014e+10 
 2.98708461e-01  3.82082817e+10 -3.35085339e+10 
 3.05596598e-01  3.76404623e+10 -3.35542712e+10 
 3.12643573e-01  3.70640529e+10 -3.35929684e+10 
 3.19853049e-01  3.64794569e+10 -3.36240977e+10 
 3.27228774e-01  3.58871058e+10 -3.36471461e+10 
 3.34774581e-01  3.52874613e+10 -3.36616275e+10 
 3.42494392e-01  3.46810120e+10 -3.36670779e+10 
 3.50392221e-01  3.40682729e+10 -3.36630614e+10 
 3.58472171e-01  3.34497826e+10 -3.36491653e+10 
 3.66738442e-01  3.28261034e+10 -3.36250104e+10 
 3.75195331e-01  3.21978188e+10 -3.35902522e+10 
 3.83847234e-01  3.15655302e+10 -3.35445753e+10 
 3.92698648e-01  3.09298560e+10 -3.34876991e+10 
 4.01754173e-01  3.02914288e+10 -3.34193823e+10 
 4.11018515e-01  2.96508929e+10 -3.33394195e+10 
 4.20496491e-01  2.90089015e+10 -3.32476418e+10 
 4.30193027e-01  2.83661145e+10 -3.31439222e+10 
 4.40113162e-01  2.77231952e+10 -3.30281711e+10 
 4.50262052e-01  2.70808077e+10 -3.29003384e+10 
 4.60644974e-01  2.64396147e+10 -3.27604120e+10 
 4.71267322e-01  2.58002736e+10 -3.26084212e+10 
 4.82134619e-01  2.51634351e+10 -3.24444310e+10 
 4.93252513e-01  2.45297395e+10 -3.22685468e+10 
 5.04626783e-01  2.38998145e+10 -3.20809090e+10 
 5.16263340e-01  2.32742731e+10 -3.18816924e+10 
 5.28168234e-01  2.26537107e+10 -3.16711077e+10 
 5.40347650e-01  2.20387032e+10 -3.14493973e+10 
 5.52807921e-01  2.14298053e+10 -3.12168326e+10 
 5.65555523e-01  2.08275479e+10 -3.09737161e+10 
 5.78597080e-01  2.02324373e+10 -3.07203750e+10 
 5.91939372e-01  1.96449529e+10 -3.04571628e+10 
 6.05589334e-01  1.90655468e+10 -3.01844535e+10 
 6.19554061e-01  1.84946419e+10 -2.99026428e+10 
 6.33840810e-01  1.79326320e+10 -2.96121428e+10 
 6.48457008e-01  1.73798797e+10 -2.93133830e+10 
 6.63410251e-01  1.68367186e+10 -2.90068023e+10 
 6.78708313e-01  1.63034492e+10 -2.86928549e+10 
 6.94359143e-01  1.57803431e+10 -2.83719990e+10 
 7.10370877e-01  1.52676392e+10 -2.80447035e+10 
 7.26751838e-01  1.47655474e+10 -2.77114377e+10 
 7.43510539e-01  1.42742466e+10 -2.73726744e+10 
 7.60655691e-01  1.37938859e+10 -2.70288878e+10 
 7.78196206e-01  1.33245868e+10 -2.66805477e+10 
 7.96141200e-01  1.28664421e+10 -2.63281216e+10 
 8.14500001e-01  1.24195176e+10 -2.59720723e+10 
 8.33282151e-01  1.19838532e+10 -2.56128551e+10 
 8.52497412e-01  1.15594645e+10 -2.52509169e+10 
 8.72155772e-01  1.11463431e+10 -2.48866960e+10 
 8.92267449e-01  1.07444582e+10 -2.45206196e+10 
 9.12842895e-01  1.03537585e+10 -2.41531030e+10 
 9.33892805e-01  9.97417219e+09 -2.37845499e+10 
 9.55428121e-01  9.60560955e+09 -2.34153500e+10 
 9.77460036e-01  9.24796394e+09 -2.30458790e+10 
 1.00000000e+00  8.90111234e+09 -2.26764990e+10 
 1.02305973e+00  8.56491763e+09 -2.23075565e+10 
 1.04665121e+00  8.23922981e+09 -2.19393827e+10 
 1.07078670e+00  7.92388639e+09 -2.15722940e+10 
 1.09547876e+00  7.61871450e+09 -2.12065908e+10 
 1.12074020e+00  7.32353180e+09 -2.08425580e+10 
 1.14658417e+00  7.03814788e+09 -2.04804647e+10 
 1.17302409e+00  6.76236429e+09 -2.01205651e+10 
 1.20007371e+00  6.49597771e+09 -1.97630968e+10 
 1.22774708e+00  6.23877805e+09 -1.94082839e+10 
 1.25605860e+00  5.99055205e+09 -1.90563344e+10 
 1.28502297e+00  5.75108303e+09 -1.87074420e+10 
 1.31465525e+00  5.52015131e+09 -1.83617866e+10 
 1.34497085e+00  5.29753573e+09 -1.80195338e+10 
 1.37598551e+00  5.08301431e+09 -1.76808360e+10 
 1.40771537e+00  4.87636406e+09 -1.73458326e+10 
 1.44017690e+00  4.67736315e+09 -1.70146504e+10 
 1.47338699e+00  4.48578991e+09 -1.66874040e+10 
 1.50736290e+00  4.30142428e+09 -1.63641968e+10 
 1.54212228e+00  4.12404800e+09 -1.60451206e+10 
 1.57768320e+00  3.95344525e+09 -1.57302569e+10 
 1.61406415e+00  3.78940233e+09 -1.54196770e+10 
 1.65128404e+00  3.63170920e+09 -1.51134424e+10 
 1.68936220e+00  3.48015858e+09 -1.48116055e+10 
 1.72831844e+00  3.33454693e+09 -1.45142103e+10 
 1.76817299e+00  3.19467448e+09 -1.42212920e+10 
 1.80894658e+00  3.06034542e+09 -1.39328786e+10 
 1.85066040e+00  2.93136812e+09 -1.36489904e+10 
 1.89333613e+00  2.80755531e+09 -1.33696410e+10 
 1.93699595e+00  2.68872378e+09 -1.30948374e+10 
 1.98166255e+00  2.57469528e+09 -1.28245808e+10 
 2.02735916e+00  2.46529576e+09 -1.25588665e+10 
 2.07410951e+00  2.36035577e+09 -1.22976847e+10 
 2.12193792e+00  2.25971084e+09 -1.20410205e+10 
 2.17086923e+00  2.16320079e+09 -1.17888547e+10 
 2.22092889e+00  2.07067020e+09 -1.15411637e+10 
 2.27214291e+00  1.98196836e+09 -1.12979201e+10 
 2.32453791e+00  1.89694888e+09 -1.10590929e+10 
 2.37814113e+00  1.81547017e+09 -1.08246478e+10 
 2.43298042e+00  1.73739517e+09 -1.05945476e+10 
 2.48908429e+00  1.66259097e+09 -1.03687522e+10 
 2.54648190e+00  1.59092938e+09 -1.01472190e+10 
 2.60520309e+00  1.52228620e+09 -9.92990338e+09 
 2.66527837e+00  1.45654173e+09 -9.71675836e+09 
 2.72673897e+00  1.39358020e+09 -9.50773537e+09 
 2.78961683e+00  1.33328988e+09 -9.30278416e+09 
 2.85394464e+00  1.27556321e+09 -9.10185302e+09 
 2.91975583e+00  1.22029633e+09 -8.90488900e+09 
 2.98708461e+00  1.16738906e+09 -8.71183807e+09 
 3.05596598e+00  1.11674504e+09 -8.52264526e+09 
 3.12643573e+00  1.06827142e+09 -8.33725479e+09 
 3.19853049e+00  1.02187884e+09 -8.15561024e+09 
 3.27228774e+00  9.77481283e+08 -7.97765464e+09 
 3.34774581e+00  9.34996014e+08 -7.80333062e+09 
 3.42494392e+00  8.94343506e+08 -7.63258052e+09 
 3.50392221e+00  8.55447170e+08 -7.46534644e+09 
 3.58472171e+00  8.18233525e+08 -7.30157041e+09 
 3.66738442e+00  7.82631920e+08 -7.14119441e+09 
 3.75195331e+00  7.48574524e+08 -6.98416048e+09 
 3.83847234e+00  7.15996082e+08 -6.83041082e+09 
 3.92698648e+00  6.84834049e+08 -6.67988780e+09 
 4.01754173e+00  6.55028377e+08 -6.53253407e+09 
 4.11018515e+00  6.26521375e+08 -6.38829260e+09 
 4.20496491e+00  5.99257744e+08 -6.24710671e+09 
 4.30193027e+00  5.73184291e+08 -6.10892018e+09 
 4.40113162e+00  5.48250250e+08 -5.97367723e+09 
 4.50262052e+00  5.24406710e+08 -5.84132257e+09 
 4.60644974e+00  5.01606885e+08 -5.71180149e+09 
 4.71267322e+00  4.79805891e+08 -5.58505981e+09 
 4.82134619e+00  4.58960730e+08 -5.46104398e+09 
 4.93252513e+00  4.39030122e+08 -5.33970105e+09 
 5.04626783e+00  4.19974601e+08 -5.22097873e+09 
 5.16263340e+00  4.01756284e+08 -5.10482541e+09 
 5.28168234e+00  3.84338904e+08 -4.99119014e+09 
 5.40347650e+00  3.67687717e+08 -4.88002268e+09 
 5.52807921e+00  3.51769449e+08 -4.77127350e+09 
 5.65555523e+00  3.36552214e+08 -4.66489379e+09 
 5.78597080e+00  3.22005530e+08 -4.56083549e+09 
 5.91939372e+00  3.08100161e+08 -4.45905126e+09 
 6.05589334e+00  2.94808147e+08 -4.35949451e+09 
 6.19554061e+00  2.82102664e+08 -4.26211938e+09 
 6.33840810e+00  2.69958122e+08 -4.16688080e+09 
 6.48457008e+00  2.58349970e+08 -4.07373440e+09 
 6.63410251e+00  2.47254726e+08 -3.98263662e+09 
 6.78708313e+00  2.36649918e+08 -3.89354459e+09 
 6.94359143e+00  2.26514051e+08 -3.80641624e+09 
 7.10370877e+00  2.16826528e+08 -3.72121021e+09 
 7.26751838e+00  2.07567672e+08 -3.63788589e+09 
 7.43510539e+00  1.98718656e+08 -3.55640344e+09 
 7.60655691e+00  1.90261434e+08 -3.47672370e+09 
 7.78196206e+00  1.82178795e+08 -3.39880827e+09 
 7.96141200e+00  1.74454233e+08 -3.32261946e+09 
 8.14500001e+00  1.67072001e+08 -3.24812030e+09 
 8.33282151e+00  1.60016989e+08 -3.17527453e+09 
 8.52497412e+00  1.53274776e+08 -3.10404656e+09 
 8.72155772e+00  1.46831566e+08 -3.03440153e+09 
 8.92267449e+00  1.40674168e+08 -2.96630524e+09 
 9.12842895e+00  1.34789956e+08 -2.89972416e+09 
 9.33892805e+00  1.29166857e+08 -2.83462544e+09 
 9.55428121e+00  1.23793334e+08 -2.77097687e+09 
 9.77460036e+00  1.18658365e+08 -2.70874690e+09 
 1.00000000e+01  1.13751395e+08 -2.64790461e+09 
 1.02305973e+01  1.09062333e+08 -2.58841970e+09 
 1.04665121e+01  1.04581551e+08 -2.53026252e+09 
 1.07078670e+01  1.00299819e+08 -2.47340398e+09 
 1.09547876e+01  9.62083222e+07 -2.41781563e+09 
 1.12074020e+01  9.22986307e+07 -2.36346958e+09 
 1.14658417e+01  8.85626979e+07 -2.31033855e+09 
 1.17302409e+01  8.49928190e+07 -2.25839579e+09 
 1.20007371e+01  8.15816330e+07 -2.20761514e+09 
 1.22774708e+01  7.83220997e+07 -2.15797097e+09 
 1.25605860e+01  7.52074973e+07 -2.10943821e+09 
 1.28502297e+01  7.22313963e+07 -2.06199231e+09 
 1.31465525e+01  6.93876548e+07 -2.01560923e+09 
 1.34497085e+01  6.66703955e+07 -1.97026546e+09 
 1.37598551e+01  6.40740016e+07 -1.92593798e+09 
 1.40771537e+01  6.15931153e+07 -1.88260426e+09 
 1.44017690e+01  5.92225996e+07 -1.84024226e+09 
 1.47338699e+01  5.69575555e+07 -1.79883040e+09 
 1.50736290e+01  5.47932982e+07 -1.75834759e+09 
 1.54212228e+01  5.27253504e+07 -1.71877317e+09 
 1.57768320e+01  5.07494285e+07 -1.68008694e+09 
 1.61406415e+01  4.88614557e+07 -1.64226913e+09 
 1.65128404e+01  4.70575089e+07 -1.60530041e+09 
 1.68936220e+01  4.53338612e+07 -1.56916185e+09 
 1.72831844e+01  4.36869444e+07 -1.53383496e+09 
 1.76817299e+01  4.21133384e+07 -1.49930162e+09 
 1.80894658e+01  4.06097919e+07 -1.46554414e+09 
 1.85066040e+01  3.91731845e+07 -1.43254519e+09 
 1.89333613e+01  3.78005421e+07 -1.40028783e+09 
 1.93699595e+01  3.64890168e+07 -1.36875550e+09 
 1.98166255e+01  3.52358927e+07 -1.33793199e+09 
 2.02735916e+01  3.40385690e+07 -1.30780145e+09 
 2.07410951e+01  3.28945658e+07 -1.27834838e+09 
 2.12193792e+01  3.18015091e+07 -1.24955763e+09 
 2.17086923e+01  3.07571322e+07 -1.22141437e+09 
 2.22092889e+01  2.97592685e+07 -1.19390410e+09 
 2.27214291e+01  2.88058482e+07 -1.16701265e+09 
 2.32453791e+01  2.78948932e+07 -1.14072615e+09 
 2.37814113e+01  2.70245132e+07 -1.11503105e+09 
 2.43298042e+01  2.61929033e+07 -1.08991410e+09 
 2.48908429e+01  2.53983345e+07 -1.06536232e+09 
 2.54648190e+01  2.46391609e+07 -1.04136305e+09 
 2.60520309e+01  2.39138079e+07 -1.01790390e+09 
 2.66527837e+01  2.32207644e+07 -9.94972740e+08 
 2.72673897e+01  2.25585970e+07 -9.72557734e+08 
 2.78961683e+01  2.19259272e+07 -9.50647291e+08 
 2.85394464e+01  2.13214436e+07 -9.29230088e+08 
 2.91975583e+01  2.07438905e+07 -9.08295049e+08 
 2.98708461e+01  2.01920702e+07 -8.87831350e+08 
 3.05596598e+01  1.96648339e+07 -8.67828400e+08 
 3.12643573e+01  1.91610871e+07 -8.48275851e+08 
 3.19853049e+01  1.86797849e+07 -8.29163585e+08 
 3.27228774e+01  1.82199270e+07 -8.10481710e+08 
 3.34774581e+01  1.77805592e+07 -7.92220554e+08 
 3.42494392e+01  1.73607674e+07 -7.74370659e+08 
 3.50392221e+01  1.69596799e+07 -7.56922783e+08 
 3.58472171e+01  1.65764637e+07 -7.39867887e+08 
 3.66738442e+01  1.62103226e+07 -7.23197137e+08 
 3.75195331e+01  1.58604964e+07 -7.06901894e+08 
 3.83847234e+01  1.55262581e+07 -6.90973716e+08 
 3.92698648e+01  1.52069127e+07 -6.75404345e+08 
 4.01754173e+01  1.49017966e+07 -6.60185712e+08 
 4.11018515e+01  1.46102772e+07 -6.45309929e+08 
 4.20496491e+01  1.43317476e+07 -6.30769281e+08 
 4.30193027e+01  1.40656287e+07 -6.16556230e+08 
 4.40113162e+01  1.38113687e+07 -6.02663406e+08 
 4.50262052e+01  1.35684379e+07 -5.89083600e+08 
 4.60644974e+01  1.33363326e+07 -5.75809774e+08 
 4.71267322e+01  1.31145694e+07 -5.62835038e+08 
 4.82134619e+01  1.29026808e+07 -5.50152643e+08 
 4.93252513e+01  1.27002416e+07 -5.37756050e+08 
 5.04626783e+01  1.25068228e+07 -5.25638804e+08 
 5.16263340e+01  1.23220229e+07 -5.13794621e+08 
 5.28168234e+01  1.21454573e+07 -5.02217351e+08 
 5.40347650e+01  1.19767593e+07 -4.90900988e+08 
 5.52807921e+01  1.18155783e+07 -4.79839658e+08 
 5.65555523e+01  1.16615789e+07 -4.69027619e+08 
 5.78597080e+01  1.15144416e+07 -4.58459260e+08 
 5.91939372e+01  1.13738604e+07 -4.48129095e+08 
 6.05589334e+01  1.12395426e+07 -4.38031759e+08 
 6.19554061e+01  1.11112096e+07 -4.28162012e+08 
 6.33840810e+01  1.09885940e+07 -4.18514728e+08 
 6.48457008e+01  1.08714417e+07 -4.09084900e+08 
 6.63410251e+01  1.07595084e+07 -3.99867629e+08 
 6.78708313e+01  1.06525620e+07 -3.90858131e+08 
 6.94359143e+01  1.05503766e+07 -3.82051715e+08 
 7.10370877e+01  1.04527465e+07 -3.73443831e+08 
 7.26751838e+01  1.03594653e+07 -3.65029997e+08 
 7.43510539e+01  1.02703394e+07 -3.56805846e+08 
 7.60655691e+01  1.01851830e+07 -3.48767102e+08 
 7.78196206e+01  1.01038194e+07 -3.40909592e+08 
 7.96141200e+01  1.00260794e+07 -3.33229236e+08 
 8.14500001e+01  9.95180122e+06 -3.25722042e+08 
 8.33282151e+01  9.88083077e+06 -3.18384113e+08 
 8.52497412e+01  9.81301796e+06 -3.11211624e+08 
 8.72155772e+01  9.74822653e+06 -3.04200874e+08 
 8.92267449e+01  9.68631941e+06 -2.97348208e+08 
 9.12842895e+01  9.62716787e+06 -2.90650066e+08 
 9.33892805e+01  9.57064895e+06 -2.84102969e+08 
 9.55428121e+01  9.51664497e+06 -2.77703516e+08 
 9.77460036e+01  9.46504245e+06 -2.71448373e+08 
 1.00000000e+02  9.41573713e+06 -2.65334307e+08 
 1.02305973e+02  9.36862467e+06 -2.59358135e+08 
 1.04665121e+02  9.32360734e+06 -2.53516750e+08 
 1.07078670e+02  9.28059153e+06 -2.47807118e+08 
 1.09547876e+02  9.23948652e+06 -2.42226264e+08 
 1.12074020e+02  9.20020938e+06 -2.36771305e+08 
 1.14658417e+02  9.16267720e+06 -2.31439398e+08 
 1.17302409e+02  9.12681177e+06 -2.26227772e+08 
 1.20007371e+02  9.09253773e+06 -2.21133712e+08 
 1.22774708e+02  9.05978575e+06 -2.16154586e+08 
 1.25605860e+02  9.02848670e+06 -2.11287800e+08 
 1.28502297e+02  8.99857493e+06 -2.06530818e+08 
 1.31465525e+02  8.96998944e+06 -2.01881181e+08 
 1.34497085e+02  8.94267026e+06 -1.97336467e+08 
 1.37598551e+02  8.91655984e+06 -1.92894307e+08 
 1.40771537e+02  8.89160524e+06 -1.88552407e+08 
 1.44017690e+02  8.86775405e+06 -1.84308502e+08 
 1.47338699e+02  8.84495573e+06 -1.80160382e+08 
 1.50736290e+02  8.82316451e+06 -1.76105904e+08 
 1.54212228e+02  8.80233353e+06 -1.72142948e+08 
 1.57768320e+02  8.78242074e+06 -1.68269466e+08 
 1.61406415e+02  8.76338370e+06 -1.64483435e+08 
 1.65128404e+02  8.74518385e+06 -1.60782898e+08 
 1.68936220e+02  8.72778225e+06 -1.57165920e+08 
 1.72831844e+02  8.71114389e+06 -1.53630634e+08 
 1.76817299e+02  8.69523303e+06 -1.50175190e+08 
 1.80894658e+02  8.68001718e+06 -1.46797799e+08 
 1.85066040e+02  8.66546490e+06 -1.43496710e+08 
 1.89333613e+02  8.65154544e+06 -1.40270198e+08 
 1.93699595e+02  8.63823029e+06 -1.37116591e+08 
 1.98166255e+02  8.62549151e+06 -1.34034254e+08 
 2.02735916e+02  8.61330228e+06 -1.31021577e+08 
 2.07410951e+02  8.60163793e+06 -1.28076998e+08 
 2.12193792e+02  8.59047359e+06 -1.25198987e+08 
 2.17086923e+02  8.57978633e+06 -1.22386048e+08 
 2.22092889e+02  8.56955399e+06 -1.19636720e+08 
 2.27214291e+02  8.55975515e+06 -1.16949572e+08 
 2.32453791e+02  8.55036948e+06 -1.14323210e+08 
 2.37814113e+02  8.54137739e+06 -1.11756267e+08 
 2.43298042e+02  8.53276018e+06 -1.09247410e+08 
 2.48908429e+02  8.52450001e+06 -1.06795334e+08 
 2.54648190e+02  8.51657951e+06 -1.04398765e+08 
 2.60520309e+02  8.50898236e+06 -1.02056455e+08 
 2.66527837e+02  8.50169273e+06 -9.97671924e+07 
 2.72673897e+02  8.49469529e+06 -9.75297837e+07 
 2.78961683e+02  8.48797544e+06 -9.53430636e+07 
 2.85394464e+02  8.48151954e+06 -9.32059016e+07 
 2.91975583e+02  8.47531380e+06 -9.11171804e+07 
 2.98708461e+02  8.46934537e+06 -8.90758180e+07 
 3.05596598e+02  8.46360193e+06 -8.70807563e+07 
 3.12643573e+02  8.45807161e+06 -8.51309519e+07 
 3.19853049e+02  8.45274235e+06 -8.32253945e+07 
 3.27228774e+02  8.44760335e+06 -8.13630936e+07 
 3.34774581e+02  8.44264392e+06 -7.95430816e+07 
 3.42494392e+02  8.43785358e+06 -7.77644095e+07 
 3.50392221e+02  8.43322239e+06 -7.60261582e+07 
 3.58472171e+02  8.42874052e+06 -7.43274213e+07 
 3.66738442e+02  8.42439878e+06 -7.26673135e+07 
 3.75195331e+02  8.42018817e+06 -7.10449739e+07 
 3.83847234e+02  8.41609970e+06 -6.94595601e+07 
 3.92698648e+02  8.41212500e+06 -6.79102499e+07 
 4.01754173e+02  8.40825533e+06 -6.63962305e+07 
 4.11018515e+02  8.40448267e+06 -6.49167222e+07 
 4.20496491e+02  8.40079922e+06 -6.34709535e+07 
 4.30193027e+02  8.39719720e+06 -6.20581704e+07 
 4.40113162e+02  8.39366909e+06 -6.06776430e+07 
 4.50262052e+02  8.39020723e+06 -5.93286493e+07 
 4.60644974e+02  8.38680469e+06 -5.80104896e+07 
 4.71267322e+02  8.38345374e+06 -5.67224768e+07 
 4.82134619e+02  8.38014765e+06 -5.54639453e+07 
 4.93252513e+02  8.37687942e+06 -5.42342366e+07 
 5.04626783e+02  8.37364179e+06 -5.30327151e+07 
 5.16263340e+02  8.37042839e+06 -5.18587500e+07 
 5.28168234e+02  8.36723194e+06 -5.07117367e+07 
 5.40347650e+02  8.36404568e+06 -4.95910764e+07 
 5.52807921e+02  8.36086283e+06 -4.84961846e+07 
 5.65555523e+02  8.35767677e+06 -4.74264933e+07 
 5.78597080e+02  8.35448074e+06 -4.63814444e+07 
 5.91939372e+02  8.35126763e+06 -4.53604972e+07 
 6.05589334e+02  8.34803081e+06 -4.43631173e+07 
 6.19554061e+02  8.34476324e+06 -4.33887853e+07 
 6.33840810e+02  8.34145772e+06 -4.24369976e+07 
 6.48457008e+02  8.33810723e+06 -4.15072549e+07 
 6.63410251e+02  8.33470512e+06 -4.05990734e+07 
 6.78708313e+02  8.33124358e+06 -3.97119813e+07 
 6.94359143e+02  8.32771511e+06 -3.88455165e+07 
 7.10370877e+02  8.32411263e+06 -3.79992271e+07 
 7.26751838e+02  8.32042791e+06 -3.71726708e+07 
 7.43510539e+02  8.31665375e+06 -3.63654163e+07 
 7.60655691e+02  8.31278141e+06 -3.55770439e+07 
 7.78196206e+02  8.30880312e+06 -3.48071406e+07 
 7.96141200e+02  8.30471045e+06 -3.40553060e+07 
 8.14500001e+02  8.30049463e+06 -3.33211468e+07 
 8.33282151e+02  8.29614676e+06 -3.26042769e+07 
 8.52497412e+02  8.29165787e+06 -3.19043252e+07 
 8.72155772e+02  8.28701835e+06 -3.12209214e+07 
 8.92267449e+02  8.28221884e+06 -3.05537102e+07 
 9.12842895e+02  8.27724940e+06 -2.99023404e+07 
 9.33892805e+02  8.27209933e+06 -2.92664703e+07 
 9.55428121e+02  8.26675870e+06 -2.86457672e+07 
 9.77460036e+02  8.26121643e+06 -2.80399035e+07 
 1.00000000e+03  8.25546115e+06 -2.74485603e+07 
