 frequency       v(Amag_dB)      v(Aarg)        
 1.00000000e-02  4.22019116e+00  8.80649944e+01 
 1.02305973e-02  4.41799319e+00  8.80204058e+01 
 1.04665121e-02  4.61578508e+00  8.79747913e+01 
 1.07078670e-02  4.81356635e+00  8.79281273e+01 
 1.09547876e-02  5.01133650e+00  8.78803899e+01 
 1.12074020e-02  5.20909503e+00  8.78315544e+01 
 1.14658417e-02  5.40684138e+00  8.77815958e+01 
 1.17302409e-02  5.60457499e+00  8.77304883e+01 
 1.20007371e-02  5.80229527e+00  8.76782058e+01 
 1.22774708e-02  6.00000161e+00  8.76247212e+01 
 1.25605860e-02  6.19769334e+00  8.75700073e+01 
 1.28502297e-02  6.39536979e+00  8.75140359e+01 
 1.31465525e-02  6.59303025e+00  8.74567782e+01 
 1.34497085e-02  6.79067399e+00  8.73982051e+01 
 1.37598551e-02  6.98830021e+00  8.73382864e+01 
 1.40771537e-02  7.18590811e+00  8.72769915e+01 
 1.44017690e-02  7.38349684e+00  8.72142890e+01 
 1.47338699e-02  7.58106550e+00  8.71501470e+01 
 1.50736290e-02  7.77861317e+00  8.70845326e+01 
 1.54212228e-02  7.97613886e+00  8.70174125e+01 
 1.57768320e-02  8.17364157e+00  8.69487523e+01 
 1.61406415e-02  8.37112022e+00  8.68785171e+01 
 1.65128404e-02  8.56857369e+00  8.68066712e+01 
 1.68936220e-02  8.76600083e+00  8.67331780e+01 
 1.72831844e-02  8.96340040e+00  8.66580003e+01 
 1.76817299e-02  9.16077113e+00  8.65810999e+01 
 1.80894658e-02  9.35811168e+00  8.65024379e+01 
 1.85066040e-02  9.55542066e+00  8.64219744e+01 
 1.89333613e-02  9.75269661e+00  8.63396689e+01 
 1.93699595e-02  9.94993799e+00  8.62554797e+01 
 1.98166255e-02  1.01471432e+01  8.61693644e+01 
 2.02735916e-02  1.03443106e+01  8.60812797e+01 
 2.07410951e-02  1.05414384e+01  8.59911814e+01 
 2.12193792e-02  1.07385247e+01  8.58990242e+01 
 2.17086923e-02  1.09355678e+01  8.58047620e+01 
 2.22092889e-02  1.11325655e+01  8.57083476e+01 
 2.27214291e-02  1.13295158e+01  8.56097329e+01 
 2.32453791e-02  1.15264164e+01  8.55088689e+01 
 2.37814113e-02  1.17232652e+01  8.54057054e+01 
 2.43298042e-02  1.19200597e+01  8.53001911e+01 
 2.48908429e-02  1.21167974e+01  8.51922739e+01 
 2.54648190e-02  1.23134756e+01  8.50819005e+01 
 2.60520309e-02  1.25100918e+01  8.49690166e+01 
 2.66527837e-02  1.27066429e+01  8.48535665e+01 
 2.72673897e-02  1.29031260e+01  8.47354938e+01 
 2.78961683e-02  1.30995381e+01  8.46147408e+01 
 2.85394464e-02  1.32958758e+01  8.44912486e+01 
 2.91975583e-02  1.34921357e+01  8.43649572e+01 
 2.98708461e-02  1.36883142e+01  8.42358055e+01 
 3.05596598e-02  1.38844077e+01  8.41037311e+01 
 3.12643573e-02  1.40804123e+01  8.39686705e+01 
 3.19853049e-02  1.42763238e+01  8.38305591e+01 
 3.27228774e-02  1.44721381e+01  8.36893308e+01 
 3.34774581e-02  1.46678507e+01  8.35449186e+01 
 3.42494392e-02  1.48634569e+01  8.33972541e+01 
 3.50392221e-02  1.50589520e+01  8.32462677e+01 
 3.58472171e-02  1.52543309e+01  8.30918886e+01 
 3.66738442e-02  1.54495883e+01  8.29340447e+01 
 3.75195331e-02  1.56447187e+01  8.27726629e+01 
 3.83847234e-02  1.58397163e+01  8.26076684e+01 
 3.92698648e-02  1.60345753e+01  8.24389857e+01 
 4.01754173e-02  1.62292892e+01  8.22665376e+01 
 4.11018515e-02  1.64238516e+01  8.20902460e+01 
 4.20496491e-02  1.66182556e+01  8.19100315e+01 
 4.30193027e-02  1.68124942e+01  8.17258133e+01 
 4.40113162e-02  1.70065599e+01  8.15375097e+01 
 4.50262052e-02  1.72004449e+01  8.13450376e+01 
 4.60644974e-02  1.73941413e+01  8.11483128e+01 
 4.71267322e-02  1.75875511e+01  8.09473409e+01 
 4.82134619e-02  1.77808446e+01  8.07418558e+01 
 4.93252513e-02  1.79739232e+01  8.05318588e+01 
 5.04626783e-02  1.81667772e+01  8.03172614e+01 
 5.16263340e-02  1.83593967e+01  8.00979740e+01 
 5.28168234e-02  1.85517716e+01  7.98739062e+01 
 5.40347650e-02  1.87438909e+01  7.96449663e+01 
 5.52807921e-02  1.89357435e+01  7.94110622e+01 
 5.65555523e-02  1.91273177e+01  7.91721006e+01 
 5.78597080e-02  1.93186015e+01  7.89279878e+01 
 5.91939372e-02  1.95095822e+01  7.86786291e+01 
 6.05589334e-02  1.97002466e+01  7.84239293e+01 
 6.19554061e-02  1.98905813e+01  7.81637928e+01 
 6.33840810e-02  2.00805719e+01  7.78981236e+01 
 6.48457008e-02  2.02702037e+01  7.76268250e+01 
 6.63410251e-02  2.04594616e+01  7.73498005e+01 
 6.78708313e-02  2.06483296e+01  7.70669533e+01 
 6.94359143e-02  2.08367912e+01  7.67781865e+01 
 7.10370877e-02  2.10248293e+01  7.64834034e+01 
 7.26751838e-02  2.12124262e+01  7.61825078e+01 
 7.43510539e-02  2.13995636e+01  7.58754036e+01 
 7.60655691e-02  2.15862223e+01  7.55619954e+01 
 7.78196206e-02  2.17723828e+01  7.52421886e+01 
 7.96141200e-02  2.19580245e+01  7.49158894e+01 
 8.14500001e-02  2.21430408e+01  7.45831552e+01 
 8.33282151e-02  2.23275813e+01  7.42435976e+01 
 8.52497412e-02  2.25115375e+01  7.38972740e+01 
 8.72155772e-02  2.26948861e+01  7.35440963e+01 
 8.92267449e-02  2.28776031e+01  7.31839783e+01 
 9.12842895e-02  2.30596636e+01  7.28168363e+01 
 9.33892805e-02  2.32410421e+01  7.24425888e+01 
 9.55428121e-02  2.34217121e+01  7.20611572e+01 
 9.77460036e-02  2.36016466e+01  7.16724658e+01 
 1.00000000e-01  2.37808174e+01  7.12764424e+01 
 1.02305973e-01  2.39591960e+01  7.08730183e+01 
 1.04665121e-01  2.41367529e+01  7.04621286e+01 
 1.07078670e-01  2.43133761e+01  7.00439009e+01 
 1.09547876e-01  2.44891981e+01  6.96179064e+01 
 1.12074020e-01  2.46641053e+01  6.91842790e+01 
 1.14658417e-01  2.48380650e+01  6.87429726e+01 
 1.17302409e-01  2.50110439e+01  6.82939472e+01 
 1.20007371e-01  2.51830080e+01  6.78371686e+01 
 1.22774708e-01  2.53539227e+01  6.73726089e+01 
 1.25605860e-01  2.55236742e+01  6.69004588e+01 
 1.28502297e-01  2.56923837e+01  6.64202840e+01 
 1.31465525e-01  2.58599358e+01  6.59322863e+01 
 1.34497085e-01  2.60262934e+01  6.54364669e+01 
 1.37598551e-01  2.61914188e+01  6.49328351e+01 
 1.40771537e-01  2.63552738e+01  6.44214089e+01 
 1.44017690e-01  2.65177450e+01  6.39024473e+01 
 1.47338699e-01  2.66789439e+01  6.33755253e+01 
 1.50736290e-01  2.68387559e+01  6.28409174e+01 
 1.54212228e-01  2.69971414e+01  6.22986790e+01 
 1.57768320e-01  2.71539885e+01  6.17491213e+01 
 1.61406415e-01  2.73094029e+01  6.11918327e+01 
 1.65128404e-01  2.74632719e+01  6.06271422e+01 
 1.68936220e-01  2.76155558e+01  6.00551474e+01 
 1.72831844e-01  2.77661459e+01  5.94762152e+01 
 1.76817299e-01  2.79151424e+01  5.88899526e+01 
 1.80894658e-01  2.80624365e+01  5.82967461e+01 
 1.85066040e-01  2.82079226e+01  5.76970052e+01 
 1.89333613e-01  2.83516978e+01  5.70903536e+01 
 1.93699595e-01  2.84935918e+01  5.64774935e+01 
 1.98166255e-01  2.86336998e+01  5.58580602e+01 
 2.02735916e-01  2.87719199e+01  5.52325121e+01 
 2.07410951e-01  2.89081548e+01  5.46013287e+01 
 2.12193792e-01  2.90424976e+01  5.39641640e+01 
 2.17086923e-01  2.91747914e+01  5.33218009e+01 
 2.22092889e-01  2.93051279e+01  5.26739055e+01 
 2.27214291e-01  2.94333569e+01  5.20212901e+01 
 2.32453791e-01  2.95595691e+01  5.13636320e+01 
 2.37814113e-01  2.96836213e+01  5.07017704e+01 
 2.43298042e-01  2.98056037e+01  5.00353931e+01 
 2.48908429e-01  2.99253804e+01  4.93653629e+01 
 2.54648190e-01  3.00429873e+01  4.86916730e+01 
 2.60520309e-01  3.01584587e+01  4.80143184e+01 
 2.66527837e-01  3.02716702e+01  4.73341900e+01 
 2.72673897e-01  3.03826610e+01  4.66512955e+01 
 2.78961683e-01  3.04914186e+01  4.59659427e+01 
 2.85394464e-01  3.05979812e+01  4.52781436e+01 
 2.91975583e-01  3.07022417e+01  4.45888127e+01 
 2.98708461e-01  3.08042441e+01  4.38979673e+01 
 3.05596598e-01  3.09039847e+01  4.32059256e+01 
 3.12643573e-01  3.10014621e+01  4.25130061e+01 
 3.19853049e-01  3.10966773e+01  4.18195269e+01 
 3.27228774e-01  3.11896337e+01  4.11258045e+01 
 3.34774581e-01  3.12803367e+01  4.04321532e+01 
 3.42494392e-01  3.13687535e+01  3.97391828e+01 
 3.50392221e-01  3.14549768e+01  3.90466022e+01 
 3.58472171e-01  3.15389770e+01  3.83550130e+01 
 3.66738442e-01  3.16207686e+01  3.76647117e+01 
 3.75195331e-01  3.17003315e+01  3.69762829e+01 
 3.83847234e-01  3.17777584e+01  3.62894195e+01 
 3.92698648e-01  3.18529976e+01  3.56049834e+01 
 4.01754173e-01  3.19261079e+01  3.49229465e+01 
 4.11018515e-01  3.19971463e+01  3.42432780e+01 
 4.20496491e-01  3.20660719e+01  3.35668028e+01 
 4.30193027e-01  3.21329458e+01  3.28934684e+01 
 4.40113162e-01  3.21977968e+01  3.22235013e+01 
 4.50262052e-01  3.22606550e+01  3.15571169e+01 
 4.60644974e-01  3.23215518e+01  3.08945191e+01 
 4.71267322e-01  3.23805197e+01  3.02359002e+01 
 4.82134619e-01  3.24375660e+01  2.95817120e+01 
 4.93252513e-01  3.24927788e+01  2.89315767e+01 
 5.04626783e-01  3.25461414e+01  2.82861905e+01 
 5.16263340e-01  3.25977402e+01  2.76451614e+01 
 5.28168234e-01  3.26475631e+01  2.70091498e+01 
 5.40347650e-01  3.26956944e+01  2.63777501e+01 
 5.52807921e-01  3.27421259e+01  2.57515862e+01 
 5.65555523e-01  3.27868976e+01  2.51307421e+01 
 5.78597080e-01  3.28300700e+01  2.45150416e+01 
 5.91939372e-01  3.28716809e+01  2.39045538e+01 
 6.05589334e-01  3.29117874e+01  2.32990941e+01 
 6.19554061e-01  3.29503889e+01  2.26991945e+01 
 6.33840810e-01  3.29875429e+01  2.21046443e+01 
 6.48457008e-01  3.30232698e+01  2.15156981e+01 
 6.63410251e-01  3.30576579e+01  2.09316731e+01 
 6.78708313e-01  3.30906773e+01  2.03534905e+01 
 6.94359143e-01  3.31223984e+01  1.97806784e+01 
 7.10370877e-01  3.31528570e+01  1.92132180e+01 
 7.26751838e-01  3.31820885e+01  1.86510811e+01 
 7.43510539e-01  3.32101141e+01  1.80944415e+01 
 7.60655691e-01  3.32369823e+01  1.75430349e+01 
 7.78196206e-01  3.32627266e+01  1.69968064e+01 
 7.96141200e-01  3.32873795e+01  1.64556932e+01 
 8.14500001e-01  3.33109613e+01  1.59198219e+01 
 8.33282151e-01  3.33335267e+01  1.53887160e+01 
 8.52497412e-01  3.33550616e+01  1.48630634e+01 
 8.72155772e-01  3.33756612e+01  1.43416177e+01 
 8.92267449e-01  3.33953006e+01  1.38252309e+01 
 9.12842895e-01  3.34140191e+01  1.33135979e+01 
 9.33892805e-01  3.34318632e+01  1.28062439e+01 
 9.55428121e-01  3.34488396e+01  1.23034117e+01 
 9.77460036e-01  3.34649743e+01  1.18049712e+01 
 1.00000000e+00  3.34803003e+01  1.13106196e+01 
 1.02305973e+00  3.34948406e+01  1.08202273e+01 
 1.04665121e+00  3.35086095e+01  1.03338218e+01 
 1.07078670e+00  3.35216362e+01  9.85109762e+00 
 1.09547876e+00  3.35339339e+01  9.37206857e+00 
 1.12074020e+00  3.35455225e+01  8.89658065e+00 
 1.14658417e+00  3.35564338e+01  8.42417812e+00 
 1.17302409e+00  3.35666657e+01  7.95515815e+00 
 1.20007371e+00  3.35762478e+01  7.48906244e+00 
 1.22774708e+00  3.35851954e+01  7.02573479e+00 
 1.25605860e+00  3.35935121e+01  6.56529241e+00 
 1.28502297e+00  3.36012176e+01  6.10742282e+00 
 1.31465525e+00  3.36083304e+01  5.65182293e+00 
 1.34497085e+00  3.36148619e+01  5.19832853e+00 
 1.37598551e+00  3.36208135e+01  4.74702783e+00 
 1.40771537e+00  3.36262049e+01  4.29748892e+00 
 1.44017690e+00  3.36310365e+01  3.84978705e+00 
 1.47338699e+00  3.36353295e+01  3.40337930e+00 
 1.50736290e+00  3.36390785e+01  2.95845318e+00 
 1.54212228e+00  3.36422944e+01  2.51470800e+00 
 1.57768320e+00  3.36449829e+01  2.07196437e+00 
 1.61406415e+00  3.36471488e+01  1.63004246e+00 
 1.65128404e+00  3.36487959e+01  1.18876209e+00 
 1.68936220e+00  3.36499238e+01  7.48048047e-01 
 1.72831844e+00  3.36505413e+01  3.07507339e-01 
 1.76817299e+00  3.36506431e+01 -1.32832356e-01 
 1.80894658e+00  3.36502327e+01 -5.73256390e-01 
 1.85066040e+00  3.36493067e+01 -1.01384826e+00 
 1.89333613e+00  3.36478691e+01 -1.45498263e+00 
 1.93699595e+00  3.36459094e+01 -1.89655529e+00 
 1.98166255e+00  3.36434299e+01 -2.33893759e+00 
 2.02735916e+00  3.36404263e+01 -2.78230722e+00 
 2.07410951e+00  3.36368912e+01 -3.22675451e+00 
 2.12193792e+00  3.36328186e+01 -3.67246105e+00 
 2.17086923e+00  3.36282019e+01 -4.11960714e+00 
 2.22092889e+00  3.36230355e+01 -4.56845277e+00 
 2.27214291e+00  3.36173086e+01 -5.01909075e+00 
 2.32453791e+00  3.36110097e+01 -5.47161934e+00 
 2.37814113e+00  3.36041324e+01 -5.92636943e+00 
 2.43298042e+00  3.35966614e+01 -6.38335958e+00 
 2.48908429e+00  3.35885883e+01 -6.84290984e+00 
 2.54648190e+00  3.35798960e+01 -7.30504101e+00 
 2.60520309e+00  3.35705706e+01 -7.76992302e+00 
 2.66527837e+00  3.35605987e+01 -8.23779093e+00 
 2.72673897e+00  3.35499642e+01 -8.70880435e+00 
 2.78961683e+00  3.35386486e+01 -9.18305493e+00 
 2.85394464e+00  3.35266338e+01 -9.66070035e+00 
 2.91975583e+00  3.35139026e+01 -1.01419568e+01 
 2.98708461e+00  3.35004322e+01 -1.06268489e+01 
 3.05596598e+00  3.34862047e+01 -1.11156457e+01 
 3.12643573e+00  3.34711955e+01 -1.16083689e+01 
 3.19853049e+00  3.34553833e+01 -1.21052164e+01 
 3.27228774e+00  3.34387458e+01 -1.26063762e+01 
 3.34774581e+00  3.34212545e+01 -1.31118088e+01 
 3.42494392e+00  3.34028877e+01 -1.36218027e+01 
 3.50392221e+00  3.33836153e+01 -1.41363146e+01 
 3.58472171e+00  3.33634134e+01 -1.46556139e+01 
 3.66738442e+00  3.33422504e+01 -1.51796516e+01 
 3.75195331e+00  3.33200993e+01 -1.57086287e+01 
 3.83847234e+00  3.32969290e+01 -1.62425873e+01 
 3.92698648e+00  3.32727076e+01 -1.67815669e+01 
 4.01754173e+00  3.32474065e+01 -1.73257846e+01 
 4.11018515e+00  3.32209902e+01 -1.78751707e+01 
 4.20496491e+00  3.31934264e+01 -1.84298331e+01 
 4.30193027e+00  3.31646803e+01 -1.89897814e+01 
 4.40113162e+00  3.31347182e+01 -1.95551034e+01 
 4.50262052e+00  3.31035047e+01 -2.01258326e+01 
 4.60644974e+00  3.30710033e+01 -2.07019529e+01 
 4.71267322e+00  3.30371782e+01 -2.12835194e+01 
 4.82134619e+00  3.30019919e+01 -2.18704971e+01 
 4.93252513e+00  3.29654079e+01 -2.24629177e+01 
 5.04626783e+00  3.29273877e+01 -2.30607258e+01 
 5.16263340e+00  3.28878942e+01 -2.36639287e+01 
 5.28168234e+00  3.28468886e+01 -2.42724497e+01 
 5.40347650e+00  3.28043333e+01 -2.48862709e+01 
 5.52807921e+00  3.27601888e+01 -2.55052596e+01 
 5.65555523e+00  3.27144189e+01 -2.61294389e+01 
 5.78597080e+00  3.26669835e+01 -2.67586207e+01 
 5.91939372e+00  3.26178468e+01 -2.73927983e+01 
 6.05589334e+00  3.25669699e+01 -2.80317930e+01 
 6.19554061e+00  3.25143166e+01 -2.86755073e+01 
 6.33840810e+00  3.24598504e+01 -2.93237998e+01 
 6.48457008e+00  3.24035347e+01 -2.99764879e+01 
 6.63410251e+00  3.23453352e+01 -3.06334344e+01 
 6.78708313e+00  3.22852178e+01 -3.12944603e+01 
 6.94359143e+00  3.22231503e+01 -3.19594271e+01 
 7.10370877e+00  3.21590979e+01 -3.26279989e+01 
 7.26751838e+00  3.20930325e+01 -3.33000927e+01 
 7.43510539e+00  3.20249240e+01 -3.39754541e+01 
 7.60655691e+00  3.19547442e+01 -3.46538449e+01 
 7.78196206e+00  3.18824667e+01 -3.53350161e+01 
 7.96141200e+00  3.18080658e+01 -3.60186864e+01 
 8.14500001e+00  3.17315200e+01 -3.67046570e+01 
 8.33282151e+00  3.16528067e+01 -3.73926045e+01 
 8.52497412e+00  3.15719065e+01 -3.80822446e+01 
 8.72155772e+00  3.14888028e+01 -3.87733278e+01 
 8.92267449e+00  3.14034802e+01 -3.94655532e+01 
 9.12842895e+00  3.13159243e+01 -4.01585742e+01 
 9.33892805e+00  3.12261255e+01 -4.08521410e+01 
 9.55428121e+00  3.11340742e+01 -4.15459177e+01 
 9.77460036e+00  3.10397639e+01 -4.22395859e+01 
 1.00000000e+01  3.09431905e+01 -4.29328431e+01 
 1.02305973e+01  3.08443520e+01 -4.36253660e+01 
 1.04665121e+01  3.07432487e+01 -4.43168307e+01 
 1.07078670e+01  3.06398837e+01 -4.50069310e+01 
 1.09547876e+01  3.05342612e+01 -4.56953270e+01 
 1.12074020e+01  3.04263891e+01 -4.63817151e+01 
 1.14658417e+01  3.03162773e+01 -4.70657935e+01 
 1.17302409e+01  3.02039370e+01 -4.77472314e+01 
 1.20007371e+01  3.00893826e+01 -4.84257351e+01 
 1.22774708e+01  2.99726300e+01 -4.91009997e+01 
 1.25605860e+01  2.98536975e+01 -4.97727267e+01 
 1.28502297e+01  2.97326056e+01 -5.04406392e+01 
 1.31465525e+01  2.96093763e+01 -5.11044523e+01 
 1.34497085e+01  2.94840331e+01 -5.17638759e+01 
 1.37598551e+01  2.93566021e+01 -5.24186569e+01 
 1.40771537e+01  2.92271110e+01 -5.30685500e+01 
 1.44017690e+01  2.90955881e+01 -5.37132934e+01 
 1.47338699e+01  2.89620644e+01 -5.43526616e+01 
 1.50736290e+01  2.88265715e+01 -5.49864263e+01 
 1.54212228e+01  2.86891417e+01 -5.56143583e+01 
 1.57768320e+01  2.85498102e+01 -5.62362757e+01 
 1.61406415e+01  2.84086111e+01 -5.68519603e+01 
 1.65128404e+01  2.82655813e+01 -5.74612520e+01 
 1.68936220e+01  2.81207573e+01 -5.80639679e+01 
 1.72831844e+01  2.79741769e+01 -5.86599588e+01 
 1.76817299e+01  2.78258779e+01 -5.92490655e+01 
 1.80894658e+01  2.76758985e+01 -5.98311417e+01 
 1.85066040e+01  2.75242795e+01 -6.04061028e+01 
 1.89333613e+01  2.73710590e+01 -6.09738044e+01 
 1.93699595e+01  2.72162765e+01 -6.15341445e+01 
 1.98166255e+01  2.70599720e+01 -6.20870414e+01 
 2.02735916e+01  2.69021849e+01 -6.26324053e+01 
 2.07410951e+01  2.67429553e+01 -6.31701757e+01 
 2.12193792e+01  2.65823227e+01 -6.37002928e+01 
 2.17086923e+01  2.64203260e+01 -6.42226985e+01 
 2.22092889e+01  2.62570041e+01 -6.47373534e+01 
 2.27214291e+01  2.60923964e+01 -6.52442358e+01 
 2.32453791e+01  2.59265407e+01 -6.57433163e+01 
 2.37814113e+01  2.57594753e+01 -6.62345904e+01 
 2.43298042e+01  2.55912372e+01 -6.67180462e+01 
 2.48908429e+01  2.54218632e+01 -6.71936877e+01 
 2.54648190e+01  2.52513896e+01 -6.76615268e+01 
 2.60520309e+01  2.50798521e+01 -6.81215824e+01 
 2.66527837e+01  2.49072856e+01 -6.85738801e+01 
 2.72673897e+01  2.47337246e+01 -6.90184521e+01 
 2.78961683e+01  2.45592025e+01 -6.94553369e+01 
 2.85394464e+01  2.43837524e+01 -6.98845785e+01 
 2.91975583e+01  2.42074060e+01 -7.03062200e+01 
 2.98708461e+01  2.40301950e+01 -7.07203223e+01 
 3.05596598e+01  2.38521501e+01 -7.11269448e+01 
 3.12643573e+01  2.36733004e+01 -7.15261389e+01 
 3.19853049e+01  2.34936758e+01 -7.19179846e+01 
 3.27228774e+01  2.33133041e+01 -7.23025473e+01 
 3.34774581e+01  2.31322133e+01 -7.26799076e+01 
 3.42494392e+01  2.29504293e+01 -7.30501323e+01 
 3.50392221e+01  2.27679784e+01 -7.34133080e+01 
 3.58472171e+01  2.25848859e+01 -7.37695180e+01 
 3.66738442e+01  2.24011762e+01 -7.41188481e+01 
 3.75195331e+01  2.22168729e+01 -7.44613859e+01 
 3.83847234e+01  2.20319984e+01 -7.47972162e+01 
 3.92698648e+01  2.18465751e+01 -7.51264305e+01 
 4.01754173e+01  2.16606247e+01 -7.54491259e+01 
 4.11018515e+01  2.14741676e+01 -7.57653918e+01 
 4.20496491e+01  2.12872242e+01 -7.60753273e+01 
 4.30193027e+01  2.10998135e+01 -7.63790235e+01 
 4.40113162e+01  2.09119532e+01 -7.66765683e+01 
 4.50262052e+01  2.07236636e+01 -7.69680795e+01 
 4.60644974e+01  2.05349602e+01 -7.72536372e+01 
 4.71267322e+01  2.03458604e+01 -7.75333429e+01 
 4.82134619e+01  2.01563797e+01 -7.78072898e+01 
 4.93252513e+01  1.99665342e+01 -7.80755791e+01 
 5.04626783e+01  1.97763389e+01 -7.83383076e+01 
 5.16263340e+01  1.95858081e+01 -7.85955720e+01 
 5.28168234e+01  1.93949555e+01 -7.88474650e+01 
 5.40347650e+01  1.92037946e+01 -7.90940858e+01 
 5.52807921e+01  1.90123375e+01 -7.93355230e+01 
 5.65555523e+01  1.88205974e+01 -7.95718777e+01 
 5.78597080e+01  1.86285862e+01 -7.98032439e+01 
 5.91939372e+01  1.84363144e+01 -8.00297080e+01 
 6.05589334e+01  1.82437942e+01 -8.02513717e+01 
 6.19554061e+01  1.80510350e+01 -8.04683170e+01 
 6.33840810e+01  1.78580476e+01 -8.06806403e+01 
 6.48457008e+01  1.76648413e+01 -8.08884279e+01 
 6.63410251e+01  1.74714250e+01 -8.10917653e+01 
 6.78708313e+01  1.72778085e+01 -8.12907454e+01 
 6.94359143e+01  1.70839995e+01 -8.14854488e+01 
 7.10370877e+01  1.68900071e+01 -8.16759660e+01 
 7.26751838e+01  1.66958383e+01 -8.18623755e+01 
 7.43510539e+01  1.65015012e+01 -8.20447625e+01 
 7.60655691e+01  1.63070028e+01 -8.22232087e+01 
 7.78196206e+01  1.61123503e+01 -8.23977943e+01 
 7.96141200e+01  1.59175503e+01 -8.25685983e+01 
 8.14500001e+01  1.57226087e+01 -8.27356962e+01 
 8.33282151e+01  1.55275321e+01 -8.28991672e+01 
 8.52497412e+01  1.53323259e+01 -8.30590843e+01 
 8.72155772e+01  1.51369961e+01 -8.32155240e+01 
 8.92267449e+01  1.49415482e+01 -8.33685591e+01 
 9.12842895e+01  1.47459873e+01 -8.35182613e+01 
 9.33892805e+01  1.45503174e+01 -8.36646972e+01 
 9.55428121e+01  1.43545446e+01 -8.38079419e+01 
 9.77460036e+01  1.41586725e+01 -8.39480596e+01 
 1.00000000e+02  1.39627056e+01 -8.40851171e+01 
 1.02305973e+02  1.37666482e+01 -8.42191819e+01 
 1.04665121e+02  1.35705045e+01 -8.43503185e+01 
 1.07078670e+02  1.33742773e+01 -8.44785866e+01 
 1.09547876e+02  1.31779716e+01 -8.46040535e+01 
 1.12074020e+02  1.29815896e+01 -8.47267749e+01 
 1.14658417e+02  1.27851359e+01 -8.48468157e+01 
 1.17302409e+02  1.25886119e+01 -8.49642281e+01 
 1.20007371e+02  1.23920225e+01 -8.50790759e+01 
 1.22774708e+02  1.21953696e+01 -8.51914125e+01 
 1.25605860e+02  1.19986561e+01 -8.53012931e+01 
 1.28502297e+02  1.18018850e+01 -8.54087735e+01 
 1.31465525e+02  1.16050581e+01 -8.55139040e+01 
 1.34497085e+02  1.14081787e+01 -8.56167396e+01 
 1.37598551e+02  1.12112491e+01 -8.57173315e+01 
 1.40771537e+02  1.10142706e+01 -8.58157269e+01 
 1.44017690e+02  1.08172463e+01 -8.59119776e+01 
 1.47338699e+02  1.06201778e+01 -8.60061305e+01 
 1.50736290e+02  1.04230675e+01 -8.60982340e+01 
 1.54212228e+02  1.02259163e+01 -8.61883319e+01 
 1.57768320e+02  1.00287274e+01 -8.62764729e+01 
 1.61406415e+02  9.83150070e+00 -8.63626967e+01 
 1.65128404e+02  9.63423918e+00 -8.64470504e+01 
 1.68936220e+02  9.43694395e+00 -8.65295753e+01 
 1.72831844e+02  9.23961694e+00 -8.66103142e+01 
 1.76817299e+02  9.04225914e+00 -8.66893070e+01 
 1.80894658e+02  8.84487151e+00 -8.67665925e+01 
 1.85066040e+02  8.64745618e+00 -8.68422121e+01 
 1.89333613e+02  8.45001400e+00 -8.69162032e+01 
 1.93699595e+02  8.25254614e+00 -8.69886033e+01 
 1.98166255e+02  8.05505376e+00 -8.70594494e+01 
 2.02735916e+02  7.85753793e+00 -8.71287775e+01 
 2.07410951e+02  7.66000013e+00 -8.71966238e+01 
 2.12193792e+02  7.46244092e+00 -8.72630221e+01 
 2.17086923e+02  7.26486086e+00 -8.73280054e+01 
 2.22092889e+02  7.06726167e+00 -8.73916086e+01 
 2.27214291e+02  6.86964382e+00 -8.74538636e+01 
 2.32453791e+02  6.67200814e+00 -8.75148020e+01 
 2.37814113e+02  6.47435542e+00 -8.75744551e+01 
 2.43298042e+02  6.27668643e+00 -8.76328536e+01 
 2.48908429e+02  6.07900230e+00 -8.76900281e+01 
 2.54648190e+02  5.88130291e+00 -8.77460064e+01 
 2.60520309e+02  5.68358933e+00 -8.78008181e+01 
 2.66527837e+02  5.48586260e+00 -8.78544921e+01 
 2.72673897e+02  5.28812252e+00 -8.79070545e+01 
 2.78961683e+02  5.09037049e+00 -8.79585337e+01 
 2.85394464e+02  4.89260665e+00 -8.80089555e+01 
 2.91975583e+02  4.69483112e+00 -8.80583454e+01 
 2.98708461e+02  4.49704524e+00 -8.81067299e+01 
 3.05596598e+02  4.29924907e+00 -8.81541334e+01 
 3.12643573e+02  4.10144308e+00 -8.82005803e+01 
 3.19853049e+02  3.90362771e+00 -8.82460946e+01 
 3.27228774e+02  3.70580339e+00 -8.82906997e+01 
 3.34774581e+02  3.50797053e+00 -8.83344187e+01 
 3.42494392e+02  3.31012951e+00 -8.83772742e+01 
 3.50392221e+02  3.11228070e+00 -8.84192883e+01 
 3.58472171e+02  2.91442447e+00 -8.84604826e+01 
 3.66738442e+02  2.71656114e+00 -8.85008785e+01 
 3.75195331e+02  2.51869147e+00 -8.85404974e+01 
 3.83847234e+02  2.32081493e+00 -8.85793587e+01 
 3.92698648e+02  2.12293223e+00 -8.86174830e+01 
 4.01754173e+02  1.92504408e+00 -8.86548906e+01 
 4.11018515e+02  1.72714992e+00 -8.86915997e+01 
 4.20496491e+02  1.52925043e+00 -8.87276300e+01 
 4.30193027e+02  1.33134626e+00 -8.87630005e+01 
 4.40113162e+02  1.13343684e+00 -8.87977286e+01 
 4.50262052e+02  9.35523222e-01 -8.88318332e+01 
 4.60644974e+02  7.37604795e-01 -8.88653311e+01 
 4.71267322e+02  5.39682600e-01 -8.88982404e+01 
 4.82134619e+02  3.41756012e-01 -8.89305775e+01 
 4.93252513e+02  1.43826054e-01 -8.89623598e+01 
 5.04626783e+02 -5.41079165e-02 -8.89936031e+01 
 5.16263340e+02 -2.52044892e-01 -8.90243242e+01 
 5.28168234e+02 -4.49985113e-01 -8.90545388e+01 
 5.40347650e+02 -6.47928417e-01 -8.90842625e+01 
 5.52807921e+02 -8.45874643e-01 -8.91135108e+01 
 5.65555523e+02 -1.04382364e+00 -8.91422987e+01 
 5.78597080e+02 -1.24177608e+00 -8.91706406e+01 
 5.91939372e+02 -1.43973018e+00 -8.91985525e+01 
 6.05589334e+02 -1.63768663e+00 -8.92260482e+01 
 6.19554061e+02 -1.83564570e+00 -8.92531417e+01 
 6.33840810e+02 -2.03360644e+00 -8.92798476e+01 
 6.48457008e+02 -2.23156914e+00 -8.93061794e+01 
 6.63410251e+02 -2.42953369e+00 -8.93321509e+01 
 6.78708313e+02 -2.62750039e+00 -8.93577753e+01 
 6.94359143e+02 -2.82546828e+00 -8.93830663e+01 
 7.10370877e+02 -3.02343769e+00 -8.94080369e+01 
 7.26751838e+02 -3.22140850e+00 -8.94327000e+01 
 7.43510539e+02 -3.41938104e+00 -8.94570682e+01 
 7.60655691e+02 -3.61735436e+00 -8.94811545e+01 
 7.78196206e+02 -3.81532879e+00 -8.95049714e+01 
 7.96141200e+02 -4.01330423e+00 -8.95285310e+01 
 8.14500001e+02 -4.21128060e+00 -8.95518457e+01 
 8.33282151e+02 -4.40925780e+00 -8.95749275e+01 
 8.52497412e+02 -4.60723615e+00 -8.95977883e+01 
 8.72155772e+02 -4.80521474e+00 -8.96204403e+01 
 8.92267449e+02 -5.00319391e+00 -8.96428951e+01 
 9.12842895e+02 -5.20117356e+00 -8.96651643e+01 
 9.33892805e+02 -5.39915361e+00 -8.96872595e+01 
 9.55428121e+02 -5.59713399e+00 -8.97091922e+01 
 9.77460036e+02 -5.79511460e+00 -8.97309737e+01 
 1.00000000e+03 -5.99309536e+00 -8.97526153e+01 
 1.02305973e+03 -6.19107621e+00 -8.97741284e+01 
 1.04665121e+03 -6.38905745e+00 -8.97955238e+01 
 1.07078670e+03 -6.58703820e+00 -8.98168131e+01 
 1.09547876e+03 -6.78501878e+00 -8.98380071e+01 
 1.12074020e+03 -6.98299911e+00 -8.98591168e+01 
 1.14658417e+03 -7.18097911e+00 -8.98801532e+01 
 1.17302409e+03 -7.37895869e+00 -8.99011272e+01 
 1.20007371e+03 -7.57693777e+00 -8.99220497e+01 
 1.22774708e+03 -7.77491627e+00 -8.99429316e+01 
 1.25605860e+03 -7.97289410e+00 -8.99637836e+01 
 1.28502297e+03 -8.17087118e+00 -8.99846167e+01 
 1.31465525e+03 -8.36884741e+00 -9.00054415e+01 
 1.34497085e+03 -8.56682270e+00 -9.00262690e+01 
 1.37598551e+03 -8.76479697e+00 -9.00471099e+01 
 1.40771537e+03 -8.96277052e+00 -9.00679749e+01 
 1.44017690e+03 -9.16074244e+00 -9.00888752e+01 
 1.47338699e+03 -9.35871304e+00 -9.01098213e+01 
 1.50736290e+03 -9.55668222e+00 -9.01308242e+01 
 1.54212228e+03 -9.75464987e+00 -9.01518947e+01 
 1.57768320e+03 -9.95261589e+00 -9.01730439e+01 
 1.61406415e+03 -1.01505802e+01 -9.01942825e+01 
 1.65128404e+03 -1.03485426e+01 -9.02156218e+01 
 1.68936220e+03 -1.05465030e+01 -9.02370726e+01 
 1.72831844e+03 -1.07444613e+01 -9.02586462e+01 
 1.76817299e+03 -1.09424174e+01 -9.02803537e+01 
 1.80894658e+03 -1.11403711e+01 -9.03022063e+01 
 1.85066040e+03 -1.13383223e+01 -9.03242154e+01 
 1.89333613e+03 -1.15362708e+01 -9.03463924e+01 
 1.93699595e+03 -1.17342166e+01 -9.03687487e+01 
 1.98166255e+03 -1.19321594e+01 -9.03912959e+01 
 2.02735916e+03 -1.21300991e+01 -9.04140456e+01 
 2.07410951e+03 -1.23280355e+01 -9.04370097e+01 
 2.12193792e+03 -1.25259685e+01 -9.04602001e+01 
 2.17086923e+03 -1.27238978e+01 -9.04836286e+01 
 2.22092889e+03 -1.29218233e+01 -9.05073074e+01 
 2.27214291e+03 -1.31197448e+01 -9.05312487e+01 
 2.32453791e+03 -1.33176621e+01 -9.05554649e+01 
 2.37814113e+03 -1.35155749e+01 -9.05799685e+01 
 2.43298042e+03 -1.37134831e+01 -9.06047722e+01 
 2.48908429e+03 -1.39113864e+01 -9.06298886e+01 
 2.54648190e+03 -1.41092846e+01 -9.06553309e+01 
 2.60520309e+03 -1.43071773e+01 -9.06811120e+01 
 2.66527837e+03 -1.45050644e+01 -9.07072453e+01 
 2.72673897e+03 -1.47029456e+01 -9.07337441e+01 
 2.78961683e+03 -1.49008206e+01 -9.07606222e+01 
 2.85394464e+03 -1.50986890e+01 -9.07878934e+01 
 2.91975583e+03 -1.52965506e+01 -9.08155716e+01 
 2.98708461e+03 -1.54944051e+01 -9.08436711e+01 
 3.05596598e+03 -1.56922520e+01 -9.08722063e+01 
 3.12643573e+03 -1.58900910e+01 -9.09011918e+01 
 3.19853049e+03 -1.60879219e+01 -9.09306426e+01 
 3.27228774e+03 -1.62857440e+01 -9.09605735e+01 
 3.34774581e+03 -1.64835571e+01 -9.09910001e+01 
 3.42494392e+03 -1.66813607e+01 -9.10219377e+01 
 3.50392221e+03 -1.68791548e+01 -9.10534023e+01 
 3.58472171e+03 -1.70769380e+01 -9.10854099e+01 
 3.66738442e+03 -1.72747104e+01 -9.11179768e+01 
 3.75195331e+03 -1.74724713e+01 -9.11511195e+01 
 3.83847234e+03 -1.76702202e+01 -9.11848550e+01 
 3.92698648e+03 -1.78679566e+01 -9.12192004e+01 
 4.01754173e+03 -1.80656799e+01 -9.12541730e+01 
 4.11018515e+03 -1.82633894e+01 -9.12897907e+01 
 4.20496491e+03 -1.84610846e+01 -9.13260715e+01 
 4.30193027e+03 -1.86587646e+01 -9.13630336e+01 
 4.40113162e+03 -1.88564289e+01 -9.14006958e+01 
 4.50262052e+03 -1.90540766e+01 -9.14390771e+01 
 4.60644974e+03 -1.92517070e+01 -9.14781967e+01 
 4.71267322e+03 -1.94493192e+01 -9.15180743e+01 
 4.82134619e+03 -1.96469125e+01 -9.15587299e+01 
 4.93252513e+03 -1.98444859e+01 -9.16001839e+01 
 5.04626783e+03 -2.00420384e+01 -9.16424569e+01 
 5.16263340e+03 -2.02395691e+01 -9.16855701e+01 
 5.28168234e+03 -2.04370770e+01 -9.17295448e+01 
 5.40347650e+03 -2.06345610e+01 -9.17744030e+01 
 5.52807921e+03 -2.08320200e+01 -9.18201669e+01 
 5.65555523e+03 -2.10294527e+01 -9.18668590e+01 
 5.78597080e+03 -2.12268579e+01 -9.19145024e+01 
 5.91939372e+03 -2.14242344e+01 -9.19631205e+01 
 6.05589334e+03 -2.16215808e+01 -9.20127371e+01 
 6.19554061e+03 -2.18188956e+01 -9.20633765e+01 
 6.33840810e+03 -2.20161774e+01 -9.21150633e+01 
 6.48457008e+03 -2.22134246e+01 -9.21678227e+01 
 6.63410251e+03 -2.24106356e+01 -9.22216802e+01 
 6.78708313e+03 -2.26078086e+01 -9.22766618e+01 
 6.94359143e+03 -2.28049418e+01 -9.23327938e+01 
 7.10370877e+03 -2.30020335e+01 -9.23901031e+01 
 7.26751838e+03 -2.31990815e+01 -9.24486171e+01 
 7.43510539e+03 -2.33960839e+01 -9.25083635e+01 
 7.60655691e+03 -2.35930385e+01 -9.25693705e+01 
 7.78196206e+03 -2.37899429e+01 -9.26316668e+01 
 7.96141200e+03 -2.39867949e+01 -9.26952816e+01 
 8.14500001e+03 -2.41835918e+01 -9.27602444e+01 
 8.33282151e+03 -2.43803312e+01 -9.28265852e+01 
 8.52497412e+03 -2.45770103e+01 -9.28943346e+01 
 8.72155772e+03 -2.47736261e+01 -9.29635236e+01 
 8.92267449e+03 -2.49701756e+01 -9.30341835e+01 
 9.12842895e+03 -2.51666558e+01 -9.31063461e+01 
 9.33892805e+03 -2.53630633e+01 -9.31800439e+01 
 9.55428121e+03 -2.55593945e+01 -9.32553094e+01 
 9.77460036e+03 -2.57556460e+01 -9.33321760e+01 
 1.00000000e+04 -2.59518137e+01 -9.34106770e+01 
 1.02305973e+04 -2.61478937e+01 -9.34908466e+01 
 1.04665121e+04 -2.63438819e+01 -9.35727191e+01 
 1.07078670e+04 -2.65397737e+01 -9.36563292e+01 
 1.09547876e+04 -2.67355645e+01 -9.37417121e+01 
 1.12074020e+04 -2.69312494e+01 -9.38289031e+01 
 1.14658417e+04 -2.71268234e+01 -9.39179381e+01 
 1.17302409e+04 -2.73222810e+01 -9.40088532e+01 
 1.20007371e+04 -2.75176166e+01 -9.41016846e+01 
 1.22774708e+04 -2.77128243e+01 -9.41964690e+01 
 1.25605860e+04 -2.79078979e+01 -9.42932431e+01 
 1.28502297e+04 -2.81028307e+01 -9.43920439e+01 
 1.31465525e+04 -2.82976160e+01 -9.44929085e+01 
 1.34497085e+04 -2.84922466e+01 -9.45958742e+01 
 1.37598551e+04 -2.86867148e+01 -9.47009781e+01 
 1.40771537e+04 -2.88810126e+01 -9.48082574e+01 
 1.44017690e+04 -2.90751317e+01 -9.49177494e+01 
 1.47338699e+04 -2.92690632e+01 -9.50294910e+01 
 1.50736290e+04 -2.94627979e+01 -9.51435192e+01 
 1.54212228e+04 -2.96563261e+01 -9.52598706e+01 
 1.57768320e+04 -2.98496373e+01 -9.53785813e+01 
 1.61406415e+04 -3.00427210e+01 -9.54996873e+01 
 1.65128404e+04 -3.02355655e+01 -9.56232238e+01 
 1.68936220e+04 -3.04281591e+01 -9.57492257e+01 
 1.72831844e+04 -3.06204890e+01 -9.58777269e+01 
 1.76817299e+04 -3.08125421e+01 -9.60087607e+01 
 1.80894658e+04 -3.10043042e+01 -9.61423591e+01 
 1.85066040e+04 -3.11957607e+01 -9.62785535e+01 
 1.89333613e+04 -3.13868960e+01 -9.64173738e+01 
 1.93699595e+04 -3.15776937e+01 -9.65588485e+01 
 1.98166255e+04 -3.17681365e+01 -9.67030048e+01 
 2.02735916e+04 -3.19582063e+01 -9.68498679e+01 
 2.07410951e+04 -3.21478836e+01 -9.69994614e+01 
 2.12193792e+04 -3.23371484e+01 -9.71518066e+01 
 2.17086923e+04 -3.25259790e+01 -9.73069226e+01 
 2.22092889e+04 -3.27143529e+01 -9.74648261e+01 
 2.27214291e+04 -3.29022461e+01 -9.76255308e+01 
 2.32453791e+04 -3.30896334e+01 -9.77890476e+01 
 2.37814113e+04 -3.32764881e+01 -9.79553839e+01 
 2.43298042e+04 -3.34627818e+01 -9.81245439e+01 
 2.48908429e+04 -3.36484848e+01 -9.82965275e+01 
 2.54648190e+04 -3.38335654e+01 -9.84713308e+01 
 2.60520309e+04 -3.40179901e+01 -9.86489449e+01 
 2.66527837e+04 -3.42017235e+01 -9.88293563e+01 
 2.72673897e+04 -3.43847281e+01 -9.90125461e+01 
 2.78961683e+04 -3.45669641e+01 -9.91984897e+01 
 2.85394464e+04 -3.47483894e+01 -9.93871562e+01 
 2.91975583e+04 -3.49289594e+01 -9.95785083e+01 
 2.98708461e+04 -3.51086266e+01 -9.97725014e+01 
 3.05596598e+04 -3.52873408e+01 -9.99690832e+01 
 3.12643573e+04 -3.54650485e+01 -1.00168193e+02 
 3.19853049e+04 -3.56416933e+01 -1.00369763e+02 
 3.27228774e+04 -3.58172147e+01 -1.00573712e+02 
 3.34774581e+04 -3.59915490e+01 -1.00779953e+02 
 3.42494392e+04 -3.61646281e+01 -1.00988387e+02 
 3.50392221e+04 -3.63363796e+01 -1.01198901e+02 
 3.58472171e+04 -3.65067267e+01 -1.01411373e+02 
 3.66738442e+04 -3.66755874e+01 -1.01625666e+02 
 3.75195331e+04 -3.68428745e+01 -1.01841629e+02 
 3.83847234e+04 -3.70084951e+01 -1.02059097e+02 
 3.92698648e+04 -3.71723502e+01 -1.02277889e+02 
 4.01754173e+04 -3.73343340e+01 -1.02497804e+02 
 4.11018515e+04 -3.74943340e+01 -1.02718627e+02 
 4.20496491e+04 -3.76522298e+01 -1.02940120e+02 
 4.30193027e+04 -3.78078928e+01 -1.03162026e+02 
 4.40113162e+04 -3.79611859e+01 -1.03384065e+02 
 4.50262052e+04 -3.81119621e+01 -1.03605934e+02 
 4.60644974e+04 -3.82600644e+01 -1.03827302e+02 
 4.71267322e+04 -3.84053245e+01 -1.04047814e+02 
 4.82134619e+04 -3.85475622e+01 -1.04267083e+02 
 4.93252513e+04 -3.86865844e+01 -1.04484690e+02 
 5.04626783e+04 -3.88221835e+01 -1.04700183e+02 
 5.16263340e+04 -3.89541371e+01 -1.04913073e+02 
 5.28168234e+04 -3.90822058e+01 -1.05122828e+02 
 5.40347650e+04 -3.92061322e+01 -1.05328875e+02 
 5.52807921e+04 -3.93256389e+01 -1.05530593e+02 
 5.65555523e+04 -3.94404270e+01 -1.05727308e+02 
 5.78597080e+04 -3.95501739e+01 -1.05918287e+02 
 5.91939372e+04 -3.96545308e+01 -1.06102735e+02 
 6.05589334e+04 -3.97531204e+01 -1.06279787e+02 
 6.19554061e+04 -3.98455336e+01 -1.06448497e+02 
 6.33840810e+04 -3.99313262e+01 -1.06607832e+02 
 6.48457008e+04 -4.00100155e+01 -1.06756660e+02 
 6.63410251e+04 -4.00810751e+01 -1.06893734e+02 
 6.78708313e+04 -4.01439307e+01 -1.07017679e+02 
 6.94359143e+04 -4.01979535e+01 -1.07126971e+02 
 7.10370877e+04 -4.02424542e+01 -1.07219916e+02 
 7.26751838e+04 -4.02766742e+01 -1.07294617e+02 
 7.43510539e+04 -4.02997772e+01 -1.07348944e+02 
 7.60655691e+04 -4.03108380e+01 -1.07380488e+02 
 7.78196206e+04 -4.03088293e+01 -1.07386511e+02 
 7.96141200e+04 -4.02926069e+01 -1.07363872e+02 
 8.14500001e+04 -4.02608908e+01 -1.07308952e+02 
 8.33282151e+04 -4.02122437e+01 -1.07217538e+02 
 8.52497412e+04 -4.01450435e+01 -1.07084690e+02 
 8.72155772e+04 -4.00574512e+01 -1.06904553e+02 
 8.92267449e+04 -3.99473704e+01 -1.06670130e+02 
 9.12842895e+04 -3.98123984e+01 -1.06372958e+02 
 9.33892805e+04 -3.96497642e+01 -1.06002684e+02 
 9.55428121e+04 -3.94562529e+01 -1.05546484e+02 
 9.77460036e+04 -3.92281095e+01 -1.04988255e+02 
 1.00000000e+05 -3.89609196e+01 -1.04307468e+02 
 1.02305973e+05 -3.86494612e+01 -1.03477527e+02 
 1.04665121e+05 -3.82875213e+01 -1.02463351e+02 
 1.07078670e+05 -3.78676805e+01 -1.01217757e+02 
 1.09547876e+05 -3.73810759e+01 -9.96758863e+01 
 1.12074020e+05 -3.68171976e+01 -9.77464781e+01 
 1.14658417e+05 -3.61638724e+01 -9.52978409e+01 
 1.17302409e+05 -3.54078577e+01 -9.21349788e+01 
 1.20007371e+05 -3.45371668e+01 -8.79623724e+01 
 1.22774708e+05 -3.35480396e+01 -8.23263410e+01 
 1.25605860e+05 -3.24636718e+01 -7.45430275e+01 
 1.28502297e+05 -3.13784896e+01 -6.36888922e+01 
 1.31465525e+05 -3.05326987e+01 -4.89652117e+01 
 1.34497085e+05 -3.03202736e+01 -3.09268117e+01 
 1.37598551e+05 -3.10042750e+01 -1.25124445e+01 
 1.40771537e+05 -3.23972288e+01  3.00888794e+00 
 1.44017690e+05 -3.40973053e+01  1.46366971e+01 
 1.47338699e+05 -3.58287764e+01  2.30315755e+01 
 1.50736290e+05 -3.74749520e+01  2.91422855e+01 
 1.54212228e+05 -3.90031310e+01  3.37033640e+01 
 1.57768320e+05 -4.04136551e+01  3.72073727e+01 
 1.61406415e+05 -4.17174846e+01  3.99750295e+01 
 1.65128404e+05 -4.29276892e+01  4.22170081e+01 
 1.68936220e+05 -4.40565349e+01  4.40747286e+01 
 1.72831844e+05 -4.51146764e+01  4.56455211e+01 
 1.76817299e+05 -4.61111016e+01  4.69980401e+01 
 1.80894658e+05 -4.70533168e+01  4.81818287e+01 
 1.85066040e+05 -4.79475828e+01  4.92333837e+01 
 1.89333613e+05 -4.87991378e+01  5.01800871e+01 
 1.93699595e+05 -4.96123869e+01  5.10428179e+01 
 1.98166255e+05 -5.03910576e+01  5.18377239e+01 
 2.02735916e+05 -5.11383245e+01  5.25774492e+01 
 2.07410951e+05 -5.18569097e+01  5.32720002e+01 
 2.12193792e+05 -5.25491626e+01  5.39293691e+01 
 2.17086923e+05 -5.32171241e+01  5.45559883e+01 
 2.22092889e+05 -5.38625781e+01  5.51570679e+01 
 2.27214291e+05 -5.44870938e+01  5.57368488e+01 
 2.32453791e+05 -5.50920592e+01  5.62987966e+01 
 2.37814113e+05 -5.56787092e+01  5.68457499e+01 
 2.43298042e+05 -5.62481485e+01  5.73800368e+01 
 2.48908429e+05 -5.68013706e+01  5.79035668e+01 
 2.54648190e+05 -5.73392735e+01  5.84179030e+01 
 2.60520309e+05 -5.78626731e+01  5.89243214e+01 
 2.66527837e+05 -5.83723138e+01  5.94238585e+01 
 2.72673897e+05 -5.88688784e+01  5.99173499e+01 
 2.78961683e+05 -5.93529957e+01  6.04054630e+01 
 2.85394464e+05 -5.98252472e+01  6.08887233e+01 
 2.91975583e+05 -6.02861729e+01  6.13675370e+01 
 2.98708461e+05 -6.07362761e+01  6.18422100e+01 
 3.05596598e+05 -6.11760276e+01  6.23129636e+01 
 3.12643573e+05 -6.16058691e+01  6.27799488e+01 
 3.19853049e+05 -6.20262169e+01  6.32432570e+01 
 3.27228774e+05 -6.24374637e+01  6.37029310e+01 
 3.34774581e+05 -6.28399814e+01  6.41589730e+01 
 3.42494392e+05 -6.32341231e+01  6.46113525e+01 
 3.50392221e+05 -6.36202246e+01  6.50600127e+01 
 3.58472171e+05 -6.39986059e+01  6.55048756e+01 
 3.66738442e+05 -6.43695728e+01  6.59458476e+01 
 3.75195331e+05 -6.47334175e+01  6.63828233e+01 
 3.83847234e+05 -6.50904200e+01  6.68156890e+01 
 3.92698648e+05 -6.54408487e+01  6.72443260e+01 
 4.01754173e+05 -6.57849613e+01  6.76686134e+01 
 4.11018515e+05 -6.61230055e+01  6.80884299e+01 
 4.20496491e+05 -6.64552192e+01  6.85036561e+01 
 4.30193027e+05 -6.67818316e+01  6.89141759e+01 
 4.40113162e+05 -6.71030632e+01  6.93198780e+01 
 4.50262052e+05 -6.74191261e+01  6.97206566e+01 
 4.60644974e+05 -6.77302250e+01  7.01164128e+01 
 4.71267322e+05 -6.80365569e+01  7.05070548e+01 
 4.82134619e+05 -6.83383116e+01  7.08924985e+01 
 4.93252513e+05 -6.86356720e+01  7.12726682e+01 
 5.04626783e+05 -6.89288144e+01  7.16474962e+01 
 5.16263340e+05 -6.92179087e+01  7.20169235e+01 
 5.28168234e+05 -6.95031184e+01  7.23808993e+01 
 5.40347650e+05 -6.97846013e+01  7.27393814e+01 
 5.52807921e+05 -7.00625091e+01  7.30923359e+01 
 5.65555523e+05 -7.03369881e+01  7.34397366e+01 
 5.78597080e+05 -7.06081789e+01  7.37815655e+01 
 5.91939372e+05 -7.08762171e+01  7.41178120e+01 
 6.05589334e+05 -7.11412331e+01  7.44484725e+01 
 6.19554061e+05 -7.14033523e+01  7.47735507e+01 
 6.33840810e+05 -7.16626952e+01  7.50930566e+01 
 6.48457008e+05 -7.19193780e+01  7.54070063e+01 
 6.63410251e+05 -7.21735120e+01  7.57154219e+01 
 6.78708313e+05 -7.24252046e+01  7.60183308e+01 
 6.94359143e+05 -7.26745586e+01  7.63157656e+01 
 7.10370877e+05 -7.29216729e+01  7.66077636e+01 
 7.26751838e+05 -7.31666426e+01  7.68943663e+01 
 7.43510539e+05 -7.34095587e+01  7.71756194e+01 
 7.60655691e+05 -7.36505089e+01  7.74515721e+01 
 7.78196206e+05 -7.38895771e+01  7.77222772e+01 
 7.96141200e+05 -7.41268438e+01  7.79877904e+01 
 8.14500001e+05 -7.43623864e+01  7.82481699e+01 
 8.33282151e+05 -7.45962789e+01  7.85034768e+01 
 8.52497412e+05 -7.48285925e+01  7.87537741e+01 
 8.72155772e+05 -7.50593952e+01  7.89991267e+01 
 8.92267449e+05 -7.52887523e+01  7.92396015e+01 
 9.12842895e+05 -7.55167264e+01  7.94752664e+01 
 9.33892805e+05 -7.57433775e+01  7.97061908e+01 
 9.55428121e+05 -7.59687628e+01  7.99324453e+01 
 9.77460036e+05 -7.61929375e+01  8.01541010e+01 
 1.00000000e+06 -7.64159541e+01  8.03712300e+01 
 1.02305973e+06 -7.66378631e+01  8.05839046e+01 
 1.04665121e+06 -7.68587127e+01  8.07921978e+01 
 1.07078670e+06 -7.70785492e+01  8.09961826e+01 
 1.09547876e+06 -7.72974168e+01  8.11959322e+01 
 1.12074020e+06 -7.75153577e+01  8.13915197e+01 
 1.14658417e+06 -7.77324125e+01  8.15830182e+01 
 1.17302409e+06 -7.79486200e+01  8.17705008e+01 
 1.20007371e+06 -7.81640171e+01  8.19540392e+01 
 1.22774708e+06 -7.83786394e+01  8.21337059e+01 
 1.25605860e+06 -7.85925207e+01  8.23095723e+01 
 1.28502297e+06 -7.88056935e+01  8.24817097e+01 
 1.31465525e+06 -7.90181888e+01  8.26501882e+01 
 1.34497085e+06 -7.92300363e+01  8.28150778e+01 
 1.37598551e+06 -7.94412643e+01  8.29764474e+01 
 1.40771537e+06 -7.96518999e+01  8.31343652e+01 
 1.44017690e+06 -7.98619691e+01  8.32888986e+01 
 1.47338699e+06 -8.00714966e+01  8.34401142e+01 
 1.50736290e+06 -8.02805062e+01  8.35880777e+01 
 1.54212228e+06 -8.04890203e+01  8.37328539e+01 
 1.57768320e+06 -8.06970608e+01  8.38745065e+01 
 1.61406415e+06 -8.09046483e+01  8.40130985e+01 
 1.65128404e+06 -8.11118025e+01  8.41486918e+01 
 1.68936220e+06 -8.13185424e+01  8.42813471e+01 
 1.72831844e+06 -8.15248859e+01  8.44111245e+01 
 1.76817299e+06 -8.17308504e+01  8.45380828e+01 
 1.80894658e+06 -8.19364523e+01  8.46622797e+01 
 1.85066040e+06 -8.21417074e+01  8.47837722e+01 
 1.89333613e+06 -8.23466306e+01  8.49026160e+01 
 1.93699595e+06 -8.25512365e+01  8.50188658e+01 
 1.98166255e+06 -8.27555387e+01  8.51325752e+01 
 2.02735916e+06 -8.29595504e+01  8.52437975e+01 
 2.07410951e+06 -8.31632842e+01  8.53525832e+01 
 2.12193792e+06 -8.33667519e+01  8.54589833e+01 
 2.17086923e+06 -8.35699652e+01  8.55630473e+01 
 2.22092889e+06 -8.37729349e+01  8.56648239e+01 
 2.27214291e+06 -8.39756715e+01  8.57643604e+01 
 2.32453791e+06 -8.41781850e+01  8.58617034e+01 
 2.37814113e+06 -8.43804851e+01  8.59568983e+01 
 2.43298042e+06 -8.45825809e+01  8.60499897e+01 
 2.48908429e+06 -8.47844811e+01  8.61410210e+01 
 2.54648190e+06 -8.49861942e+01  8.62300348e+01 
 2.60520309e+06 -8.51877281e+01  8.63170728e+01 
 2.66527837e+06 -8.53890906e+01  8.64021757e+01 
 2.72673897e+06 -8.55902890e+01  8.64853832e+01 
 2.78961683e+06 -8.57913303e+01  8.65667343e+01 
 2.85394464e+06 -8.59922214e+01  8.66462670e+01 
 2.91975583e+06 -8.61929686e+01  8.67240184e+01 
 2.98708461e+06 -8.63935783e+01  8.68000250e+01 
 3.05596598e+06 -8.65940563e+01  8.68743223e+01 
 3.12643573e+06 -8.67944084e+01  8.69469452e+01 
 3.19853049e+06 -8.69946401e+01  8.70179274e+01 
 3.27228774e+06 -8.71947567e+01  8.70873022e+01 
 3.34774581e+06 -8.73947632e+01  8.71551023e+01 
 3.42494392e+06 -8.75946645e+01  8.72213596e+01 
 3.50392221e+06 -8.77944653e+01  8.72861051e+01 
 3.58472171e+06 -8.79941701e+01  8.73493695e+01 
 3.66738442e+06 -8.81937833e+01  8.74111827e+01 
 3.75195331e+06 -8.83933091e+01  8.74715741e+01 
 3.83847234e+06 -8.85927514e+01  8.75305727e+01 
 3.92698648e+06 -8.87921142e+01  8.75882062e+01 
 4.01754173e+06 -8.89914013e+01  8.76445025e+01 
 4.11018515e+06 -8.91906161e+01  8.76994890e+01 
 4.20496491e+06 -8.93897624e+01  8.77531926e+01 
 4.30193027e+06 -8.95888433e+01  8.78056391e+01 
 4.40113162e+06 -8.97878621e+01  8.78568547e+01 
 4.50262052e+06 -8.99868220e+01  8.79068647e+01 
 4.60644974e+06 -9.01857260e+01  8.79556943e+01 
 4.71267322e+06 -9.03845770e+01  8.80033681e+01 
 4.82134619e+06 -9.05833778e+01  8.80499107e+01 
 4.93252513e+06 -9.07821310e+01  8.80953454e+01 
 5.04626783e+06 -9.09808394e+01  8.81396963e+01 
 5.16263340e+06 -9.11795053e+01  8.81829865e+01 
 5.28168234e+06 -9.13781313e+01  8.82252389e+01 
 5.40347650e+06 -9.15767195e+01  8.82664763e+01 
 5.52807921e+06 -9.17752723e+01  8.83067209e+01 
 5.65555523e+06 -9.19737918e+01  8.83459950e+01 
 5.78597080e+06 -9.21722799e+01  8.83843200e+01 
 5.91939372e+06 -9.23707388e+01  8.84217174e+01 
 6.05589334e+06 -9.25691702e+01  8.84582085e+01 
 6.19554061e+06 -9.27675759e+01  8.84938140e+01 
 6.33840810e+06 -9.29659577e+01  8.85285547e+01 
 6.48457008e+06 -9.31643172e+01  8.85624506e+01 
 6.63410251e+06 -9.33626559e+01  8.85955217e+01 
 6.78708313e+06 -9.35609753e+01  8.86277879e+01 
 6.94359143e+06 -9.37592768e+01  8.86592686e+01 
 7.10370877e+06 -9.39575617e+01  8.86899825e+01 
 7.26751838e+06 -9.41558313e+01  8.87199486e+01 
 7.43510539e+06 -9.43540868e+01  8.87491856e+01 
 7.60655691e+06 -9.45523293e+01  8.87777112e+01 
 7.78196206e+06 -9.47505599e+01  8.88055436e+01 
 7.96141200e+06 -9.49487794e+01  8.88327000e+01 
 8.14500001e+06 -9.51469890e+01  8.88591981e+01 
 8.33282151e+06 -9.53451893e+01  8.88850543e+01 
 8.52497412e+06 -9.55433813e+01  8.89102854e+01 
 8.72155772e+06 -9.57415656e+01  8.89349075e+01 
 8.92267449e+06 -9.59397431e+01  8.89589366e+01 
 9.12842895e+06 -9.61379142e+01  8.89823882e+01 
 9.33892805e+06 -9.63360797e+01  8.90052775e+01 
 9.55428121e+06 -9.65342400e+01  8.90276195e+01 
 9.77460036e+06 -9.67323957e+01  8.90494285e+01 
 1.00000000e+07 -9.69305472e+01  8.90707189e+01 
 1.02305973e+07 -9.71286949e+01  8.90915046e+01 
 1.04665121e+07 -9.73268393e+01  8.91117991e+01 
 1.07078670e+07 -9.75249806e+01  8.91316156e+01 
 1.09547876e+07 -9.77231191e+01  8.91509669e+01 
 1.12074020e+07 -9.79212552e+01  8.91698656e+01 
 1.14658417e+07 -9.81193891e+01  8.91883238e+01 
 1.17302409e+07 -9.83175209e+01  8.92063536e+01 
 1.20007371e+07 -9.85156509e+01  8.92239663e+01 
 1.22774708e+07 -9.87137791e+01  8.92411733e+01 
 1.25605860e+07 -9.89119058e+01  8.92579854e+01 
 1.28502297e+07 -9.91100311e+01  8.92744133e+01 
 1.31465525e+07 -9.93081549e+01  8.92904671e+01 
 1.34497085e+07 -9.95062775e+01  8.93061569e+01 
 1.37598551e+07 -9.97043988e+01  8.93214924e+01 
 1.40771537e+07 -9.99025189e+01  8.93364828e+01 
 1.44017690e+07 -1.00100638e+02  8.93511373e+01 
 1.47338699e+07 -1.00298755e+02  8.93654647e+01 
 1.50736290e+07 -1.00496872e+02  8.93794735e+01 
 1.54212228e+07 -1.00694987e+02  8.93931718e+01 
 1.57768320e+07 -1.00893101e+02  8.94065678e+01 
 1.61406415e+07 -1.01091214e+02  8.94196690e+01 
 1.65128404e+07 -1.01289325e+02  8.94324829e+01 
 1.68936220e+07 -1.01487435e+02  8.94450167e+01 
 1.72831844e+07 -1.01685544e+02  8.94572774e+01 
 1.76817299e+07 -1.01883651e+02  8.94692717e+01 
 1.80894658e+07 -1.02081757e+02  8.94810061e+01 
 1.85066040e+07 -1.02279861e+02  8.94924867e+01 
 1.89333613e+07 -1.02477964e+02  8.95037198e+01 
 1.93699595e+07 -1.02676065e+02  8.95147112e+01 
 1.98166255e+07 -1.02874164e+02  8.95254664e+01 
 2.02735916e+07 -1.03072261e+02  8.95359910e+01 
 2.07410951e+07 -1.03270357e+02  8.95462903e+01 
 2.12193792e+07 -1.03468450e+02  8.95563694e+01 
 2.17086923e+07 -1.03666542e+02  8.95662331e+01 
 2.22092889e+07 -1.03864632e+02  8.95758863e+01 
 2.27214291e+07 -1.04062720e+02  8.95853336e+01 
 2.32453791e+07 -1.04260806e+02  8.95945794e+01 
 2.37814113e+07 -1.04458889e+02  8.96036282e+01 
 2.43298042e+07 -1.04656971e+02  8.96124840e+01 
 2.48908429e+07 -1.04855051e+02  8.96211510e+01 
 2.54648190e+07 -1.05053128e+02  8.96296331e+01 
 2.60520309e+07 -1.05251204e+02  8.96379341e+01 
 2.66527837e+07 -1.05449277e+02  8.96460578e+01 
 2.72673897e+07 -1.05647348e+02  8.96540077e+01 
 2.78961683e+07 -1.05845417e+02  8.96617874e+01 
 2.85394464e+07 -1.06043484e+02  8.96694004e+01 
 2.91975583e+07 -1.06241549e+02  8.96768499e+01 
 2.98708461e+07 -1.06439612e+02  8.96841392e+01 
 3.05596598e+07 -1.06637672e+02  8.96912715e+01 
 3.12643573e+07 -1.06835731e+02  8.96982499e+01 
 3.19853049e+07 -1.07033788e+02  8.97050774e+01 
 3.27228774e+07 -1.07231842e+02  8.97117569e+01 
 3.34774581e+07 -1.07429895e+02  8.97182914e+01 
 3.42494392e+07 -1.07627946e+02  8.97246836e+01 
 3.50392221e+07 -1.07825995e+02  8.97309364e+01 
 3.58472171e+07 -1.08024042e+02  8.97370525e+01 
 3.66738442e+07 -1.08222088e+02  8.97430345e+01 
 3.75195331e+07 -1.08420132e+02  8.97488851e+01 
 3.83847234e+07 -1.08618174e+02  8.97546068e+01 
 3.92698648e+07 -1.08816214e+02  8.97602022e+01 
 4.01754173e+07 -1.09014253e+02  8.97656737e+01 
 4.11018515e+07 -1.09212291e+02  8.97710238e+01 
 4.20496491e+07 -1.09410327e+02  8.97762549e+01 
 4.30193027e+07 -1.09608361e+02  8.97813694e+01 
 4.40113162e+07 -1.09806395e+02  8.97863695e+01 
 4.50262052e+07 -1.10004427e+02  8.97912576e+01 
 4.60644974e+07 -1.10202458e+02  8.97960360e+01 
 4.71267322e+07 -1.10400487e+02  8.98007068e+01 
 4.82134619e+07 -1.10598516e+02  8.98052723e+01 
 4.93252513e+07 -1.10796544e+02  8.98097346e+01 
 5.04626783e+07 -1.10994570e+02  8.98140959e+01 
 5.16263340e+07 -1.11192596e+02  8.98183582e+01 
 5.28168234e+07 -1.11390621e+02  8.98225236e+01 
 5.40347650e+07 -1.11588645e+02  8.98265941e+01 
 5.52807921e+07 -1.11786668e+02  8.98305718e+01 
 5.65555523e+07 -1.11984691e+02  8.98344586e+01 
 5.78597080e+07 -1.12182713e+02  8.98382565e+01 
 5.91939372e+07 -1.12380734e+02  8.98419673e+01 
 6.05589334e+07 -1.12578755e+02  8.98455931e+01 
 6.19554061e+07 -1.12776775e+02  8.98491355e+01 
 6.33840810e+07 -1.12974795e+02  8.98525965e+01 
 6.48457008e+07 -1.13172814e+02  8.98559778e+01 
 6.63410251e+07 -1.13370833e+02  8.98592812e+01 
 6.78708313e+07 -1.13568852e+02  8.98625084e+01 
 6.94359143e+07 -1.13766870e+02  8.98656612e+01 
 7.10370877e+07 -1.13964888e+02  8.98687412e+01 
 7.26751838e+07 -1.14162905e+02  8.98717500e+01 
 7.43510539e+07 -1.14360923e+02  8.98746894e+01 
 7.60655691e+07 -1.14558940e+02  8.98775607e+01 
 7.78196206e+07 -1.14756957e+02  8.98803657e+01 
 7.96141200e+07 -1.14954974e+02  8.98831058e+01 
 8.14500001e+07 -1.15152990e+02  8.98857825e+01 
 8.33282151e+07 -1.15351007e+02  8.98883972e+01 
 8.52497412e+07 -1.15549024e+02  8.98909515e+01 
 8.72155772e+07 -1.15747040e+02  8.98934467e+01 
 8.92267449e+07 -1.15945056e+02  8.98958842e+01 
 9.12842895e+07 -1.16143073e+02  8.98982654e+01 
 9.33892805e+07 -1.16341089e+02  8.99005914e+01 
 9.55428121e+07 -1.16539105e+02  8.99028638e+01 
 9.77460036e+07 -1.16737122e+02  8.99050836e+01 
 1.00000000e+08 -1.16935138e+02  8.99072522e+01 
 1.02305973e+08 -1.17133154e+02  8.99093707e+01 
 1.04665121e+08 -1.17331170e+02  8.99114403e+01 
 1.07078670e+08 -1.17529187e+02  8.99134622e+01 
 1.09547876e+08 -1.17727203e+02  8.99154375e+01 
 1.12074020e+08 -1.17925220e+02  8.99173672e+01 
 1.14658417e+08 -1.18123236e+02  8.99192526e+01 
 1.17302409e+08 -1.18321253e+02  8.99210945e+01 
 1.20007371e+08 -1.18519269e+02  8.99228941e+01 
 1.22774708e+08 -1.18717286e+02  8.99246524e+01 
 1.25605860e+08 -1.18915303e+02  8.99263702e+01 
 1.28502297e+08 -1.19113319e+02  8.99280486e+01 
 1.31465525e+08 -1.19311336e+02  8.99296885e+01 
 1.34497085e+08 -1.19509353e+02  8.99312909e+01 
 1.37598551e+08 -1.19707370e+02  8.99328565e+01 
 1.40771537e+08 -1.19905387e+02  8.99343863e+01 
 1.44017690e+08 -1.20103405e+02  8.99358811e+01 
 1.47338699e+08 -1.20301422e+02  8.99373417e+01 
 1.50736290e+08 -1.20499439e+02  8.99387690e+01 
 1.54212228e+08 -1.20697457e+02  8.99401636e+01 
 1.57768320e+08 -1.20895474e+02  8.99415265e+01 
 1.61406415e+08 -1.21093492e+02  8.99428583e+01 
 1.65128404e+08 -1.21291509e+02  8.99441598e+01 
 1.68936220e+08 -1.21489527e+02  8.99454316e+01 
 1.72831844e+08 -1.21687545e+02  8.99466745e+01 
 1.76817299e+08 -1.21885562e+02  8.99478892e+01 
 1.80894658e+08 -1.22083580e+02  8.99490763e+01 
 1.85066040e+08 -1.22281598e+02  8.99502364e+01 
 1.89333613e+08 -1.22479616e+02  8.99513702e+01 
 1.93699595e+08 -1.22677634e+02  8.99524784e+01 
 1.98166255e+08 -1.22875653e+02  8.99535614e+01 
 2.02735916e+08 -1.23073671e+02  8.99546199e+01 
 2.07410951e+08 -1.23271689e+02  8.99556545e+01 
 2.12193792e+08 -1.23469707e+02  8.99566657e+01 
 2.17086923e+08 -1.23667726e+02  8.99576541e+01 
 2.22092889e+08 -1.23865744e+02  8.99586202e+01 
 2.27214291e+08 -1.24063763e+02  8.99595645e+01 
 2.32453791e+08 -1.24261781e+02  8.99604875e+01 
 2.37814113e+08 -1.24459800e+02  8.99613898e+01 
 2.43298042e+08 -1.24657818e+02  8.99622717e+01 
 2.48908429e+08 -1.24855837e+02  8.99631339e+01 
 2.54648190e+08 -1.25053856e+02  8.99639766e+01 
 2.60520309e+08 -1.25251875e+02  8.99648005e+01 
 2.66527837e+08 -1.25449893e+02  8.99656059e+01 
 2.72673897e+08 -1.25647912e+02  8.99663933e+01 
 2.78961683e+08 -1.25845931e+02  8.99671630e+01 
 2.85394464e+08 -1.26043950e+02  8.99679155e+01 
 2.91975583e+08 -1.26241969e+02  8.99686513e+01 
 2.98708461e+08 -1.26439988e+02  8.99693705e+01 
 3.05596598e+08 -1.26638007e+02  8.99700738e+01 
 3.12643573e+08 -1.26836026e+02  8.99707614e+01 
 3.19853049e+08 -1.27034045e+02  8.99714337e+01 
 3.27228774e+08 -1.27232064e+02  8.99720910e+01 
 3.34774581e+08 -1.27430083e+02  8.99727338e+01 
 3.42494392e+08 -1.27628103e+02  8.99733623e+01 
 3.50392221e+08 -1.27826122e+02  8.99739768e+01 
 3.58472171e+08 -1.28024141e+02  8.99745778e+01 
 3.66738442e+08 -1.28222160e+02  8.99751655e+01 
 3.75195331e+08 -1.28420180e+02  8.99757402e+01 
 3.83847234e+08 -1.28618199e+02  8.99763022e+01 
 3.92698648e+08 -1.28816218e+02  8.99768519e+01 
 4.01754173e+08 -1.29014238e+02  8.99773895e+01 
 4.11018515e+08 -1.29212257e+02  8.99779152e+01 
 4.20496491e+08 -1.29410276e+02  8.99784295e+01 
 4.30193027e+08 -1.29608296e+02  8.99789325e+01 
 4.40113162e+08 -1.29806315e+02  8.99794245e+01 
 4.50262052e+08 -1.30004335e+02  8.99799058e+01 
 4.60644974e+08 -1.30202354e+02  8.99803766e+01 
 4.71267322e+08 -1.30400373e+02  8.99808371e+01 
 4.82134619e+08 -1.30598393e+02  8.99812877e+01 
 4.93252513e+08 -1.30796412e+02  8.99817285e+01 
 5.04626783e+08 -1.30994432e+02  8.99821598e+01 
 5.16263340e+08 -1.31192451e+02  8.99825818e+01 
 5.28168234e+08 -1.31390471e+02  8.99829947e+01 
 5.40347650e+08 -1.31588490e+02  8.99833987e+01 
 5.52807921e+08 -1.31786510e+02  8.99837941e+01 
 5.65555523e+08 -1.31984530e+02  8.99841811e+01 
 5.78597080e+08 -1.32182549e+02  8.99845598e+01 
 5.91939372e+08 -1.32380569e+02  8.99849305e+01 
 6.05589334e+08 -1.32578588e+02  8.99852933e+01 
 6.19554061e+08 -1.32776608e+02  8.99856485e+01 
 6.33840810e+08 -1.32974628e+02  8.99859962e+01 
 6.48457008e+08 -1.33172647e+02  8.99863366e+01 
 6.63410251e+08 -1.33370667e+02  8.99866698e+01 
 6.78708313e+08 -1.33568686e+02  8.99869962e+01 
 6.94359143e+08 -1.33766706e+02  8.99873158e+01 
 7.10370877e+08 -1.33964726e+02  8.99876287e+01 
 7.26751838e+08 -1.34162745e+02  8.99879353e+01 
 7.43510539e+08 -1.34360765e+02  8.99882355e+01 
 7.60655691e+08 -1.34558785e+02  8.99885297e+01 
 7.78196206e+08 -1.34756804e+02  8.99888178e+01 
 7.96141200e+08 -1.34954824e+02  8.99891002e+01 
 8.14500001e+08 -1.35152844e+02  8.99893768e+01 
 8.33282151e+08 -1.35350863e+02  8.99896480e+01 
 8.52497412e+08 -1.35548883e+02  8.99899137e+01 
 8.72155772e+08 -1.35746903e+02  8.99901743e+01 
 8.92267449e+08 -1.35944923e+02  8.99904297e+01 
 9.12842895e+08 -1.36142942e+02  8.99906801e+01 
 9.33892805e+08 -1.36340962e+02  8.99909256e+01 
 9.55428121e+08 -1.36538982e+02  8.99911665e+01 
 9.77460036e+08 -1.36737001e+02  8.99914027e+01 
 1.00000000e+09 -1.36935021e+02  8.99916345e+01 
