 frequency       v(Tmb_dB)       v(Tmb_arg)     
 1.00000000e-02  3.40823428e+01  1.71049156e+00 
 1.02305973e-02  3.40825635e+01  1.74990183e+00 
 1.04665121e-02  3.40827945e+01  1.79021854e+00 
 1.07078670e-02  3.40830363e+01  1.83146242e+00 
 1.09547876e-02  3.40832893e+01  1.87365469e+00 
 1.12074020e-02  3.40835541e+01  1.91681701e+00 
 1.14658417e-02  3.40838312e+01  1.96097156e+00 
 1.17302409e-02  3.40841213e+01  2.00614100e+00 
 1.20007371e-02  3.40844248e+01  2.05234850e+00 
 1.22774708e-02  3.40847425e+01  2.09961774e+00 
 1.25605860e-02  3.40850750e+01  2.14797294e+00 
 1.28502297e-02  3.40854230e+01  2.19743886e+00 
 1.31465525e-02  3.40857871e+01  2.24804081e+00 
 1.34497085e-02  3.40861683e+01  2.29980464e+00 
 1.37598551e-02  3.40865671e+01  2.35275681e+00 
 1.40771537e-02  3.40869846e+01  2.40692434e+00 
 1.44017690e-02  3.40874215e+01  2.46233485e+00 
 1.47338699e-02  3.40878787e+01  2.51901657e+00 
 1.50736290e-02  3.40883572e+01  2.57699836e+00 
 1.54212228e-02  3.40888579e+01  2.63630971e+00 
 1.57768320e-02  3.40893820e+01  2.69698074e+00 
 1.61406415e-02  3.40899304e+01  2.75904224e+00 
 1.65128404e-02  3.40905043e+01  2.82252567e+00 
 1.68936220e-02  3.40911049e+01  2.88746318e+00 
 1.72831844e-02  3.40917335e+01  2.95388759e+00 
 1.76817299e-02  3.40923913e+01  3.02183246e+00 
 1.80894658e-02  3.40930796e+01  3.09133205e+00 
 1.85066040e-02  3.40938000e+01  3.16242136e+00 
 1.89333613e-02  3.40945538e+01  3.23513614e+00 
 1.93699595e-02  3.40953426e+01  3.30951291e+00 
 1.98166255e-02  3.40961681e+01  3.38558893e+00 
 2.02735916e-02  3.40970320e+01  3.46340229e+00 
 2.07410951e-02  3.40979359e+01  3.54299186e+00 
 2.12193792e-02  3.40988818e+01  3.62439730e+00 
 2.17086923e-02  3.40998716e+01  3.70765914e+00 
 2.22092889e-02  3.41009074e+01  3.79281872e+00 
 2.27214291e-02  3.41019912e+01  3.87991823e+00 
 2.32453791e-02  3.41031252e+01  3.96900074e+00 
 2.37814113e-02  3.41043119e+01  4.06011018e+00 
 2.43298042e-02  3.41055535e+01  4.15329138e+00 
 2.48908429e-02  3.41068527e+01  4.24859006e+00 
 2.54648190e-02  3.41082120e+01  4.34605286e+00 
 2.60520309e-02  3.41096343e+01  4.44572735e+00 
 2.66527837e-02  3.41111225e+01  4.54766200e+00 
 2.72673897e-02  3.41126795e+01  4.65190627e+00 
 2.78961683e-02  3.41143086e+01  4.75851053e+00 
 2.85394464e-02  3.41160130e+01  4.86752615e+00 
 2.91975583e-02  3.41177962e+01  4.97900544e+00 
 2.98708461e-02  3.41196617e+01  5.09300171e+00 
 3.05596598e-02  3.41216134e+01  5.20956925e+00 
 3.12643573e-02  3.41236553e+01  5.32876334e+00 
 3.19853049e-02  3.41257913e+01  5.45064027e+00 
 3.27228774e-02  3.41280258e+01  5.57525730e+00 
 3.34774581e-02  3.41303633e+01  5.70267273e+00 
 3.42494392e-02  3.41328085e+01  5.83294585e+00 
 3.50392221e-02  3.41353662e+01  5.96613695e+00 
 3.58472171e-02  3.41380417e+01  6.10230735e+00 
 3.66738442e-02  3.41408401e+01  6.24151934e+00 
 3.75195331e-02  3.41437671e+01  6.38383624e+00 
 3.83847234e-02  3.41468286e+01  6.52932235e+00 
 3.92698648e-02  3.41500305e+01  6.67804294e+00 
 4.01754173e-02  3.41533792e+01  6.83006428e+00 
 4.11018515e-02  3.41568813e+01  6.98545358e+00 
 4.20496491e-02  3.41605437e+01  7.14427901e+00 
 4.30193027e-02  3.41643736e+01  7.30660966e+00 
 4.40113162e-02  3.41683784e+01  7.47251552e+00 
 4.50262052e-02  3.41725661e+01  7.64206748e+00 
 4.60644974e-02  3.41769447e+01  7.81533727e+00 
 4.71267322e-02  3.41815228e+01  7.99239745e+00 
 4.82134619e-02  3.41863093e+01  8.17332137e+00 
 4.93252513e-02  3.41913132e+01  8.35818314e+00 
 5.04626783e-02  3.41965443e+01  8.54705757e+00 
 5.16263340e-02  3.42020126e+01  8.74002011e+00 
 5.28168234e-02  3.42077285e+01  8.93714687e+00 
 5.40347650e-02  3.42137028e+01  9.13851446e+00 
 5.52807921e-02  3.42199469e+01  9.34420000e+00 
 5.65555523e-02  3.42264725e+01  9.55428104e+00 
 5.78597080e-02  3.42332918e+01  9.76883547e+00 
 5.91939372e-02  3.42404177e+01  9.98794142e+00 
 6.05589334e-02  3.42478631e+01  1.02116772e+01 
 6.19554061e-02  3.42556421e+01  1.04401213e+01 
 6.33840810e-02  3.42637687e+01  1.06733521e+01 
 6.48457008e-02  3.42722579e+01  1.09114477e+01 
 6.63410251e-02  3.42811250e+01  1.11544863e+01 
 6.78708313e-02  3.42903861e+01  1.14025455e+01 
 6.94359143e-02  3.43000577e+01  1.16557024e+01 
 7.10370877e-02  3.43101571e+01  1.19140335e+01 
 7.26751838e-02  3.43207020e+01  1.21776145e+01 
 7.43510539e-02  3.43317109e+01  1.24465201e+01 
 7.60655691e-02  3.43432031e+01  1.27208239e+01 
 7.78196206e-02  3.43551982e+01  1.30005981e+01 
 7.96141200e-02  3.43677169e+01  1.32859134e+01 
 8.14500001e-02  3.43807803e+01  1.35768389e+01 
 8.33282151e-02  3.43944103e+01  1.38734416e+01 
 8.52497412e-02  3.44086296e+01  1.41757864e+01 
 8.72155772e-02  3.44234616e+01  1.44839357e+01 
 8.92267449e-02  3.44389304e+01  1.47979495e+01 
 9.12842895e-02  3.44550608e+01  1.51178845e+01 
 9.33892805e-02  3.44718786e+01  1.54437946e+01 
 9.55428121e-02  3.44894100e+01  1.57757298e+01 
 9.77460036e-02  3.45076823e+01  1.61137367e+01 
 1.00000000e-01  3.45267234e+01  1.64578576e+01 
 1.02305973e-01  3.45465620e+01  1.68081304e+01 
 1.04665121e-01  3.45672275e+01  1.71645884e+01 
 1.07078670e-01  3.45887501e+01  1.75272595e+01 
 1.09547876e-01  3.46111607e+01  1.78961665e+01 
 1.12074020e-01  3.46344911e+01  1.82713263e+01 
 1.14658417e-01  3.46587735e+01  1.86527496e+01 
 1.17302409e-01  3.46840412e+01  1.90404406e+01 
 1.20007371e-01  3.47103279e+01  1.94343966e+01 
 1.22774708e-01  3.47376679e+01  1.98346076e+01 
 1.25605860e-01  3.47660963e+01  2.02410558e+01 
 1.28502297e-01  3.47956487e+01  2.06537156e+01 
 1.31465525e-01  3.48263613e+01  2.10725527e+01 
 1.34497085e-01  3.48582706e+01  2.14975241e+01 
 1.37598551e-01  3.48914140e+01  2.19285775e+01 
 1.40771537e-01  3.49258287e+01  2.23656511e+01 
 1.44017690e-01  3.49615528e+01  2.28086730e+01 
 1.47338699e-01  3.49986244e+01  2.32575611e+01 
 1.50736290e-01  3.50370819e+01  2.37122227e+01 
 1.54212228e-01  3.50769638e+01  2.41725540e+01 
 1.57768320e-01  3.51183087e+01  2.46384399e+01 
 1.61406415e-01  3.51611553e+01  2.51097540e+01 
 1.65128404e-01  3.52055420e+01  2.55863577e+01 
 1.68936220e-01  3.52515072e+01  2.60681008e+01 
 1.72831844e-01  3.52990890e+01  2.65548204e+01 
 1.76817299e-01  3.53483251e+01  2.70463417e+01 
 1.80894658e-01  3.53992527e+01  2.75424770e+01 
 1.85066040e-01  3.54519085e+01  2.80430262e+01 
 1.89333613e-01  3.55063286e+01  2.85477765e+01 
 1.93699595e-01  3.55625481e+01  2.90565024e+01 
 1.98166255e-01  3.56206014e+01  2.95689659e+01 
 2.02735916e-01  3.56805218e+01  3.00849166e+01 
 2.07410951e-01  3.57423416e+01  3.06040916e+01 
 2.12193792e-01  3.58060916e+01  3.11262159e+01 
 2.17086923e-01  3.58718016e+01  3.16510028e+01 
 2.22092889e-01  3.59394996e+01  3.21781537e+01 
 2.27214291e-01  3.60092125e+01  3.27073592e+01 
 2.32453791e-01  3.60809650e+01  3.32382988e+01 
 2.37814113e-01  3.61547804e+01  3.37706419e+01 
 2.43298042e-01  3.62306801e+01  3.43040479e+01 
 2.48908429e-01  3.63086834e+01  3.48381671e+01 
 2.54648190e-01  3.63888077e+01  3.53726413e+01 
 2.60520309e-01  3.64710680e+01  3.59071041e+01 
 2.66527837e-01  3.65554775e+01  3.64411820e+01 
 2.72673897e-01  3.66420468e+01  3.69744950e+01 
 2.78961683e-01  3.67307843e+01  3.75066574e+01 
 2.85394464e-01  3.68216960e+01  3.80372785e+01 
 2.91975583e-01  3.69147855e+01  3.85659633e+01 
 2.98708461e-01  3.70100539e+01  3.90923140e+01 
 3.05596598e-01  3.71074999e+01  3.96159299e+01 
 3.12643573e-01  3.72071195e+01  4.01364091e+01 
 3.19853049e-01  3.73089064e+01  4.06533488e+01 
 3.27228774e-01  3.74128517e+01  4.11663466e+01 
 3.34774581e-01  3.75189440e+01  4.16750010e+01 
 3.42494392e-01  3.76271696e+01  4.21789124e+01 
 3.50392221e-01  3.77375121e+01  4.26776841e+01 
 3.58472171e-01  3.78499529e+01  4.31709226e+01 
 3.66738442e-01  3.79644708e+01  4.36582391e+01 
 3.75195331e-01  3.80810428e+01  4.41392494e+01 
 3.83847234e-01  3.81996431e+01  4.46135755e+01 
 3.92698648e-01  3.83202442e+01  4.50808454e+01 
 4.01754173e-01  3.84428162e+01  4.55406944e+01 
 4.11018515e-01  3.85673273e+01  4.59927654e+01 
 4.20496491e-01  3.86937439e+01  4.64367093e+01 
 4.30193027e-01  3.88220302e+01  4.68721858e+01 
 4.40113162e-01  3.89521492e+01  4.72988634e+01 
 4.50262052e-01  3.90840619e+01  4.77164203e+01 
 4.60644974e-01  3.92177277e+01  4.81245444e+01 
 4.71267322e-01  3.93531047e+01  4.85229336e+01 
 4.82134619e-01  3.94901496e+01  4.89112959e+01 
 4.93252513e-01  3.96288179e+01  4.92893501e+01 
 5.04626783e-01  3.97690639e+01  4.96568253e+01 
 5.16263340e-01  3.99108406e+01  5.00134613e+01 
 5.28168234e-01  4.00541004e+01  5.03590089e+01 
 5.40347650e-01  4.01987946e+01  5.06932293e+01 
 5.52807921e-01  4.03448736e+01  5.10158944e+01 
 5.65555523e-01  4.04922873e+01  5.13267869e+01 
 5.78597080e-01  4.06409848e+01  5.16256999e+01 
 5.91939372e-01  4.07909146e+01  5.19124369e+01 
 6.05589334e-01  4.09420249e+01  5.21868116e+01 
 6.19554061e-01  4.10942631e+01  5.24486480e+01 
 6.33840810e-01  4.12475767e+01  5.26977796e+01 
 6.48457008e-01  4.14019125e+01  5.29340499e+01 
 6.63410251e-01  4.15572172e+01  5.31573117e+01 
 6.78708313e-01  4.17134372e+01  5.33674268e+01 
 6.94359143e-01  4.18705187e+01  5.35642665e+01 
 7.10370877e-01  4.20284080e+01  5.37477103e+01 
 7.26751838e-01  4.21870509e+01  5.39176465e+01 
 7.43510539e-01  4.23463934e+01  5.40739715e+01 
 7.60655691e-01  4.25063814e+01  5.42165901e+01 
 7.78196206e-01  4.26669607e+01  5.43454142e+01 
 7.96141200e-01  4.28280771e+01  5.44603641e+01 
 8.14500001e-01  4.29896765e+01  5.45613668e+01 
 8.33282151e-01  4.31517045e+01  5.46483572e+01 
 8.52497412e-01  4.33141071e+01  5.47212764e+01 
 8.72155772e-01  4.34768301e+01  5.47800730e+01 
 8.92267449e-01  4.36398192e+01  5.48247022e+01 
 9.12842895e-01  4.38030204e+01  5.48551257e+01 
 9.33892805e-01  4.39663796e+01  5.48713117e+01 
 9.55428121e-01  4.41298426e+01  5.48732348e+01 
 9.77460036e-01  4.42933552e+01  5.48608761e+01 
 1.00000000e+00  4.44568635e+01  5.48342230e+01 
 1.02305973e+00  4.46203133e+01  5.47932691e+01 
 1.04665121e+00  4.47836504e+01  5.47380145e+01 
 1.07078670e+00  4.49468208e+01  5.46684654e+01 
 1.09547876e+00  4.51097702e+01  5.45846347e+01 
 1.12074020e+00  4.52724445e+01  5.44865416e+01 
 1.14658417e+00  4.54347895e+01  5.43742118e+01 
 1.17302409e+00  4.55967510e+01  5.42476778e+01 
 1.20007371e+00  4.57582747e+01  5.41069789e+01 
 1.22774708e+00  4.59193064e+01  5.39521613e+01 
 1.25605860e+00  4.60797917e+01  5.37832785e+01 
 1.28502297e+00  4.62396765e+01  5.36003909e+01 
 1.31465525e+00  4.63989064e+01  5.34035670e+01 
 1.34497085e+00  4.65574272e+01  5.31928824e+01 
 1.37598551e+00  4.67151847e+01  5.29684211e+01 
 1.40771537e+00  4.68721249e+01  5.27302749e+01 
 1.44017690e+00  4.70281936e+01  5.24785442e+01 
 1.47338699e+00  4.71833372e+01  5.22133378e+01 
 1.50736290e+00  4.73375017e+01  5.19347735e+01 
 1.54212228e+00  4.74906338e+01  5.16429782e+01 
 1.57768320e+00  4.76426803e+01  5.13380877e+01 
 1.61406415e+00  4.77935882e+01  5.10202478e+01 
 1.65128404e+00  4.79433050e+01  5.06896134e+01 
 1.68936220e+00  4.80917786e+01  5.03463497e+01 
 1.72831844e+00  4.82389575e+01  4.99906318e+01 
 1.76817299e+00  4.83847904e+01  4.96226449e+01 
 1.80894658e+00  4.85292272e+01  4.92425844e+01 
 1.85066040e+00  4.86722180e+01  4.88506563e+01 
 1.89333613e+00  4.88137141e+01  4.84470766e+01 
 1.93699595e+00  4.89536674e+01  4.80320721e+01 
 1.98166255e+00  4.90920309e+01  4.76058799e+01 
 2.02735916e+00  4.92287586e+01  4.71687474e+01 
 2.07410951e+00  4.93638058e+01  4.67209323e+01 
 2.12193792e+00  4.94971290e+01  4.62627022e+01 
 2.17086923e+00  4.96286859e+01  4.57943348e+01 
 2.22092889e+00  4.97584358e+01  4.53161175e+01 
 2.27214291e+00  4.98863396e+01  4.48283466e+01 
 2.32453791e+00  5.00123596e+01  4.43313282e+01 
 2.37814113e+00  5.01364600e+01  4.38253761e+01 
 2.43298042e+00  5.02586069e+01  4.33108131e+01 
 2.48908429e+00  5.03787680e+01  4.27879689e+01 
 2.54648190e+00  5.04969133e+01  4.22571810e+01 
 2.60520309e+00  5.06130147e+01  4.17187928e+01 
 2.66527837e+00  5.07270463e+01  4.11731541e+01 
 2.72673897e+00  5.08389844e+01  4.06206197e+01 
 2.78961683e+00  5.09488076e+01  4.00615486e+01 
 2.85394464e+00  5.10564967e+01  3.94963040e+01 
 2.91975583e+00  5.11620351e+01  3.89252517e+01 
 2.98708461e+00  5.12654083e+01  3.83487595e+01 
 3.05596598e+00  5.13666045e+01  3.77671970e+01 
 3.12643573e+00  5.14656142e+01  3.71809334e+01 
 3.19853049e+00  5.15624304e+01  3.65903383e+01 
 3.27228774e+00  5.16570487e+01  3.59957790e+01 
 3.34774581e+00  5.17494669e+01  3.53976215e+01 
 3.42494392e+00  5.18396854e+01  3.47962280e+01 
 3.50392221e+00  5.19277071e+01  3.41919571e+01 
 3.58472171e+00  5.20135370e+01  3.35851621e+01 
 3.66738442e+00  5.20971828e+01  3.29761911e+01 
 3.75195331e+00  5.21786541e+01  3.23653854e+01 
 3.83847234e+00  5.22579629e+01  3.17530791e+01 
 3.92698648e+00  5.23351234e+01  3.11395983e+01 
 4.01754173e+00  5.24101517e+01  3.05252601e+01 
 4.11018515e+00  5.24830661e+01  2.99103726e+01 
 4.20496491e+00  5.25538865e+01  2.92952334e+01 
 4.30193027e+00  5.26226349e+01  2.86801298e+01 
 4.40113162e+00  5.26893347e+01  2.80653377e+01 
 4.50262052e+00  5.27540110e+01  2.74511214e+01 
 4.60644974e+00  5.28166905e+01  2.68377332e+01 
 4.71267322e+00  5.28774010e+01  2.62254129e+01 
 4.82134619e+00  5.29361719e+01  2.56143876e+01 
 4.93252513e+00  5.29930333e+01  2.50048711e+01 
 5.04626783e+00  5.30480166e+01  2.43970642e+01 
 5.16263340e+00  5.31011542e+01  2.37911541e+01 
 5.28168234e+00  5.31524789e+01  2.31873148e+01 
 5.40347650e+00  5.32020244e+01  2.25857062e+01 
 5.52807921e+00  5.32498251e+01  2.19864751e+01 
 5.65555523e+00  5.32959156e+01  2.13897543e+01 
 5.78597080e+00  5.33403310e+01  2.07956633e+01 
 5.91939372e+00  5.33831064e+01  2.02043082e+01 
 6.05589334e+00  5.34242772e+01  1.96157817e+01 
 6.19554061e+00  5.34638790e+01  1.90301638e+01 
 6.33840810e+00  5.35019470e+01  1.84475211e+01 
 6.48457008e+00  5.35385164e+01  1.78679083e+01 
 6.63410251e+00  5.35736223e+01  1.72913670e+01 
 6.78708313e+00  5.36072992e+01  1.67179274e+01 
 6.94359143e+00  5.36395814e+01  1.61476075e+01 
 7.10370877e+00  5.36705028e+01  1.55804142e+01 
 7.26751838e+00  5.37000964e+01  1.50163432e+01 
 7.43510539e+00  5.37283951e+01  1.44553797e+01 
 7.60655691e+00  5.37554308e+01  1.38974984e+01 
 7.78196206e+00  5.37812347e+01  1.33426639e+01 
 7.96141200e+00  5.38058375e+01  1.27908316e+01 
 8.14500001e+00  5.38292687e+01  1.22419476e+01 
 8.33282151e+00  5.38515572e+01  1.16959490e+01 
 8.52497412e+00  5.38727310e+01  1.11527646e+01 
 8.72155772e+00  5.38928172e+01  1.06123152e+01 
 8.92267449e+00  5.39118417e+01  1.00745141e+01 
 9.12842895e+00  5.39298297e+01  9.53926704e+00 
 9.33892805e+00  5.39468052e+01  9.00647303e+00 
 9.55428121e+00  5.39627913e+01  8.47602459e+00 
 9.77460036e+00  5.39778099e+01  7.94780798e+00 
 1.00000000e+01  5.39918819e+01  7.42170375e+00 
 1.02305973e+01  5.40050271e+01  6.89758691e+00 
 1.04665121e+01  5.40172642e+01  6.37532748e+00 
 1.07078670e+01  5.40286108e+01  5.85479057e+00 
 1.09547876e+01  5.40390833e+01  5.33583703e+00 
 1.12074020e+01  5.40486969e+01  4.81832331e+00 
 1.14658417e+01  5.40574659e+01  4.30210229e+00 
 1.17302409e+01  5.40654033e+01  3.78702318e+00 
 1.20007371e+01  5.40725208e+01  3.27293211e+00 
 1.22774708e+01  5.40788292e+01  2.75967218e+00 
 1.25605860e+01  5.40843379e+01  2.24708401e+00 
 1.28502297e+01  5.40890553e+01  1.73500560e+00 
 1.31465525e+01  5.40929886e+01  1.22327324e+00 
 1.34497085e+01  5.40961436e+01  7.11720998e-01 
 1.37598551e+01  5.40985254e+01  2.00181780e-01 
 1.40771537e+01  5.41001373e+01 -3.11513003e-01 
 1.44017690e+01  5.41009820e+01 -8.23532933e-01 
 1.47338699e+01  5.41010606e+01 -1.33604830e+00 
 1.50736290e+01  5.41003732e+01 -1.84922993e+00 
 1.54212228e+01  5.40989187e+01 -2.36324880e+00 
 1.57768320e+01  5.40966949e+01 -2.87827603e+00 
 1.61406415e+01  5.40936982e+01 -3.39448231e+00 
 1.65128404e+01  5.40899240e+01 -3.91203798e+00 
 1.68936220e+01  5.40853665e+01 -4.43111244e+00 
 1.72831844e+01  5.40800187e+01 -4.95187408e+00 
 1.76817299e+01  5.40738723e+01 -5.47448997e+00 
 1.80894658e+01  5.40669179e+01 -5.99912561e+00 
 1.85066040e+01  5.40591451e+01 -6.52594460e+00 
 1.89333613e+01  5.40505421e+01 -7.05510844e+00 
 1.93699595e+01  5.40410959e+01 -7.58677612e+00 
 1.98166255e+01  5.40307926e+01 -8.12110399e+00 
 2.02735916e+01  5.40196169e+01 -8.65824532e+00 
 2.07410951e+01  5.40075525e+01 -9.19834996e+00 
 2.12193792e+01  5.39945817e+01 -9.74156432e+00 
 2.17086923e+01  5.39806860e+01 -1.02880308e+01 
 2.22092889e+01  5.39658456e+01 -1.08378873e+01 
 2.27214291e+01  5.39500396e+01 -1.13912672e+01 
 2.32453791e+01  5.39332460e+01 -1.19482992e+01 
 2.37814113e+01  5.39154417e+01 -1.25091062e+01 
 2.43298042e+01  5.38966025e+01 -1.30738058e+01 
 2.48908429e+01  5.38767033e+01 -1.36425093e+01 
 2.54648190e+01  5.38557180e+01 -1.42153220e+01 
 2.60520309e+01  5.38336192e+01 -1.47923419e+01 
 2.66527837e+01  5.38103788e+01 -1.53736603e+01 
 2.72673897e+01  5.37859677e+01 -1.59593607e+01 
 2.78961683e+01  5.37603560e+01 -1.65495189e+01 
 2.85394464e+01  5.37335128e+01 -1.71442024e+01 
 2.91975583e+01  5.37054064e+01 -1.77434698e+01 
 2.98708461e+01  5.36760045e+01 -1.83473711e+01 
 3.05596598e+01  5.36452739e+01 -1.89559465e+01 
 3.12643573e+01  5.36131809e+01 -1.95692267e+01 
 3.19853049e+01  5.35796910e+01 -2.01872322e+01 
 3.27228774e+01  5.35447693e+01 -2.08099730e+01 
 3.34774581e+01  5.35083805e+01 -2.14374484e+01 
 3.42494392e+01  5.34704889e+01 -2.20696466e+01 
 3.50392221e+01  5.34310582e+01 -2.27065444e+01 
 3.58472171e+01  5.33900523e+01 -2.33481069e+01 
 3.66738442e+01  5.33474347e+01 -2.39942875e+01 
 3.75195331e+01  5.33031689e+01 -2.46450272e+01 
 3.83847234e+01  5.32572185e+01 -2.53002550e+01 
 3.92698648e+01  5.32095470e+01 -2.59598872e+01 
 4.01754173e+01  5.31601184e+01 -2.66238276e+01 
 4.11018515e+01  5.31088971e+01 -2.72919675e+01 
 4.20496491e+01  5.30558476e+01 -2.79641854e+01 
 4.30193027e+01  5.30009354e+01 -2.86403471e+01 
 4.40113162e+01  5.29441262e+01 -2.93203058e+01 
 4.50262052e+01  5.28853869e+01 -3.00039022e+01 
 4.60644974e+01  5.28246850e+01 -3.06909646e+01 
 4.71267322e+01  5.27619893e+01 -3.13813094e+01 
 4.82134619e+01  5.26972694e+01 -3.20747409e+01 
 4.93252513e+01  5.26304964e+01 -3.27710516e+01 
 5.04626783e+01  5.25616426e+01 -3.34700232e+01 
 5.16263340e+01  5.24906817e+01 -3.41714262e+01 
 5.28168234e+01  5.24175891e+01 -3.48750211e+01 
 5.40347650e+01  5.23423418e+01 -3.55805585e+01 
 5.52807921e+01  5.22649186e+01 -3.62877798e+01 
 5.65555523e+01  5.21852999e+01 -3.69964176e+01 
 5.78597080e+01  5.21034684e+01 -3.77061966e+01 
 5.91939372e+01  5.20194084e+01 -3.84168345e+01 
 6.05589334e+01  5.19331065e+01 -3.91280424e+01 
 6.19554061e+01  5.18445514e+01 -3.98395255e+01 
 6.33840810e+01  5.17537340e+01 -4.05509844e+01 
 6.48457008e+01  5.16606474e+01 -4.12621156e+01 
 6.63410251e+01  5.15652869e+01 -4.19726122e+01 
 6.78708313e+01  5.14676500e+01 -4.26821651e+01 
 6.94359143e+01  5.13677368e+01 -4.33904641e+01 
 7.10370877e+01  5.12655495e+01 -4.40971980e+01 
 7.26751838e+01  5.11610927e+01 -4.48020563e+01 
 7.43510539e+01  5.10543730e+01 -4.55047296e+01 
 7.60655691e+01  5.09453996e+01 -4.62049105e+01 
 7.78196206e+01  5.08341839e+01 -4.69022949e+01 
 7.96141200e+01  5.07207392e+01 -4.75965823e+01 
 8.14500001e+01  5.06050814e+01 -4.82874769e+01 
 8.33282151e+01  5.04872280e+01 -4.89746882e+01 
 8.52497412e+01  5.03671988e+01 -4.96579321e+01 
 8.72155772e+01  5.02450155e+01 -5.03369311e+01 
 8.92267449e+01  5.01207016e+01 -5.10114152e+01 
 9.12842895e+01  4.99942825e+01 -5.16811227e+01 
 9.33892805e+01  4.98657851e+01 -5.23458002e+01 
 9.55428121e+01  4.97352379e+01 -5.30052041e+01 
 9.77460036e+01  4.96026712e+01 -5.36591000e+01 
 1.00000000e+02  4.94681162e+01 -5.43072637e+01 
 1.02305973e+02  4.93316057e+01 -5.49494814e+01 
 1.04665121e+02  4.91931737e+01 -5.55855500e+01 
 1.07078670e+02  4.90528549e+01 -5.62152771e+01 
 1.09547876e+02  4.89106855e+01 -5.68384818e+01 
 1.12074020e+02  4.87667020e+01 -5.74549944e+01 
 1.14658417e+02  4.86209421e+01 -5.80646566e+01 
 1.17302409e+02  4.84734437e+01 -5.86673212e+01 
 1.20007371e+02  4.83242455e+01 -5.92628526e+01 
 1.22774708e+02  4.81733867e+01 -5.98511268e+01 
 1.25605860e+02  4.80209066e+01 -6.04320310e+01 
 1.28502297e+02  4.78668449e+01 -6.10054635e+01 
 1.31465525e+02  4.77112414e+01 -6.15713335e+01 
 1.34497085e+02  4.75541358e+01 -6.21295612e+01 
 1.37598551e+02  4.73955681e+01 -6.26800770e+01 
 1.40771537e+02  4.72355779e+01 -6.32228221e+01 
 1.44017690e+02  4.70742047e+01 -6.37577476e+01 
 1.47338699e+02  4.69114879e+01 -6.42848141e+01 
 1.50736290e+02  4.67474664e+01 -6.48039921e+01 
 1.54212228e+02  4.65821787e+01 -6.53152609e+01 
 1.57768320e+02  4.64156631e+01 -6.58186085e+01 
 1.61406415e+02  4.62479573e+01 -6.63140318e+01 
 1.65128404e+02  4.60790984e+01 -6.68015354e+01 
 1.68936220e+02  4.59091228e+01 -6.72811313e+01 
 1.72831844e+02  4.57380668e+01 -6.77528396e+01 
 1.76817299e+02  4.55659655e+01 -6.82166873e+01 
 1.80894658e+02  4.53928537e+01 -6.86727073e+01 
 1.85066040e+02  4.52187652e+01 -6.91209392e+01 
 1.89333613e+02  4.50437334e+01 -6.95614282e+01 
 1.93699595e+02  4.48677908e+01 -6.99942257e+01 
 1.98166255e+02  4.46909690e+01 -7.04193874e+01 
 2.02735916e+02  4.45132991e+01 -7.08369743e+01 
 2.07410951e+02  4.43348113e+01 -7.12470518e+01 
 2.12193792e+02  4.41555350e+01 -7.16496897e+01 
 2.17086923e+02  4.39754989e+01 -7.20449613e+01 
 2.22092889e+02  4.37947308e+01 -7.24329434e+01 
 2.27214291e+02  4.36132578e+01 -7.28137163e+01 
 2.32453791e+02  4.34311063e+01 -7.31873633e+01 
 2.37814113e+02  4.32483016e+01 -7.35539698e+01 
 2.43298042e+02  4.30648687e+01 -7.39136247e+01 
 2.48908429e+02  4.28808313e+01 -7.42664176e+01 
 2.54648190e+02  4.26962129e+01 -7.46124416e+01 
 2.60520309e+02  4.25110358e+01 -7.49517900e+01 
 2.66527837e+02  4.23253218e+01 -7.52845590e+01 
 2.72673897e+02  4.21390920e+01 -7.56108447e+01 
 2.78961683e+02  4.19523667e+01 -7.59307457e+01 
 2.85394464e+02  4.17651655e+01 -7.62443600e+01 
 2.91975583e+02  4.15775073e+01 -7.65517878e+01 
 2.98708461e+02  4.13894106e+01 -7.68531283e+01 
 3.05596598e+02  4.12008928e+01 -7.71484823e+01 
 3.12643573e+02  4.10119710e+01 -7.74379505e+01 
 3.19853049e+02  4.08226617e+01 -7.77216332e+01 
 3.27228774e+02  4.06329806e+01 -7.79996319e+01 
 3.34774581e+02  4.04429430e+01 -7.82720465e+01 
 3.42494392e+02  4.02525635e+01 -7.85389778e+01 
 3.50392221e+02  4.00618561e+01 -7.88005259e+01 
 3.58472171e+02  3.98708346e+01 -7.90567905e+01 
 3.66738442e+02  3.96795119e+01 -7.93078704e+01 
 3.75195331e+02  3.94879005e+01 -7.95538643e+01 
 3.83847234e+02  3.92960126e+01 -7.97948701e+01 
 3.92698648e+02  3.91038598e+01 -8.00309848e+01 
 4.01754173e+02  3.89114531e+01 -8.02623047e+01 
 4.11018515e+02  3.87188033e+01 -8.04889257e+01 
 4.20496491e+02  3.85259207e+01 -8.07109421e+01 
 4.30193027e+02  3.83328150e+01 -8.09284474e+01 
 4.40113162e+02  3.81394959e+01 -8.11415345e+01 
 4.50262052e+02  3.79459724e+01 -8.13502953e+01 
 4.60644974e+02  3.77522532e+01 -8.15548198e+01 
 4.71267322e+02  3.75583467e+01 -8.17551983e+01 
 4.82134619e+02  3.73642610e+01 -8.19515186e+01 
 4.93252513e+02  3.71700036e+01 -8.21438685e+01 
 5.04626783e+02  3.69755821e+01 -8.23323340e+01 
 5.16263340e+02  3.67810034e+01 -8.25170004e+01 
 5.28168234e+02  3.65862745e+01 -8.26979512e+01 
 5.40347650e+02  3.63914017e+01 -8.28752696e+01 
 5.52807921e+02  3.61963914e+01 -8.30490371e+01 
 5.65555523e+02  3.60012494e+01 -8.32193341e+01 
 5.78597080e+02  3.58059816e+01 -8.33862398e+01 
 5.91939372e+02  3.56105934e+01 -8.35498324e+01 
 6.05589334e+02  3.54150901e+01 -8.37101888e+01 
 6.19554061e+02  3.52194768e+01 -8.38673847e+01 
 6.33840810e+02  3.50237581e+01 -8.40214947e+01 
 6.48457008e+02  3.48279388e+01 -8.41725926e+01 
 6.63410251e+02  3.46320233e+01 -8.43207503e+01 
 6.78708313e+02  3.44360159e+01 -8.44660392e+01 
 6.94359143e+02  3.42399205e+01 -8.46085296e+01 
 7.10370877e+02  3.40437411e+01 -8.47482901e+01 
 7.26751838e+02  3.38474813e+01 -8.48853888e+01 
 7.43510539e+02  3.36511449e+01 -8.50198927e+01 
 7.60655691e+02  3.34547351e+01 -8.51518671e+01 
 7.78196206e+02  3.32582553e+01 -8.52813773e+01 
 7.96141200e+02  3.30617085e+01 -8.54084867e+01 
 8.14500001e+02  3.28650978e+01 -8.55332578e+01 
 8.33282151e+02  3.26684260e+01 -8.56557526e+01 
 8.52497412e+02  3.24716959e+01 -8.57760318e+01 
 8.72155772e+02  3.22749102e+01 -8.58941550e+01 
 8.92267449e+02  3.20780712e+01 -8.60101810e+01 
 9.12842895e+02  3.18811815e+01 -8.61241679e+01 
 9.33892805e+02  3.16842434e+01 -8.62361726e+01 
 9.55428121e+02  3.14872590e+01 -8.63462511e+01 
 9.77460036e+02  3.12902305e+01 -8.64544588e+01 
 1.00000000e+03  3.10931600e+01 -8.65608501e+01 
 1.02305973e+03  3.08960493e+01 -8.66654785e+01 
 1.04665121e+03  3.06989004e+01 -8.67683968e+01 
 1.07078670e+03  3.05017150e+01 -8.68696571e+01 
 1.09547876e+03  3.03044948e+01 -8.69693105e+01 
 1.12074020e+03  3.01072415e+01 -8.70674077e+01 
 1.14658417e+03  2.99099567e+01 -8.71639983e+01 
 1.17302409e+03  2.97126418e+01 -8.72591314e+01 
 1.20007371e+03  2.95152984e+01 -8.73528555e+01 
 1.22774708e+03  2.93179278e+01 -8.74452182e+01 
 1.25605860e+03  2.91205313e+01 -8.75362667e+01 
 1.28502297e+03  2.89231103e+01 -8.76260475e+01 
 1.31465525e+03  2.87256660e+01 -8.77146064e+01 
 1.34497085e+03  2.85281995e+01 -8.78019887e+01 
 1.37598551e+03  2.83307120e+01 -8.78882391e+01 
 1.40771537e+03  2.81332046e+01 -8.79734019e+01 
 1.44017690e+03  2.79356784e+01 -8.80575207e+01 
 1.47338699e+03  2.77381344e+01 -8.81406388e+01 
 1.50736290e+03  2.75405735e+01 -8.82227987e+01 
 1.54212228e+03  2.73429968e+01 -8.83040428e+01 
 1.57768320e+03  2.71454051e+01 -8.83844129e+01 
 1.61406415e+03  2.69477993e+01 -8.84639504e+01 
 1.65128404e+03  2.67501803e+01 -8.85426961e+01 
 1.68936220e+03  2.65525488e+01 -8.86206908e+01 
 1.72831844e+03  2.63549058e+01 -8.86979747e+01 
 1.76817299e+03  2.61572520e+01 -8.87745877e+01 
 1.80894658e+03  2.59595881e+01 -8.88505693e+01 
 1.85066040e+03  2.57619149e+01 -8.89259589e+01 
 1.89333613e+03  2.55642331e+01 -8.90007954e+01 
 1.93699595e+03  2.53665434e+01 -8.90751176e+01 
 1.98166255e+03  2.51688465e+01 -8.91489640e+01 
 2.02735916e+03  2.49711431e+01 -8.92223727e+01 
 2.07410951e+03  2.47734337e+01 -8.92953820e+01 
 2.12193792e+03  2.45757191e+01 -8.93680297e+01 
 2.17086923e+03  2.43779999e+01 -8.94403534e+01 
 2.22092889e+03  2.41802767e+01 -8.95123907e+01 
 2.27214291e+03  2.39825501e+01 -8.95841791e+01 
 2.32453791e+03  2.37848208e+01 -8.96557559e+01 
 2.37814113e+03  2.35870893e+01 -8.97271583e+01 
 2.43298042e+03  2.33893562e+01 -8.97984235e+01 
 2.48908429e+03  2.31916221e+01 -8.98695886e+01 
 2.54648190e+03  2.29938877e+01 -8.99406906e+01 
 2.60520309e+03  2.27961534e+01 -9.00117668e+01 
 2.66527837e+03  2.25984200e+01 -9.00828541e+01 
 2.72673897e+03  2.24006880e+01 -9.01539896e+01 
 2.78961683e+03  2.22029579e+01 -9.02252106e+01 
 2.85394464e+03  2.20052305e+01 -9.02965541e+01 
 2.91975583e+03  2.18075062e+01 -9.03680577e+01 
 2.98708461e+03  2.16097857e+01 -9.04397588e+01 
 3.05596598e+03  2.14120697e+01 -9.05116947e+01 
 3.12643573e+03  2.12143587e+01 -9.05839034e+01 
 3.19853049e+03  2.10166534e+01 -9.06564227e+01 
 3.27228774e+03  2.08189544e+01 -9.07292906e+01 
 3.34774581e+03  2.06212625e+01 -9.08025455e+01 
 3.42494392e+03  2.04235782e+01 -9.08762258e+01 
 3.50392221e+03  2.02259023e+01 -9.09503705e+01 
 3.58472171e+03  2.00282355e+01 -9.10250186e+01 
 3.66738442e+03  1.98305785e+01 -9.11002094e+01 
 3.75195331e+03  1.96329321e+01 -9.11759827e+01 
 3.83847234e+03  1.94352970e+01 -9.12523786e+01 
 3.92698648e+03  1.92376740e+01 -9.13294375e+01 
 4.01754173e+03  1.90400640e+01 -9.14072002e+01 
 4.11018515e+03  1.88424677e+01 -9.14857081e+01 
 4.20496491e+03  1.86448861e+01 -9.15650027e+01 
 4.30193027e+03  1.84473200e+01 -9.16451264e+01 
 4.40113162e+03  1.82497705e+01 -9.17261219e+01 
 4.50262052e+03  1.80522384e+01 -9.18080323e+01 
 4.60644974e+03  1.78547247e+01 -9.18909015e+01 
 4.71267322e+03  1.76572305e+01 -9.19747738e+01 
 4.82134619e+03  1.74597569e+01 -9.20596943e+01 
 4.93252513e+03  1.72623049e+01 -9.21457085e+01 
 5.04626783e+03  1.70648759e+01 -9.22328629e+01 
 5.16263340e+03  1.68674708e+01 -9.23212044e+01 
 5.28168234e+03  1.66700910e+01 -9.24107808e+01 
 5.40347650e+03  1.64727379e+01 -9.25016406e+01 
 5.52807921e+03  1.62754127e+01 -9.25938333e+01 
 5.65555523e+03  1.60781169e+01 -9.26874089e+01 
 5.78597080e+03  1.58808519e+01 -9.27824186e+01 
 5.91939372e+03  1.56836193e+01 -9.28789143e+01 
 6.05589334e+03  1.54864207e+01 -9.29769490e+01 
 6.19554061e+03  1.52892577e+01 -9.30765768e+01 
 6.33840810e+03  1.50921321e+01 -9.31778525e+01 
 6.48457008e+03  1.48950456e+01 -9.32808322e+01 
 6.63410251e+03  1.46980002e+01 -9.33855731e+01 
 6.78708313e+03  1.45009978e+01 -9.34921337e+01 
 6.94359143e+03  1.43040404e+01 -9.36005735e+01 
 7.10370877e+03  1.41071303e+01 -9.37109534e+01 
 7.26751838e+03  1.39102695e+01 -9.38233356e+01 
 7.43510539e+03  1.37134604e+01 -9.39377837e+01 
 7.60655691e+03  1.35167054e+01 -9.40543628e+01 
 7.78196206e+03  1.33200071e+01 -9.41731392e+01 
 7.96141200e+03  1.31233680e+01 -9.42941813e+01 
 8.14500001e+03  1.29267910e+01 -9.44175586e+01 
 8.33282151e+03  1.27302787e+01 -9.45433425e+01 
 8.52497412e+03  1.25338343e+01 -9.46716062e+01 
 8.72155772e+03  1.23374608e+01 -9.48024248e+01 
 8.92267449e+03  1.21411614e+01 -9.49358751e+01 
 9.12842895e+03  1.19449395e+01 -9.50720361e+01 
 9.33892805e+03  1.17487985e+01 -9.52109887e+01 
 9.55428121e+03  1.15527422e+01 -9.53528161e+01 
 9.77460036e+03  1.13567743e+01 -9.54976037e+01 
 1.00000000e+04  1.11608988e+01 -9.56454393e+01 
 1.02305973e+04  1.09651198e+01 -9.57964132e+01 
 1.04665121e+04  1.07694415e+01 -9.59506180e+01 
 1.07078670e+04  1.05738684e+01 -9.61081495e+01 
 1.09547876e+04  1.03784052e+01 -9.62691058e+01 
 1.12074020e+04  1.01830566e+01 -9.64335882e+01 
 1.14658417e+04  9.98782777e+00 -9.66017009e+01 
 1.17302409e+04  9.79272377e+00 -9.67735514e+01 
 1.20007371e+04  9.59775003e+00 -9.69492507e+01 
 1.22774708e+04  9.40291217e+00 -9.71289129e+01 
 1.25605860e+04  9.20821604e+00 -9.73126561e+01 
 1.28502297e+04  9.01366766e+00 -9.75006021e+01 
 1.31465525e+04  8.81927331e+00 -9.76928768e+01 
 1.34497085e+04  8.62503948e+00 -9.78896102e+01 
 1.37598551e+04  8.43097289e+00 -9.80909367e+01 
 1.40771537e+04  8.23708052e+00 -9.82969955e+01 
 1.44017690e+04  8.04336957e+00 -9.85079304e+01 
 1.47338699e+04  7.84984749e+00 -9.87238903e+01 
 1.50736290e+04  7.65652198e+00 -9.89450297e+01 
 1.54212228e+04  7.46340096e+00 -9.91715085e+01 
 1.57768320e+04  7.27049268e+00 -9.94034924e+01 
 1.61406415e+04  7.07780556e+00 -9.96411534e+01 
 1.65128404e+04  6.88534829e+00 -9.98846698e+01 
 1.68936220e+04  6.69312982e+00 -1.00134227e+02 
 1.72831844e+04  6.50115934e+00 -1.00390017e+02 
 1.76817299e+04  6.30944626e+00 -1.00652240e+02 
 1.80894658e+04  6.11800022e+00 -1.00921104e+02 
 1.85066040e+04  5.92683110e+00 -1.01196824e+02 
 1.89333613e+04  5.73594897e+00 -1.01479626e+02 
 1.93699595e+04  5.54536411e+00 -1.01769743e+02 
 1.98166255e+04  5.35508696e+00 -1.02067420e+02 
 2.02735916e+04  5.16512808e+00 -1.02372909e+02 
 2.07410951e+04  4.97549821e+00 -1.02686476e+02 
 2.12193792e+04  4.78620819e+00 -1.03008395e+02 
 2.17086923e+04  4.59726887e+00 -1.03338955e+02 
 2.22092889e+04  4.40869112e+00 -1.03678455e+02 
 2.27214291e+04  4.22048588e+00 -1.04027208e+02 
 2.32453791e+04  4.03266383e+00 -1.04385541e+02 
 2.37814113e+04  3.84523574e+00 -1.04753794e+02 
 2.43298042e+04  3.65821201e+00 -1.05132324e+02 
 2.48908429e+04  3.47160275e+00 -1.05521504e+02 
 2.54648190e+04  3.28541778e+00 -1.05921720e+02 
 2.60520309e+04  3.09966636e+00 -1.06333381e+02 
 2.66527837e+04  2.91435728e+00 -1.06756910e+02 
 2.72673897e+04  2.72949841e+00 -1.07192750e+02 
 2.78961683e+04  2.54509700e+00 -1.07641366e+02 
 2.85394464e+04  2.36115910e+00 -1.08103242e+02 
 2.91975583e+04  2.17768958e+00 -1.08578885e+02 
 2.98708461e+04  1.99469202e+00 -1.09068824e+02 
 3.05596598e+04  1.81216835e+00 -1.09573611e+02 
 3.12643573e+04  1.63011859e+00 -1.10093826e+02 
 3.19853049e+04  1.44854065e+00 -1.10630070e+02 
 3.27228774e+04  1.26743006e+00 -1.11182974e+02 
 3.34774581e+04  1.08677959e+00 -1.11753193e+02 
 3.42494392e+04  9.06578821e-01 -1.12341414e+02 
 3.50392221e+04  7.26813897e-01 -1.12948349e+02 
 3.58472171e+04  5.47466987e-01 -1.13574741e+02 
 3.66738442e+04  3.68515878e-01 -1.14221361e+02 
 3.75195331e+04  1.89933315e-01 -1.14889012e+02 
 3.83847234e+04  1.16865895e-02 -1.15578526e+02 
 3.92698648e+04 -1.66263086e-01 -1.16290763e+02 
 4.01754173e+04 -3.43961338e-01 -1.17026615e+02 
 4.11018515e+04 -5.21461170e-01 -1.17787000e+02 
 4.20496491e+04 -6.98824050e-01 -1.18572865e+02 
 4.30193027e+04 -8.76120252e-01 -1.19385179e+02 
 4.40113162e+04 -1.05343005e+00 -1.20224936e+02 
 4.50262052e+04 -1.23084457e+00 -1.21093150e+02 
 4.60644974e+04 -1.40846659e+00 -1.21990851e+02 
 4.71267322e+04 -1.58641152e+00 -1.22919077e+02 
 4.82134619e+04 -1.76480867e+00 -1.23878877e+02 
 4.93252513e+04 -1.94380169e+00 -1.24871295e+02 
 5.04626783e+04 -2.12355000e+00 -1.25897369e+02 
 5.16263340e+04 -2.30422976e+00 -1.26958116e+02 
 5.28168234e+04 -2.48603427e+00 -1.28054528e+02 
 5.40347650e+04 -2.66917527e+00 -1.29187555e+02 
 5.52807921e+04 -2.85388339e+00 -1.30358095e+02 
 5.65555523e+04 -3.04040855e+00 -1.31566975e+02 
 5.78597080e+04 -3.22902052e+00 -1.32814940e+02 
 5.91939372e+04 -3.42000869e+00 -1.34102631e+02 
 6.05589334e+04 -3.61368191e+00 -1.35430565e+02 
 6.19554061e+04 -3.81036762e+00 -1.36799119e+02 
 6.33840810e+04 -4.01041097e+00 -1.38208503e+02 
 6.48457008e+04 -4.21417326e+00 -1.39658743e+02 
 6.63410251e+04 -4.42202932e+00 -1.41149655e+02 
 6.78708313e+04 -4.63436521e+00 -1.42680827e+02 
 6.94359143e+04 -4.85157470e+00 -1.44251597e+02 
 7.10370877e+04 -5.07405533e+00 -1.45861034e+02 
 7.26751838e+04 -5.30220373e+00 -1.47507925e+02 
 7.43510539e+04 -5.53641041e+00 -1.49190760e+02 
 7.60655691e+04 -5.77705422e+00 -1.50907729e+02 
 7.78196206e+04 -6.02449645e+00 -1.52656718e+02 
 7.96141200e+04 -6.27907402e+00 -1.54435315e+02 
 8.14500001e+04 -6.54109339e+00 -1.56240820e+02 
 8.33282151e+04 -6.81082449e+00 -1.58070264e+02 
 8.52497412e+04 -7.08849435e+00 -1.59920437e+02 
 8.72155772e+04 -7.37428187e+00 -1.61787918e+02 
 8.92267449e+04 -7.66831303e+00 -1.63669114e+02 
 9.12842895e+04 -7.97065767e+00 -1.65560304e+02 
 9.33892805e+04 -8.28132606e+00 -1.67457692e+02 
 9.55428121e+04 -8.60026832e+00 -1.69357451e+02 
 9.77460036e+04 -8.92737383e+00 -1.71255777e+02 
 1.00000000e+05 -9.26247275e+00 -1.73148945e+02 
 1.02305973e+05 -9.60533820e+00 -1.75033352e+02 
 1.04665121e+05 -9.95569032e+00 -1.76905564e+02 
 1.07078670e+05 -1.03132004e+01 -1.78762355e+02 
 1.09547876e+05 -1.06774967e+01 -1.80600748e+02 
 1.12074020e+05 -1.10481702e+01 -1.82418030e+02 
 1.14658417e+05 -1.14247811e+01 -1.84211781e+02 
 1.17302409e+05 -1.18068654e+01 -1.85979881e+02 
 1.20007371e+05 -1.21939414e+01 -1.87720521e+02 
 1.22774708e+05 -1.25855161e+01 -1.89432197e+02 
 1.25605860e+05 -1.29810908e+01 -1.91113708e+02 
 1.28502297e+05 -1.33801670e+01 -1.92764139e+02 
 1.31465525e+05 -1.37822509e+01 -1.94382851e+02 
 1.34497085e+05 -1.41868579e+01 -1.95969458e+02 
 1.37598551e+05 -1.45935164e+01 -1.97523810e+02 
 1.40771537e+05 -1.50017703e+01 -1.99045967e+02 
 1.44017690e+05 -1.54111819e+01 -2.00536178e+02 
 1.47338699e+05 -1.58213334e+01 -2.01994858e+02 
 1.50736290e+05 -1.62318286e+01 -2.03422564e+02 
 1.54212228e+05 -1.66422933e+01 -2.04819974e+02 
 1.57768320e+05 -1.70523761e+01 -2.06187865e+02 
 1.61406415e+05 -1.74617485e+01 -2.07527096e+02 
 1.65128404e+05 -1.78701043e+01 -2.08838588e+02 
 1.68936220e+05 -1.82771598e+01 -2.10123310e+02 
 1.72831844e+05 -1.86826529e+01 -2.11382261e+02 
 1.76817299e+05 -1.90863422e+01 -2.12616462e+02 
 1.80894658e+05 -1.94880065e+01 -2.13826940e+02 
 1.85066040e+05 -1.98874435e+01 -2.15014719e+02 
 1.89333613e+05 -2.02844693e+01 -2.16180816e+02 
 1.93699595e+05 -2.06789171e+01 -2.17326226e+02 
 1.98166255e+05 -2.10706361e+01 -2.18451925e+02 
 2.02735916e+05 -2.14594909e+01 -2.19558857e+02 
 2.07410951e+05 -2.18453603e+01 -2.20647934e+02 
 2.12193792e+05 -2.22281365e+01 -2.21720035e+02 
 2.17086923e+05 -2.26077242e+01 -2.22775998e+02 
 2.22092889e+05 -2.29840396e+01 -2.23816626e+02 
 2.27214291e+05 -2.33570099e+01 -2.24842678e+02 
 2.32453791e+05 -2.37265724e+01 -2.25854876e+02 
 2.37814113e+05 -2.40926736e+01 -2.26853898e+02 
 2.43298042e+05 -2.44552690e+01 -2.27840385e+02 
 2.48908429e+05 -2.48143222e+01 -2.28814938e+02 
 2.54648190e+05 -2.51698044e+01 -2.29778121e+02 
 2.60520309e+05 -2.55216938e+01 -2.30730458e+02 
 2.66527837e+05 -2.58699751e+01 -2.31672442e+02 
 2.72673897e+05 -2.62146393e+01 -2.32604529e+02 
 2.78961683e+05 -2.65556829e+01 -2.33527144e+02 
 2.85394464e+05 -2.68931078e+01 -2.34440684e+02 
 2.91975583e+05 -2.72269207e+01 -2.35345515e+02 
 2.98708461e+05 -2.75571329e+01 -2.36241979e+02 
 3.05596598e+05 -2.78837602e+01 -2.37130391e+02 
 3.12643573e+05 -2.82068218e+01 -2.38011047e+02 
 3.19853049e+05 -2.85263410e+01 -2.38884219e+02 
 3.27228774e+05 -2.88423442e+01 -2.39750163e+02 
 3.34774581e+05 -2.91548609e+01 -2.40609116e+02 
 3.42494392e+05 -2.94639237e+01 -2.41461303e+02 
 3.50392221e+05 -2.97695674e+01 -2.42306931e+02 
 3.58472171e+05 -3.00718293e+01 -2.43146200e+02 
 3.66738442e+05 -3.03707491e+01 -2.43979295e+02 
 3.75195331e+05 -3.06663680e+01 -2.44806395e+02 
 3.83847234e+05 -3.09587293e+01 -2.45627671e+02 
 3.92698648e+05 -3.12478774e+01 -2.46443287e+02 
 4.01754173e+05 -3.15338582e+01 -2.47253402e+02 
 4.11018515e+05 -3.18167189e+01 -2.48058170e+02 
 4.20496491e+05 -3.20965074e+01 -2.48857744e+02 
 4.30193027e+05 -3.23732722e+01 -2.49652272e+02 
 4.40113162e+05 -3.26470627e+01 -2.50441902e+02 
 4.50262052e+05 -3.29179285e+01 -2.51226781e+02 
 4.60644974e+05 -3.31859194e+01 -2.52007055e+02 
 4.71267322e+05 -3.34510855e+01 -2.52782872e+02 
 4.82134619e+05 -3.37134764e+01 -2.53554379e+02 
 4.93252513e+05 -3.39731419e+01 -2.54321725e+02 
 5.04626783e+05 -3.42301312e+01 -2.55085060e+02 
 5.16263340e+05 -3.44844929e+01 -2.55844537e+02 
 5.28168234e+05 -3.47362752e+01 -2.56600309e+02 
 5.40347650e+05 -3.49855253e+01 -2.57352533e+02 
 5.52807921e+05 -3.52322897e+01 -2.58101367e+02 
 5.65555523e+05 -3.54766136e+01 -2.58846972e+02 
 5.78597080e+05 -3.57185414e+01 -2.59589511e+02 
 5.91939372e+05 -3.59581163e+01 -2.60329148e+02 
 6.05589334e+05 -3.61953798e+01 -2.61066050e+02 
 6.19554061e+05 -3.64303725e+01 -2.61800386e+02 
 6.33840810e+05 -3.66631332e+01 -2.62532328e+02 
 6.48457008e+05 -3.68936993e+01 -2.63262047e+02 
 6.63410251e+05 -3.71221064e+01 -2.63989717e+02 
 6.78708313e+05 -3.73483888e+01 -2.64715512e+02 
 6.94359143e+05 -3.75725786e+01 -2.65439609e+02 
 7.10370877e+05 -3.77947064e+01 -2.66162183e+02 
 7.26751838e+05 -3.80148009e+01 -2.66883411e+02 
 7.43510539e+05 -3.82328890e+01 -2.67603468e+02 
 7.60655691e+05 -3.84489956e+01 -2.68322532e+02 
 7.78196206e+05 -3.86631435e+01 -2.69040775e+02 
 7.96141200e+05 -3.88753540e+01 -2.69758373e+02 
 8.14500001e+05 -3.90856460e+01 -2.70475498e+02 
 8.33282151e+05 -3.92940366e+01 -2.71192320e+02 
 8.52497412e+05 -3.95005408e+01 -2.71909005e+02 
 8.72155772e+05 -3.97051718e+01 -2.72625720e+02 
 8.92267449e+05 -3.99079406e+01 -2.73342627e+02 
 9.12842895e+05 -4.01088563e+01 -2.74059882e+02 
 9.33892805e+05 -4.03079260e+01 -2.74777641e+02 
 9.55428121e+05 -4.05051549e+01 -2.75496052e+02 
 9.77460036e+05 -4.07005461e+01 -2.76215260e+02 
 1.00000000e+06 -4.08941011e+01 -2.76935404e+02 
 1.02305973e+06 -4.10858191e+01 -2.77656617e+02 
 1.04665121e+06 -4.12756978e+01 -2.78379025e+02 
 1.07078670e+06 -4.14637345e+01 -2.79102750e+02 
 1.09547876e+06 -4.16499174e+01 -2.79827897e+02 
 1.12074020e+06 -4.18342474e+01 -2.80554583e+02 
 1.14658417e+06 -4.20167095e+01 -2.81282896e+02 
 1.17302409e+06 -4.21972957e+01 -2.82012928e+02 
 1.20007371e+06 -4.23759906e+01 -2.82744756e+02 
 1.22774708e+06 -4.25527805e+01 -2.83478447e+02 
 1.25605860e+06 -4.27276529e+01 -2.84214067e+02 
 1.28502297e+06 -4.29005884e+01 -2.84951662e+02 
 1.31465525e+06 -4.30715721e+01 -2.85691274e+02 
 1.34497085e+06 -4.32405853e+01 -2.86432933e+02 
 1.37598551e+06 -4.34076051e+01 -2.87176651e+02 
 1.40771537e+06 -4.35726123e+01 -2.87922437e+02 
 1.44017690e+06 -4.37355852e+01 -2.88670285e+02 
 1.47338699e+06 -4.38965016e+01 -2.89420177e+02 
 1.50736290e+06 -4.40553386e+01 -2.90172084e+02 
 1.54212228e+06 -4.42120728e+01 -2.90925964e+02 
 1.57768320e+06 -4.43666806e+01 -2.91681762e+02 
 1.61406415e+06 -4.45191381e+01 -2.92439413e+02 
 1.65128404e+06 -4.46694213e+01 -2.93198837e+02 
 1.68936220e+06 -4.48175061e+01 -2.93959942e+02 
 1.72831844e+06 -4.49633689e+01 -2.94722626e+02 
 1.76817299e+06 -4.51069862e+01 -2.95486772e+02 
 1.80894658e+06 -4.52483349e+01 -2.96252253e+02 
 1.85066040e+06 -4.53873925e+01 -2.97018930e+02 
 1.89333613e+06 -4.55241386e+01 -2.97786655e+02 
 1.93699595e+06 -4.56585487e+01 -2.98555254e+02 
 1.98166255e+06 -4.57906075e+01 -2.99324572e+02 
 2.02735916e+06 -4.59202917e+01 -3.00094408e+02 
 2.07410951e+06 -4.60475872e+01 -3.00864583e+02 
 2.12193792e+06 -4.61724765e+01 -3.01634890e+02 
 2.17086923e+06 -4.62949450e+01 -3.02405119e+02 
 2.22092889e+06 -4.64149796e+01 -3.03175052e+02 
 2.27214291e+06 -4.65325689e+01 -3.03944462e+02 
 2.32453791e+06 -4.66477033e+01 -3.04713116e+02 
 2.37814113e+06 -4.67603751e+01 -3.05480778e+02 
 2.43298042e+06 -4.68705786e+01 -3.06247202e+02 
 2.48908429e+06 -4.69783102e+01 -3.07012142e+02 
 2.54648190e+06 -4.70835683e+01 -3.07775345e+02 
 2.60520309e+06 -4.71863536e+01 -3.08536559e+02 
 2.66527837e+06 -4.72866691e+01 -3.09295527e+02 
 2.72673897e+06 -4.73845200e+01 -3.10051992e+02 
 2.78961683e+06 -4.74799137e+01 -3.10805696e+02 
 2.85394464e+06 -4.75728601e+01 -3.11556384e+02 
 2.91975583e+06 -4.76633714e+01 -3.12303800e+02 
 2.98708461e+06 -4.77514619e+01 -3.13047690e+02 
 3.05596598e+06 -4.78371486e+01 -3.13787804e+02 
 3.12643573e+06 -4.79204496e+01 -3.14523891e+02 
 3.19853049e+06 -4.80013886e+01 -3.15255722e+02 
 3.27228774e+06 -4.80799868e+01 -3.15983046e+02 
 3.34774581e+06 -4.81562706e+01 -3.16705634e+02 
 3.42494392e+06 -4.82302676e+01 -3.17423260e+02 
 3.50392221e+06 -4.83020075e+01 -3.18135705e+02 
 3.58472171e+06 -4.83715218e+01 -3.18842756e+02 
 3.66738442e+06 -4.84388441e+01 -3.19544207e+02 
 3.75195331e+06 -4.85040094e+01 -3.20239861e+02 
 3.83847234e+06 -4.85670550e+01 -3.20929533e+02 
 3.92698648e+06 -4.86280173e+01 -3.21613026e+02 
 4.01754173e+06 -4.86869378e+01 -3.22290182e+02 
 4.11018515e+06 -4.87438566e+01 -3.22960832e+02 
 4.20496491e+06 -4.87988159e+01 -3.23624821e+02 
 4.30193027e+06 -4.88518590e+01 -3.24282007e+02 
 4.40113162e+06 -4.89030285e+01 -3.24932237e+02 
 4.50262052e+06 -4.89523706e+01 -3.25575397e+02 
 4.60644974e+06 -4.89999299e+01 -3.26211362e+02 
 4.71267322e+06 -4.90457525e+01 -3.26840021e+02 
 4.82134619e+06 -4.90898844e+01 -3.27461272e+02 
 4.93252513e+06 -4.91323723e+01 -3.28075021e+02 
 5.04626783e+06 -4.91732627e+01 -3.28681182e+02 
 5.16263340e+06 -4.92126024e+01 -3.29279679e+02 
 5.28168234e+06 -4.92504380e+01 -3.29870442e+02 
 5.40347650e+06 -4.92868159e+01 -3.30453410e+02 
 5.52807921e+06 -4.93217827e+01 -3.31028536e+02 
 5.65555523e+06 -4.93553832e+01 -3.31595760e+02 
 5.78597080e+06 -4.93876636e+01 -3.32155057e+02 
 5.91939372e+06 -4.94186686e+01 -3.32706392e+02 
 6.05589334e+06 -4.94484422e+01 -3.33249740e+02 
 6.19554061e+06 -4.94770280e+01 -3.33785085e+02 
 6.33840810e+06 -4.95044687e+01 -3.34312414e+02 
 6.48457008e+06 -4.95308066e+01 -3.34831728e+02 
 6.63410251e+06 -4.95560818e+01 -3.35343017e+02 
 6.78708313e+06 -4.95803353e+01 -3.35846298e+02 
 6.94359143e+06 -4.96036059e+01 -3.36341577e+02 
 7.10370877e+06 -4.96259324e+01 -3.36828882e+02 
 7.26751838e+06 -4.96473513e+01 -3.37308226e+02 
 7.43510539e+06 -4.96678991e+01 -3.37779640e+02 
 7.60655691e+06 -4.96876107e+01 -3.38243157e+02 
 7.78196206e+06 -4.97065204e+01 -3.38698814e+02 
 7.96141200e+06 -4.97246610e+01 -3.39146652e+02 
 8.14500001e+06 -4.97420643e+01 -3.39586716e+02 
 8.33282151e+06 -4.97587613e+01 -3.40019056e+02 
 8.52497412e+06 -4.97747815e+01 -3.40443725e+02 
 8.72155772e+06 -4.97901536e+01 -3.40860778e+02 
 8.92267449e+06 -4.98049053e+01 -3.41270279e+02 
 9.12842895e+06 -4.98190629e+01 -3.41672284e+02 
 9.33892805e+06 -4.98326517e+01 -3.42066858e+02 
 9.55428121e+06 -4.98456967e+01 -3.42454077e+02 
 9.77460036e+06 -4.98582209e+01 -3.42834007e+02 
 1.00000000e+07 -4.98702470e+01 -3.43206723e+02 
 1.02305973e+07 -4.98817964e+01 -3.43572296e+02 
 1.04665121e+07 -4.98928899e+01 -3.43930814e+02 
 1.07078670e+07 -4.99035467e+01 -3.44282344e+02 
 1.09547876e+07 -4.99137861e+01 -3.44626979e+02 
 1.12074020e+07 -4.99236258e+01 -3.44964794e+02 
 1.14658417e+07 -4.99330828e+01 -3.45295877e+02 
 1.17302409e+07 -4.99421736e+01 -3.45620313e+02 
 1.20007371e+07 -4.99509137e+01 -3.45938192e+02 
 1.22774708e+07 -4.99593176e+01 -3.46249596e+02 
 1.25605860e+07 -4.99673997e+01 -3.46554622e+02 
 1.28502297e+07 -4.99751734e+01 -3.46853359e+02 
 1.31465525e+07 -4.99826511e+01 -3.47145894e+02 
 1.34497085e+07 -4.99898452e+01 -3.47432323e+02 
 1.37598551e+07 -4.99967671e+01 -3.47712739e+02 
 1.40771537e+07 -5.00034278e+01 -3.47987234e+02 
 1.44017690e+07 -5.00098375e+01 -3.48255901e+02 
 1.47338699e+07 -5.00160062e+01 -3.48518836e+02 
 1.50736290e+07 -5.00219432e+01 -3.48776132e+02 
 1.54212228e+07 -5.00276575e+01 -3.49027884e+02 
 1.57768320e+07 -5.00331574e+01 -3.49274186e+02 
 1.61406415e+07 -5.00384511e+01 -3.49515133e+02 
 1.65128404e+07 -5.00435461e+01 -3.49750822e+02 
 1.68936220e+07 -5.00484497e+01 -3.49981340e+02 
 1.72831844e+07 -5.00531689e+01 -3.50206788e+02 
 1.76817299e+07 -5.00577103e+01 -3.50427258e+02 
 1.80894658e+07 -5.00620802e+01 -3.50642844e+02 
 1.85066040e+07 -5.00662844e+01 -3.50853635e+02 
 1.89333613e+07 -5.00703289e+01 -3.51059727e+02 
 1.93699595e+07 -5.00742190e+01 -3.51261211e+02 
 1.98166255e+07 -5.00779600e+01 -3.51458178e+02 
 2.02735916e+07 -5.00815570e+01 -3.51650722e+02 
 2.07410951e+07 -5.00850147e+01 -3.51838923e+02 
 2.12193792e+07 -5.00883377e+01 -3.52022881e+02 
 2.17086923e+07 -5.00915306e+01 -3.52202678e+02 
 2.22092889e+07 -5.00945975e+01 -3.52378402e+02 
 2.27214291e+07 -5.00975426e+01 -3.52550139e+02 
 2.32453791e+07 -5.01003700e+01 -3.52717974e+02 
 2.37814113e+07 -5.01030833e+01 -3.52881992e+02 
 2.43298042e+07 -5.01056864e+01 -3.53042275e+02 
 2.48908429e+07 -5.01081828e+01 -3.53198905e+02 
 2.54648190e+07 -5.01105761e+01 -3.53351964e+02 
 2.60520309e+07 -5.01128695e+01 -3.53501527e+02 
 2.66527837e+07 -5.01150665e+01 -3.53647676e+02 
 2.72673897e+07 -5.01171701e+01 -3.53790488e+02 
 2.78961683e+07 -5.01191835e+01 -3.53930037e+02 
 2.85394464e+07 -5.01211098e+01 -3.54066398e+02 
 2.91975583e+07 -5.01229519e+01 -3.54199645e+02 
 2.98708461e+07 -5.01247126e+01 -3.54329846e+02 
 3.05596598e+07 -5.01263947e+01 -3.54457075e+02 
 3.12643573e+07 -5.01280011e+01 -3.54581401e+02 
 3.19853049e+07 -5.01295343e+01 -3.54702889e+02 
 3.27228774e+07 -5.01309970e+01 -3.54821609e+02 
 3.34774581e+07 -5.01323916e+01 -3.54937621e+02 
 3.42494392e+07 -5.01337208e+01 -3.55050993e+02 
 3.50392221e+07 -5.01349869e+01 -3.55161785e+02 
 3.58472171e+07 -5.01361923e+01 -3.55270059e+02 
 3.66738442e+07 -5.01373393e+01 -3.55375872e+02 
 3.75195331e+07 -5.01384302e+01 -3.55479285e+02 
 3.83847234e+07 -5.01394672e+01 -3.55580353e+02 
 3.92698648e+07 -5.01404523e+01 -3.55679133e+02 
 4.01754173e+07 -5.01413878e+01 -3.55775678e+02 
 4.11018515e+07 -5.01422756e+01 -3.55870041e+02 
 4.20496491e+07 -5.01431178e+01 -3.55962274e+02 
 4.30193027e+07 -5.01439163e+01 -3.56052427e+02 
 4.40113162e+07 -5.01446729e+01 -3.56140549e+02 
 4.50262052e+07 -5.01453895e+01 -3.56226689e+02 
 4.60644974e+07 -5.01460678e+01 -3.56310892e+02 
 4.71267322e+07 -5.01467096e+01 -3.56393205e+02 
 4.82134619e+07 -5.01473166e+01 -3.56473671e+02 
 4.93252513e+07 -5.01478903e+01 -3.56552335e+02 
 5.04626783e+07 -5.01484324e+01 -3.56629237e+02 
 5.16263340e+07 -5.01489443e+01 -3.56704419e+02 
 5.28168234e+07 -5.01494276e+01 -3.56777922e+02 
 5.40347650e+07 -5.01498835e+01 -3.56849784e+02 
 5.52807921e+07 -5.01503136e+01 -3.56920043e+02 
 5.65555523e+07 -5.01507190e+01 -3.56988736e+02 
 5.78597080e+07 -5.01511011e+01 -3.57055898e+02 
 5.91939372e+07 -5.01514610e+01 -3.57121567e+02 
 6.05589334e+07 -5.01517999e+01 -3.57185774e+02 
 6.19554061e+07 -5.01521190e+01 -3.57248554e+02 
 6.33840810e+07 -5.01524193e+01 -3.57309940e+02 
 6.48457008e+07 -5.01527018e+01 -3.57369962e+02 
 6.63410251e+07 -5.01529675e+01 -3.57428652e+02 
 6.78708313e+07 -5.01532174e+01 -3.57486039e+02 
 6.94359143e+07 -5.01534522e+01 -3.57542153e+02 
 7.10370877e+07 -5.01536730e+01 -3.57597024e+02 
 7.26751838e+07 -5.01538804e+01 -3.57650677e+02 
 7.43510539e+07 -5.01540752e+01 -3.57703141e+02 
 7.60655691e+07 -5.01542583e+01 -3.57754443e+02 
 7.78196206e+07 -5.01544302e+01 -3.57804607e+02 
 7.96141200e+07 -5.01545916e+01 -3.57853661e+02 
 8.14500001e+07 -5.01547432e+01 -3.57901626e+02 
 8.33282151e+07 -5.01548855e+01 -3.57948529e+02 
 8.52497412e+07 -5.01550191e+01 -3.57994393e+02 
 8.72155772e+07 -5.01551445e+01 -3.58039240e+02 
 8.92267449e+07 -5.01552623e+01 -3.58083093e+02 
 9.12842895e+07 -5.01553728e+01 -3.58125974e+02 
 9.33892805e+07 -5.01554766e+01 -3.58167904e+02 
 9.55428121e+07 -5.01555740e+01 -3.58208904e+02 
 9.77460036e+07 -5.01556655e+01 -3.58248995e+02 
 1.00000000e+08 -5.01557514e+01 -3.58288196e+02 
 1.02305973e+08 -5.01558320e+01 -3.58326528e+02 
 1.04665121e+08 -5.01559078e+01 -3.58364008e+02 
 1.07078670e+08 -5.01559789e+01 -3.58400656e+02 
 1.09547876e+08 -5.01560457e+01 -3.58436490e+02 
 1.12074020e+08 -5.01561085e+01 -3.58471528e+02 
 1.14658417e+08 -5.01561675e+01 -3.58505787e+02 
 1.17302409e+08 -5.01562230e+01 -3.58539285e+02 
 1.20007371e+08 -5.01562751e+01 -3.58572037e+02 
 1.22774708e+08 -5.01563241e+01 -3.58604061e+02 
 1.25605860e+08 -5.01563702e+01 -3.58635372e+02 
 1.28502297e+08 -5.01564136e+01 -3.58665986e+02 
 1.31465525e+08 -5.01564544e+01 -3.58695919e+02 
 1.34497085e+08 -5.01564928e+01 -3.58725184e+02 
 1.37598551e+08 -5.01565289e+01 -3.58753798e+02 
 1.40771537e+08 -5.01565629e+01 -3.58781773e+02 
 1.44017690e+08 -5.01565950e+01 -3.58809125e+02 
 1.47338699e+08 -5.01566252e+01 -3.58835867e+02 
 1.50736290e+08 -5.01566537e+01 -3.58862011e+02 
 1.54212228e+08 -5.01566805e+01 -3.58887573e+02 
 1.57768320e+08 -5.01567058e+01 -3.58912563e+02 
 1.61406415e+08 -5.01567297e+01 -3.58936996e+02 
 1.65128404e+08 -5.01567522e+01 -3.58960882e+02 
 1.68936220e+08 -5.01567734e+01 -3.58984235e+02 
 1.72831844e+08 -5.01567935e+01 -3.59007066e+02 
 1.76817299e+08 -5.01568124e+01 -3.59029386e+02 
 1.80894658e+08 -5.01568303e+01 -3.59051206e+02 
 1.85066040e+08 -5.01568473e+01 -3.59072539e+02 
 1.89333613e+08 -5.01568632e+01 -3.59093395e+02 
 1.93699595e+08 -5.01568784e+01 -3.59113783e+02 
 1.98166255e+08 -5.01568927e+01 -3.59133715e+02 
 2.02735916e+08 -5.01569062e+01 -3.59153201e+02 
 2.07410951e+08 -5.01569190e+01 -3.59172250e+02 
 2.12193792e+08 -5.01569311e+01 -3.59190872e+02 
 2.17086923e+08 -5.01569426e+01 -3.59209077e+02 
 2.22092889e+08 -5.01569534e+01 -3.59226874e+02 
 2.27214291e+08 -5.01569637e+01 -3.59244272e+02 
 2.32453791e+08 -5.01569735e+01 -3.59261279e+02 
 2.37814113e+08 -5.01569827e+01 -3.59277906e+02 
 2.43298042e+08 -5.01569915e+01 -3.59294159e+02 
 2.48908429e+08 -5.01569998e+01 -3.59310047e+02 
 2.54648190e+08 -5.01570077e+01 -3.59325579e+02 
 2.60520309e+08 -5.01570152e+01 -3.59340763e+02 
 2.66527837e+08 -5.01570223e+01 -3.59355606e+02 
 2.72673897e+08 -5.01570290e+01 -3.59370115e+02 
 2.78961683e+08 -5.01570354e+01 -3.59384299e+02 
 2.85394464e+08 -5.01570415e+01 -3.59398164e+02 
 2.91975583e+08 -5.01570473e+01 -3.59411717e+02 
 2.98708461e+08 -5.01570527e+01 -3.59424967e+02 
 3.05596598e+08 -5.01570580e+01 -3.59437918e+02 
 3.12643573e+08 -5.01570629e+01 -3.59450579e+02 
 3.19853049e+08 -5.01570676e+01 -3.59462955e+02 
 3.27228774e+08 -5.01570721e+01 -3.59475053e+02 
 3.34774581e+08 -5.01570764e+01 -3.59486879e+02 
 3.42494392e+08 -5.01570804e+01 -3.59498439e+02 
 3.50392221e+08 -5.01570843e+01 -3.59509739e+02 
 3.58472171e+08 -5.01570879e+01 -3.59520786e+02 
 3.66738442e+08 -5.01570914e+01 -3.59531584e+02 
 3.75195331e+08 -5.01570948e+01 -3.59542139e+02 
 3.83847234e+08 -5.01570979e+01 -3.59552457e+02 
 3.92698648e+08 -5.01571009e+01 -3.59562543e+02 
 4.01754173e+08 -5.01571038e+01 -3.59572402e+02 
 4.11018515e+08 -5.01571065e+01 -3.59582039e+02 
 4.20496491e+08 -5.01571091e+01 -3.59591459e+02 
 4.30193027e+08 -5.01571116e+01 -3.59600668e+02 
 4.40113162e+08 -5.01571140e+01 -3.59609669e+02 
 4.50262052e+08 -5.01571162e+01 -3.59618468e+02 
 4.60644974e+08 -5.01571184e+01 -3.59627069e+02 
 4.71267322e+08 -5.01571204e+01 -3.59635477e+02 
 4.82134619e+08 -5.01571224e+01 -3.59643696e+02 
 4.93252513e+08 -5.01571242e+01 -3.59651729e+02 
 5.04626783e+08 -5.01571260e+01 -3.59659582e+02 
 5.16263340e+08 -5.01571277e+01 -3.59667258e+02 
 5.28168234e+08 -5.01571293e+01 -3.59674762e+02 
 5.40347650e+08 -5.01571308e+01 -3.59682096e+02 
 5.52807921e+08 -5.01571323e+01 -3.59689266e+02 
 5.65555523e+08 -5.01571337e+01 -3.59696274e+02 
 5.78597080e+08 -5.01571350e+01 -3.59703125e+02 
 5.91939372e+08 -5.01571363e+01 -3.59709821e+02 
 6.05589334e+08 -5.01571375e+01 -3.59716367e+02 
 6.19554061e+08 -5.01571386e+01 -3.59722766e+02 
 6.33840810e+08 -5.01571397e+01 -3.59729021e+02 
 6.48457008e+08 -5.01571408e+01 -3.59735134e+02 
 6.63410251e+08 -5.01571418e+01 -3.59741111e+02 
 6.78708313e+08 -5.01571427e+01 -3.59746953e+02 
 6.94359143e+08 -5.01571437e+01 -3.59752663e+02 
 7.10370877e+08 -5.01571445e+01 -3.59758245e+02 
 7.26751838e+08 -5.01571454e+01 -3.59763702e+02 
 7.43510539e+08 -5.01571462e+01 -3.59769036e+02 
 7.60655691e+08 -5.01571469e+01 -3.59774250e+02 
 7.78196206e+08 -5.01571476e+01 -3.59779346e+02 
 7.96141200e+08 -5.01571483e+01 -3.59784328e+02 
 8.14500001e+08 -5.01571490e+01 -3.59789198e+02 
 8.33282151e+08 -5.01571496e+01 -3.59793958e+02 
 8.52497412e+08 -5.01571502e+01 -3.59798612e+02 
 8.72155772e+08 -5.01571508e+01 -3.59803161e+02 
 8.92267449e+08 -5.01571513e+01 -3.59807607e+02 
 9.12842895e+08 -5.01571519e+01 -3.59811954e+02 
 9.33892805e+08 -5.01571524e+01 -3.59816203e+02 
 9.55428121e+08 -5.01571528e+01 -3.59820356e+02 
 9.77460036e+08 -5.01571533e+01 -3.59824416e+02 
 1.00000000e+09 -5.01571537e+01 -3.59828385e+02 
