 frequency       v(Amag_dB)      v(Aarg)        
 1.00000000e-02 -9.75826259e+00  8.81330093e+01 
 1.02305973e-02 -9.56045783e+00  8.80899885e+01 
 1.04665121e-02 -9.36266308e+00  8.80459779e+01 
 1.07078670e-02 -9.16487883e+00  8.80009548e+01 
 1.09547876e-02 -8.96710554e+00  8.79548961e+01 
 1.12074020e-02 -8.76934375e+00  8.79077780e+01 
 1.14658417e-02 -8.57159397e+00  8.78595763e+01 
 1.17302409e-02 -8.37385677e+00  8.78102662e+01 
 1.20007371e-02 -8.17613274e+00  8.77598224e+01 
 1.22774708e-02 -7.97842248e+00  8.77082190e+01 
 1.25605860e-02 -7.78072664e+00  8.76554294e+01 
 1.28502297e-02 -7.58304588e+00  8.76014267e+01 
 1.31465525e-02 -7.38538092e+00  8.75461831e+01 
 1.34497085e-02 -7.18773248e+00  8.74896703e+01 
 1.37598551e-02 -6.99010133e+00  8.74318594e+01 
 1.40771537e-02 -6.79248827e+00  8.73727208e+01 
 1.44017690e-02 -6.59489414e+00  8.73122243e+01 
 1.47338699e-02 -6.39731983e+00  8.72503390e+01 
 1.50736290e-02 -6.19976626e+00  8.71870332e+01 
 1.54212228e-02 -6.00223438e+00  8.71222748e+01 
 1.57768320e-02 -5.80472520e+00  8.70560306e+01 
 1.61406415e-02 -5.60723978e+00  8.69882671e+01 
 1.65128404e-02 -5.40977922e+00  8.69189496e+01 
 1.68936220e-02 -5.21234467e+00  8.68480431e+01 
 1.72831844e-02 -5.01493734e+00  8.67755114e+01 
 1.76817299e-02 -4.81755849e+00  8.67013179e+01 
 1.80894658e-02 -4.62020944e+00  8.66254250e+01 
 1.85066040e-02 -4.42289157e+00  8.65477943e+01 
 1.89333613e-02 -4.22560633e+00  8.64683866e+01 
 1.93699595e-02 -4.02835522e+00  8.63871618e+01 
 1.98166255e-02 -3.83113982e+00  8.63040791e+01 
 2.02735916e-02 -3.63396180e+00  8.62190966e+01 
 2.07410951e-02 -3.43682286e+00  8.61321716e+01 
 2.12193792e-02 -3.23972483e+00  8.60432607e+01 
 2.17086923e-02 -3.04266959e+00  8.59523192e+01 
 2.22092889e-02 -2.84565912e+00  8.58593018e+01 
 2.27214291e-02 -2.64869549e+00  8.57641620e+01 
 2.32453791e-02 -2.45178085e+00  8.56668526e+01 
 2.37814113e-02 -2.25491747e+00  8.55673251e+01 
 2.43298042e-02 -2.05810770e+00  8.54655303e+01 
 2.48908429e-02 -1.86135403e+00  8.53614179e+01 
 2.54648190e-02 -1.66465903e+00  8.52549363e+01 
 2.60520309e-02 -1.46802539e+00  8.51460334e+01 
 2.66527837e-02 -1.27145595e+00  8.50346555e+01 
 2.72673897e-02 -1.07495365e+00  8.49207483e+01 
 2.78961683e-02 -8.78521583e-01  8.48042560e+01 
 2.85394464e-02 -6.82162959e-01  8.46851220e+01 
 2.91975583e-02 -4.85881150e-01  8.45632885e+01 
 2.98708461e-02 -2.89679677e-01  8.44386965e+01 
 3.05596598e-02 -9.35622161e-02  8.43112861e+01 
 3.12643573e-02  1.02467391e-01  8.41809960e+01 
 3.19853049e-02  2.98405129e-01  8.40477639e+01 
 3.27228774e-02  4.94246805e-01  8.39115264e+01 
 3.34774581e-02  6.89988038e-01  8.37722188e+01 
 3.42494392e-02  8.85624252e-01  8.36297752e+01 
 3.50392221e-02  1.08115067e+00  8.34841287e+01 
 3.58472171e-02  1.27656230e+00  8.33352112e+01 
 3.66738442e-02  1.47185393e+00  8.31829532e+01 
 3.75195331e-02  1.66702013e+00  8.30272842e+01 
 3.83847234e-02  1.86205521e+00  8.28681326e+01 
 3.92698648e-02  2.05695324e+00  8.27054253e+01 
 4.01754173e-02  2.25170804e+00  8.25390885e+01 
 4.11018515e-02  2.44631315e+00  8.23690467e+01 
 4.20496491e-02  2.64076183e+00  8.21952237e+01 
 4.30193027e-02  2.83504706e+00  8.20175419e+01 
 4.40113162e-02  3.02916151e+00  8.18359226e+01 
 4.50262052e-02  3.22309752e+00  8.16502860e+01 
 4.60644974e-02  3.41684713e+00  8.14605512e+01 
 4.71267322e-02  3.61040202e+00  8.12666363e+01 
 4.82134619e-02  3.80375353e+00  8.10684582e+01 
 4.93252513e-02  3.99689262e+00  8.08659329e+01 
 5.04626783e-02  4.18980989e+00  8.06589755e+01 
 5.16263340e-02  4.38249554e+00  8.04474999e+01 
 5.28168234e-02  4.57493935e+00  8.02314193e+01 
 5.40347650e-02  4.76713069e+00  8.00106460e+01 
 5.52807921e-02  4.95905849e+00  7.97850914e+01 
 5.65555523e-02  5.15071124e+00  7.95546664e+01 
 5.78597080e-02  5.34207693e+00  7.93192809e+01 
 5.91939372e-02  5.53314311e+00  7.90788444e+01 
 6.05589334e-02  5.72389679e+00  7.88332658e+01 
 6.19554061e-02  5.91432450e+00  7.85824537e+01 
 6.33840810e-02  6.10441222e+00  7.83263160e+01 
 6.48457008e-02  6.29414539e+00  7.80647607e+01 
 6.63410251e-02  6.48350887e+00  7.77976954e+01 
 6.78708313e-02  6.67248697e+00  7.75250278e+01 
 6.94359143e-02  6.86106339e+00  7.72466655e+01 
 7.10370877e-02  7.04922120e+00  7.69625164e+01 
 7.26751838e-02  7.23694287e+00  7.66724888e+01 
 7.43510539e-02  7.42421021e+00  7.63764915e+01 
 7.60655691e-02  7.61100437e+00  7.60744337e+01 
 7.78196206e-02  7.79730584e+00  7.57662257e+01 
 7.96141200e-02  7.98309441e+00  7.54517786e+01 
 8.14500001e-02  8.16834916e+00  7.51310049e+01 
 8.33282151e-02  8.35304847e+00  7.48038182e+01 
 8.52497412e-02  8.53716999e+00  7.44701339e+01 
 8.72155772e-02  8.72069062e+00  7.41298692e+01 
 8.92267449e-02  8.90358651e+00  7.37829431e+01 
 9.12842895e-02  9.08583306e+00  7.34292772e+01 
 9.33892805e-02  9.26740490e+00  7.30687955e+01 
 9.55428121e-02  9.44827589e+00  7.27014248e+01 
 9.77460036e-02  9.62841909e+00  7.23270950e+01 
 1.00000000e-01  9.80780681e+00  7.19457394e+01 
 1.02305973e-01  9.98641056e+00  7.15572951e+01 
 1.04665121e-01  1.01642011e+01  7.11617030e+01 
 1.07078670e-01  1.03411483e+01  7.07589083e+01 
 1.09547876e-01  1.05172214e+01  7.03488611e+01 
 1.12074020e-01  1.06923889e+01  6.99315162e+01 
 1.14658417e-01  1.08666184e+01  6.95068340e+01 
 1.17302409e-01  1.10398768e+01  6.90747804e+01 
 1.20007371e-01  1.12121305e+01  6.86353274e+01 
 1.22774708e-01  1.13833448e+01  6.81884535e+01 
 1.25605860e-01  1.15534847e+01  6.77341439e+01 
 1.28502297e-01  1.17225144e+01  6.72723910e+01 
 1.31465525e-01  1.18903975e+01  6.68031949e+01 
 1.34497085e-01  1.20570972e+01  6.63265634e+01 
 1.37598551e-01  1.22225758e+01  6.58425127e+01 
 1.40771537e-01  1.23867955e+01  6.53510676e+01 
 1.44017690e-01  1.25497179e+01  6.48522621e+01 
 1.47338699e-01  1.27113043e+01  6.43461392e+01 
 1.50736290e-01  1.28715155e+01  6.38327520e+01 
 1.54212228e-01  1.30303124e+01  6.33121634e+01 
 1.57768320e-01  1.31876553e+01  6.27844467e+01 
 1.61406415e-01  1.33435048e+01  6.22496858e+01 
 1.65128404e-01  1.34978212e+01  6.17079753e+01 
 1.68936220e-01  1.36505651e+01  6.11594212e+01 
 1.72831844e-01  1.38016969e+01  6.06041407e+01 
 1.76817299e-01  1.39511776e+01  6.00422623e+01 
 1.80894658e-01  1.40989683e+01  5.94739264e+01 
 1.85066040e-01  1.42450307e+01  5.88992849e+01 
 1.89333613e-01  1.43893268e+01  5.83185015e+01 
 1.93699595e-01  1.45318195e+01  5.77317519e+01 
 1.98166255e-01  1.46724724e+01  5.71392233e+01 
 2.02735916e-01  1.48112497e+01  5.65411147e+01 
 2.07410951e-01  1.49481169e+01  5.59376366e+01 
 2.12193792e-01  1.50830403e+01  5.53290109e+01 
 2.17086923e-01  1.52159875e+01  5.47154707e+01 
 2.22092889e-01  1.53469275e+01  5.40972599e+01 
 2.27214291e-01  1.54758305e+01  5.34746329e+01 
 2.32453791e-01  1.56026683e+01  5.28478542e+01 
 2.37814113e-01  1.57274141e+01  5.22171981e+01 
 2.43298042e-01  1.58500432e+01  5.15829479e+01 
 2.48908429e-01  1.59705324e+01  5.09453958e+01 
 2.54648190e-01  1.60888603e+01  5.03048418e+01 
 2.60520309e-01  1.62050077e+01  4.96615933e+01 
 2.66527837e-01  1.63189574e+01  4.90159647e+01 
 2.72673897e-01  1.64306941e+01  4.83682761e+01 
 2.78961683e-01  1.65402048e+01  4.77188528e+01 
 2.85394464e-01  1.66474787e+01  4.70680247e+01 
 2.91975583e-01  1.67525074e+01  4.64161253e+01 
 2.98708461e-01  1.68552846e+01  4.57634907e+01 
 3.05596598e-01  1.69558064e+01  4.51104591e+01 
 3.12643573e-01  1.70540712e+01  4.44573695e+01 
 3.19853049e-01  1.71500797e+01  4.38045614e+01 
 3.27228774e-01  1.72438352e+01  4.31523732e+01 
 3.34774581e-01  1.73353430e+01  4.25011419e+01 
 3.42494392e-01  1.74246109e+01  4.18512019e+01 
 3.50392221e-01  1.75116490e+01  4.12028845e+01 
 3.58472171e-01  1.75964694e+01  4.05565166e+01 
 3.66738442e-01  1.76790866e+01  3.99124202e+01 
 3.75195331e-01  1.77595173e+01  3.92709116e+01 
 3.83847234e-01  1.78377799e+01  3.86323008e+01 
 3.92698648e-01  1.79138951e+01  3.79968903e+01 
 4.01754173e-01  1.79878855e+01  3.73649751e+01 
 4.11018515e-01  1.80597754e+01  3.67368415e+01 
 4.20496491e-01  1.81295908e+01  3.61127669e+01 
 4.30193027e-01  1.81973594e+01  3.54930192e+01 
 4.40113162e-01  1.82631105e+01  3.48778564e+01 
 4.50262052e-01  1.83268747e+01  3.42675258e+01 
 4.60644974e-01  1.83886840e+01  3.36622644e+01 
 4.71267322e-01  1.84485716e+01  3.30622977e+01 
 4.82134619e-01  1.85065718e+01  3.24678403e+01 
 4.93252513e-01  1.85627199e+01  3.18790950e+01 
 5.04626783e-01  1.86170521e+01  3.12962531e+01 
 5.16263340e-01  1.86696054e+01  3.07194941e+01 
 5.28168234e-01  1.87204175e+01  3.01489858e+01 
 5.40347650e-01  1.87695264e+01  2.95848842e+01 
 5.52807921e-01  1.88169710e+01  2.90273334e+01 
 5.65555523e-01  1.88627902e+01  2.84764661e+01 
 5.78597080e-01  1.89070234e+01  2.79324034e+01 
 5.91939372e-01  1.89497101e+01  2.73952547e+01 
 6.05589334e-01  1.89908899e+01  2.68651188e+01 
 6.19554061e-01  1.90306024e+01  2.63420830e+01 
 6.33840810e-01  1.90688871e+01  2.58262243e+01 
 6.48457008e-01  1.91057833e+01  2.53176090e+01 
 6.63410251e-01  1.91413303e+01  2.48162935e+01 
 6.78708313e-01  1.91755668e+01  2.43223242e+01 
 6.94359143e-01  1.92085314e+01  2.38357381e+01 
 7.10370877e-01  1.92402622e+01  2.33565630e+01 
 7.26751838e-01  1.92707968e+01  2.28848181e+01 
 7.43510539e-01  1.93001723e+01  2.24205140e+01 
 7.60655691e-01  1.93284253e+01  2.19636533e+01 
 7.78196206e-01  1.93555919e+01  2.15142309e+01 
 7.96141200e-01  1.93817073e+01  2.10722345e+01 
 8.14500001e-01  1.94068062e+01  2.06376448e+01 
 8.33282151e-01  1.94309227e+01  2.02104359e+01 
 8.52497412e-01  1.94540900e+01  1.97905758e+01 
 8.72155772e-01  1.94763408e+01  1.93780267e+01 
 8.92267449e-01  1.94977068e+01  1.89727452e+01 
 9.12842895e-01  1.95182192e+01  1.85746830e+01 
 9.33892805e-01  1.95379083e+01  1.81837868e+01 
 9.55428121e-01  1.95568035e+01  1.77999990e+01 
 9.77460036e-01  1.95749336e+01  1.74232580e+01 
 1.00000000e+00  1.95923266e+01  1.70534982e+01 
 1.02305973e+00  1.96090097e+01  1.66906507e+01 
 1.04665121e+00  1.96250093e+01  1.63346432e+01 
 1.07078670e+00  1.96403510e+01  1.59854008e+01 
 1.09547876e+00  1.96550597e+01  1.56428456e+01 
 1.12074020e+00  1.96691595e+01  1.53068976e+01 
 1.14658417e+00  1.96826738e+01  1.49774747e+01 
 1.17302409e+00  1.96956251e+01  1.46544926e+01 
 1.20007371e+00  1.97080353e+01  1.43378656e+01 
 1.22774708e+00  1.97199256e+01  1.40275066e+01 
 1.25605860e+00  1.97313164e+01  1.37233269e+01 
 1.28502297e+00  1.97422275e+01  1.34252372e+01 
 1.31465525e+00  1.97526779e+01  1.31331471e+01 
 1.34497085e+00  1.97626861e+01  1.28469653e+01 
 1.37598551e+00  1.97722697e+01  1.25666004e+01 
 1.40771537e+00  1.97814461e+01  1.22919603e+01 
 1.44017690e+00  1.97902315e+01  1.20229526e+01 
 1.47338699e+00  1.97986420e+01  1.17594851e+01 
 1.50736290e+00  1.98066929e+01  1.15014654e+01 
 1.54212228e+00  1.98143989e+01  1.12488011e+01 
 1.57768320e+00  1.98217742e+01  1.10014002e+01 
 1.61406415e+00  1.98288325e+01  1.07591712e+01 
 1.65128404e+00  1.98355870e+01  1.05220226e+01 
 1.68936220e+00  1.98420502e+01  1.02898638e+01 
 1.72831844e+00  1.98482343e+01  1.00626044e+01 
 1.76817299e+00  1.98541511e+01  9.84015512e+00 
 1.80894658e+00  1.98598116e+01  9.62242701e+00 
 1.85066040e+00  1.98652268e+01  9.40933208e+00 
 1.89333613e+00  1.98704069e+01  9.20078313e+00 
 1.93699595e+00  1.98753619e+01  8.99669386e+00 
 1.98166255e+00  1.98801013e+01  8.79697891e+00 
 2.02735916e+00  1.98846343e+01  8.60155386e+00 
 2.07410951e+00  1.98889697e+01  8.41033532e+00 
 2.12193792e+00  1.98931159e+01  8.22324093e+00 
 2.17086923e+00  1.98970810e+01  8.04018939e+00 
 2.22092889e+00  1.99008728e+01  7.86110049e+00 
 2.27214291e+00  1.99044986e+01  7.68589513e+00 
 2.32453791e+00  1.99079657e+01  7.51449535e+00 
 2.37814113e+00  1.99112808e+01  7.34682431e+00 
 2.43298042e+00  1.99144506e+01  7.18280634e+00 
 2.48908429e+00  1.99174812e+01  7.02236693e+00 
 2.54648190e+00  1.99203787e+01  6.86543275e+00 
 2.60520309e+00  1.99231488e+01  6.71193162e+00 
 2.66527837e+00  1.99257972e+01  6.56179258e+00 
 2.72673897e+00  1.99283290e+01  6.41494582e+00 
 2.78961683e+00  1.99307493e+01  6.27132271e+00 
 2.85394464e+00  1.99330631e+01  6.13085582e+00 
 2.91975583e+00  1.99352748e+01  5.99347888e+00 
 2.98708461e+00  1.99373890e+01  5.85912679e+00 
 3.05596598e+00  1.99394100e+01  5.72773562e+00 
 3.12643573e+00  1.99413417e+01  5.59924259e+00 
 3.19853049e+00  1.99431882e+01  5.47358608e+00 
 3.27228774e+00  1.99449531e+01  5.35070560e+00 
 3.34774581e+00  1.99466400e+01  5.23054179e+00 
 3.42494392e+00  1.99482523e+01  5.11303641e+00 
 3.50392221e+00  1.99497933e+01  4.99813234e+00 
 3.58472171e+00  1.99512661e+01  4.88577353e+00 
 3.66738442e+00  1.99526738e+01  4.77590503e+00 
 3.75195331e+00  1.99540191e+01  4.66847295e+00 
 3.83847234e+00  1.99553049e+01  4.56342448e+00 
 3.92698648e+00  1.99565337e+01  4.46070782e+00 
 4.01754173e+00  1.99577080e+01  4.36027221e+00 
 4.11018515e+00  1.99588304e+01  4.26206792e+00 
 4.20496491e+00  1.99599029e+01  4.16604620e+00 
 4.30193027e+00  1.99609279e+01  4.07215929e+00 
 4.40113162e+00  1.99619075e+01  3.98036040e+00 
 4.50262052e+00  1.99628436e+01  3.89060369e+00 
 4.60644974e+00  1.99637381e+01  3.80284426e+00 
 4.71267322e+00  1.99645930e+01  3.71703814e+00 
 4.82134619e+00  1.99654099e+01  3.63314225e+00 
 4.93252513e+00  1.99661906e+01  3.55111443e+00 
 5.04626783e+00  1.99669365e+01  3.47091338e+00 
 5.16263340e+00  1.99676494e+01  3.39249865e+00 
 5.28168234e+00  1.99683306e+01  3.31583066e+00 
 5.40347650e+00  1.99689815e+01  3.24087065e+00 
 5.52807921e+00  1.99696035e+01  3.16758068e+00 
 5.65555523e+00  1.99701979e+01  3.09592361e+00 
 5.78597080e+00  1.99707658e+01  3.02586308e+00 
 5.91939372e+00  1.99713085e+01  2.95736350e+00 
 6.05589334e+00  1.99718271e+01  2.89039005e+00 
 6.19554061e+00  1.99723226e+01  2.82490865e+00 
 6.33840810e+00  1.99727961e+01  2.76088593e+00 
 6.48457008e+00  1.99732485e+01  2.69828926e+00 
 6.63410251e+00  1.99736808e+01  2.63708669e+00 
 6.78708313e+00  1.99740939e+01  2.57724695e+00 
 6.94359143e+00  1.99744886e+01  2.51873947e+00 
 7.10370877e+00  1.99748657e+01  2.46153432e+00 
 7.26751838e+00  1.99752261e+01  2.40560221e+00 
 7.43510539e+00  1.99755704e+01  2.35091449e+00 
 7.60655691e+00  1.99758995e+01  2.29744314e+00 
 7.78196206e+00  1.99762138e+01  2.24516072e+00 
 7.96141200e+00  1.99765142e+01  2.19404040e+00 
 8.14500001e+00  1.99768012e+01  2.14405593e+00 
 8.33282151e+00  1.99770754e+01  2.09518164e+00 
 8.52497412e+00  1.99773375e+01  2.04739239e+00 
 8.72155772e+00  1.99775878e+01  2.00066362e+00 
 8.92267449e+00  1.99778270e+01  1.95497127e+00 
 9.12842895e+00  1.99780556e+01  1.91029182e+00 
 9.33892805e+00  1.99782740e+01  1.86660227e+00 
 9.55428121e+00  1.99784827e+01  1.82388011e+00 
 9.77460036e+00  1.99786820e+01  1.78210331e+00 
 1.00000000e+01  1.99788725e+01  1.74125033e+00 
 1.02305973e+01  1.99790545e+01  1.70130010e+00 
 1.04665121e+01  1.99792284e+01  1.66223202e+00 
 1.07078670e+01  1.99793946e+01  1.62402590e+00 
 1.09547876e+01  1.99795534e+01  1.58666204e+00 
 1.12074020e+01  1.99797050e+01  1.55012112e+00 
 1.14658417e+01  1.99798500e+01  1.51438428e+00 
 1.17302409e+01  1.99799885e+01  1.47943304e+00 
 1.20007371e+01  1.99801208e+01  1.44524934e+00 
 1.22774708e+01  1.99802472e+01  1.41181550e+00 
 1.25605860e+01  1.99803680e+01  1.37911424e+00 
 1.28502297e+01  1.99804834e+01  1.34712864e+00 
 1.31465525e+01  1.99805936e+01  1.31584215e+00 
 1.34497085e+01  1.99806990e+01  1.28523858e+00 
 1.37598551e+01  1.99807996e+01  1.25530209e+00 
 1.40771537e+01  1.99808958e+01  1.22601719e+00 
 1.44017690e+01  1.99809877e+01  1.19736870e+00 
 1.47338699e+01  1.99810755e+01  1.16934180e+00 
 1.50736290e+01  1.99811593e+01  1.14192197e+00 
 1.54212228e+01  1.99812395e+01  1.11509499e+00 
 1.57768320e+01  1.99813160e+01  1.08884698e+00 
 1.61406415e+01  1.99813892e+01  1.06316434e+00 
 1.65128404e+01  1.99814591e+01  1.03803374e+00 
 1.68936220e+01  1.99815259e+01  1.01344217e+00 
 1.72831844e+01  1.99815897e+01  9.89376872e-01 
 1.76817299e+01  1.99816506e+01  9.65825377e-01 
 1.80894658e+01  1.99817089e+01  9.42775469e-01 
 1.85066040e+01  1.99817645e+01  9.20215196e-01 
 1.89333613e+01  1.99818177e+01  8.98132858e-01 
 1.93699595e+01  1.99818685e+01  8.76517001e-01 
 1.98166255e+01  1.99819170e+01  8.55356411e-01 
 2.02735916e+01  1.99819634e+01  8.34640111e-01 
 2.07410951e+01  1.99820077e+01  8.14357353e-01 
 2.12193792e+01  1.99820500e+01  7.94497614e-01 
 2.17086923e+01  1.99820905e+01  7.75050586e-01 
 2.22092889e+01  1.99821291e+01  7.56006179e-01 
 2.27214291e+01  1.99821660e+01  7.37354509e-01 
 2.32453791e+01  1.99822013e+01  7.19085895e-01 
 2.37814113e+01  1.99822350e+01  7.01190854e-01 
 2.43298042e+01  1.99822671e+01  6.83660097e-01 
 2.48908429e+01  1.99822979e+01  6.66484524e-01 
 2.54648190e+01  1.99823273e+01  6.49655218e-01 
 2.60520309e+01  1.99823553e+01  6.33163442e-01 
 2.66527837e+01  1.99823822e+01  6.17000632e-01 
 2.72673897e+01  1.99824078e+01  6.01158397e-01 
 2.78961683e+01  1.99824322e+01  5.85628510e-01 
 2.85394464e+01  1.99824556e+01  5.70402907e-01 
 2.91975583e+01  1.99824780e+01  5.55473681e-01 
 2.98708461e+01  1.99824993e+01  5.40833080e-01 
 3.05596598e+01  1.99825197e+01  5.26473498e-01 
 3.12643573e+01  1.99825391e+01  5.12387479e-01 
 3.19853049e+01  1.99825577e+01  4.98567706e-01 
 3.27228774e+01  1.99825755e+01  4.85007001e-01 
 3.34774581e+01  1.99825925e+01  4.71698321e-01 
 3.42494392e+01  1.99826087e+01  4.58634752e-01 
 3.50392221e+01  1.99826242e+01  4.45809509e-01 
 3.58472171e+01  1.99826390e+01  4.33215929e-01 
 3.66738442e+01  1.99826531e+01  4.20847469e-01 
 3.75195331e+01  1.99826666e+01  4.08697706e-01 
 3.83847234e+01  1.99826795e+01  3.96760325e-01 
 3.92698648e+01  1.99826918e+01  3.85029127e-01 
 4.01754173e+01  1.99827036e+01  3.73498016e-01 
 4.11018515e+01  1.99827148e+01  3.62161000e-01 
 4.20496491e+01  1.99827255e+01  3.51012191e-01 
 4.30193027e+01  1.99827358e+01  3.40045794e-01 
 4.40113162e+01  1.99827455e+01  3.29256113e-01 
 4.50262052e+01  1.99827549e+01  3.18637541e-01 
 4.60644974e+01  1.99827638e+01  3.08184561e-01 
 4.71267322e+01  1.99827723e+01  2.97891741e-01 
 4.82134619e+01  1.99827804e+01  2.87753733e-01 
 4.93252513e+01  1.99827882e+01  2.77765270e-01 
 5.04626783e+01  1.99827956e+01  2.67921159e-01 
 5.16263340e+01  1.99828026e+01  2.58216288e-01 
 5.28168234e+01  1.99828094e+01  2.48645611e-01 
 5.40347650e+01  1.99828158e+01  2.39204157e-01 
 5.52807921e+01  1.99828219e+01  2.29887018e-01 
 5.65555523e+01  1.99828278e+01  2.20689353e-01 
 5.78597080e+01  1.99828333e+01  2.11606382e-01 
 5.91939372e+01  1.99828387e+01  2.02633385e-01 
 6.05589334e+01  1.99828437e+01  1.93765699e-01 
 6.19554061e+01  1.99828486e+01  1.84998716e-01 
 6.33840810e+01  1.99828532e+01  1.76327879e-01 
 6.48457008e+01  1.99828576e+01  1.67748682e-01 
 6.63410251e+01  1.99828617e+01  1.59256667e-01 
 6.78708313e+01  1.99828657e+01  1.50847421e-01 
 6.94359143e+01  1.99828695e+01  1.42516572e-01 
 7.10370877e+01  1.99828731e+01  1.34259792e-01 
 7.26751838e+01  1.99828765e+01  1.26072790e-01 
 7.43510539e+01  1.99828798e+01  1.17951310e-01 
 7.60655691e+01  1.99828829e+01  1.09891131e-01 
 7.78196206e+01  1.99828858e+01  1.01888066e-01 
 7.96141200e+01  1.99828886e+01  9.39379535e-02 
 8.14500001e+01  1.99828913e+01  8.60366626e-02 
 8.33282151e+01  1.99828938e+01  7.81800867e-02 
 8.52497412e+01  1.99828961e+01  7.03641424e-02 
 8.72155772e+01  1.99828984e+01  6.25847677e-02 
 8.92267449e+01  1.99829005e+01  5.48379192e-02 
 9.12842895e+01  1.99829025e+01  4.71195708e-02 
 9.33892805e+01  1.99829044e+01  3.94257110e-02 
 9.55428121e+01  1.99829061e+01  3.17523409e-02 
 9.77460036e+01  1.99829078e+01  2.40954725e-02 
 1.00000000e+02  1.99829094e+01  1.64511261e-02 
 1.02305973e+02  1.99829108e+01  8.81532874e-03 
 1.04665121e+02  1.99829122e+01  1.18411177e-03 
 1.07078670e+02  1.99829134e+01 -6.44649107e-03 
 1.09547876e+02  1.99829146e+01 -1.40804458e-02 
 1.12074020e+02  1.99829157e+01 -2.17217199e-02 
 1.14658417e+02  1.99829167e+01 -2.93742851e-02 
 1.17302409e+02  1.99829176e+01 -3.70421187e-02 
 1.20007371e+02  1.99829184e+01 -4.47292060e-02 
 1.22774708e+02  1.99829192e+01 -5.24395424e-02 
 1.25605860e+02  1.99829198e+01 -6.01771352e-02 
 1.28502297e+02  1.99829204e+01 -6.79460060e-02 
 1.31465525e+02  1.99829209e+01 -7.57501927e-02 
 1.34497085e+02  1.99829213e+01 -8.35937514e-02 
 1.37598551e+02  1.99829217e+01 -9.14807588e-02 
 1.40771537e+02  1.99829219e+01 -9.94153142e-02 
 1.44017690e+02  1.99829221e+01 -1.07401541e-01 
 1.47338699e+02  1.99829223e+01 -1.15443591e-01 
 1.50736290e+02  1.99829223e+01 -1.23545644e-01 
 1.54212228e+02  1.99829223e+01 -1.31711909e-01 
 1.57768320e+02  1.99829222e+01 -1.39946633e-01 
 1.61406415e+02  1.99829220e+01 -1.48254094e-01 
 1.65128404e+02  1.99829218e+01 -1.56638611e-01 
 1.68936220e+02  1.99829214e+01 -1.65104542e-01 
 1.72831844e+02  1.99829210e+01 -1.73656285e-01 
 1.76817299e+02  1.99829206e+01 -1.82298287e-01 
 1.80894658e+02  1.99829200e+01 -1.91035038e-01 
 1.85066040e+02  1.99829194e+01 -1.99871079e-01 
 1.89333613e+02  1.99829186e+01 -2.08811004e-01 
 1.93699595e+02  1.99829178e+01 -2.17859457e-01 
 1.98166255e+02  1.99829170e+01 -2.27021143e-01 
 2.02735916e+02  1.99829160e+01 -2.36300822e-01 
 2.07410951e+02  1.99829149e+01 -2.45703318e-01 
 2.12193792e+02  1.99829138e+01 -2.55233517e-01 
 2.17086923e+02  1.99829126e+01 -2.64896372e-01 
 2.22092889e+02  1.99829112e+01 -2.74696905e-01 
 2.27214291e+02  1.99829098e+01 -2.84640211e-01 
 2.32453791e+02  1.99829083e+01 -2.94731456e-01 
 2.37814113e+02  1.99829066e+01 -3.04975885e-01 
 2.43298042e+02  1.99829049e+01 -3.15378823e-01 
 2.48908429e+02  1.99829031e+01 -3.25945675e-01 
 2.54648190e+02  1.99829011e+01 -3.36681935e-01 
 2.60520309e+02  1.99828990e+01 -3.47593180e-01 
 2.66527837e+02  1.99828968e+01 -3.58685083e-01 
 2.72673897e+02  1.99828945e+01 -3.69963407e-01 
 2.78961683e+02  1.99828920e+01 -3.81434013e-01 
 2.85394464e+02  1.99828894e+01 -3.93102864e-01 
 2.91975583e+02  1.99828867e+01 -4.04976022e-01 
 2.98708461e+02  1.99828838e+01 -4.17059659e-01 
 3.05596598e+02  1.99828807e+01 -4.29360054e-01 
 3.12643573e+02  1.99828775e+01 -4.41883599e-01 
 3.19853049e+02  1.99828741e+01 -4.54636803e-01 
 3.27228774e+02  1.99828706e+01 -4.67626292e-01 
 3.34774581e+02  1.99828669e+01 -4.80858818e-01 
 3.42494392e+02  1.99828629e+01 -4.94341256e-01 
 3.50392221e+02  1.99828588e+01 -5.08080612e-01 
 3.58472171e+02  1.99828545e+01 -5.22084026e-01 
 3.66738442e+02  1.99828499e+01 -5.36358776e-01 
 3.75195331e+02  1.99828452e+01 -5.50912278e-01 
 3.83847234e+02  1.99828402e+01 -5.65752094e-01 
 3.92698648e+02  1.99828349e+01 -5.80885937e-01 
 4.01754173e+02  1.99828294e+01 -5.96321670e-01 
 4.11018515e+02  1.99828237e+01 -6.12067312e-01 
 4.20496491e+02  1.99828176e+01 -6.28131047e-01 
 4.30193027e+02  1.99828113e+01 -6.44521220e-01 
 4.40113162e+02  1.99828046e+01 -6.61246346e-01 
 4.50262052e+02  1.99827977e+01 -6.78315118e-01 
 4.60644974e+02  1.99827904e+01 -6.95736402e-01 
 4.71267322e+02  1.99827827e+01 -7.13519248e-01 
 4.82134619e+02  1.99827747e+01 -7.31672898e-01 
 4.93252513e+02  1.99827663e+01 -7.50206783e-01 
 5.04626783e+02  1.99827575e+01 -7.69130530e-01 
 5.16263340e+02  1.99827483e+01 -7.88453971e-01 
 5.28168234e+02  1.99827387e+01 -8.08187144e-01 
 5.40347650e+02  1.99827286e+01 -8.28340300e-01 
 5.52807921e+02  1.99827180e+01 -8.48923909e-01 
 5.65555523e+02  1.99827069e+01 -8.69948662e-01 
 5.78597080e+02  1.99826953e+01 -8.91425480e-01 
 5.91939372e+02  1.99826832e+01 -9.13365520e-01 
 6.05589334e+02  1.99826705e+01 -9.35780177e-01 
 6.19554061e+02  1.99826572e+01 -9.58681092e-01 
 6.33840810e+02  1.99826432e+01 -9.82080161e-01 
 6.48457008e+02  1.99826286e+01 -1.00598953e+00 
 6.63410251e+02  1.99826134e+01 -1.03042163e+00 
 6.78708313e+02  1.99825974e+01 -1.05538914e+00 
 6.94359143e+02  1.99825806e+01 -1.08090502e+00 
 7.10370877e+02  1.99825631e+01 -1.10698253e+00 
 7.26751838e+02  1.99825448e+01 -1.13363520e+00 
 7.43510539e+02  1.99825256e+01 -1.16087688e+00 
 7.60655691e+02  1.99825055e+01 -1.18872170e+00 
 7.78196206e+02  1.99824844e+01 -1.21718413e+00 
 7.96141200e+02  1.99824624e+01 -1.24627894e+00 
 8.14500001e+02  1.99824393e+01 -1.27602124e+00 
 8.33282151e+02  1.99824152e+01 -1.30642645e+00 
 8.52497412e+02  1.99823900e+01 -1.33751037e+00 
 8.72155772e+02  1.99823635e+01 -1.36928913e+00 
 8.92267449e+02  1.99823358e+01 -1.40177922e+00 
 9.12842895e+02  1.99823069e+01 -1.43499749e+00 
 9.33892805e+02  1.99822766e+01 -1.46896119e+00 
 9.55428121e+02  1.99822448e+01 -1.50368794e+00 
 9.77460036e+02  1.99822116e+01 -1.53919576e+00 
 1.00000000e+03  1.99821769e+01 -1.57550306e+00 
 1.02305973e+03  1.99821405e+01 -1.61262868e+00 
 1.04665121e+03  1.99821024e+01 -1.65059187e+00 
 1.07078670e+03  1.99820625e+01 -1.68941233e+00 
 1.09547876e+03  1.99820208e+01 -1.72911019e+00 
 1.12074020e+03  1.99819772e+01 -1.76970602e+00 
 1.14658417e+03  1.99819315e+01 -1.81122088e+00 
 1.17302409e+03  1.99818837e+01 -1.85367628e+00 
 1.20007371e+03  1.99818336e+01 -1.89709425e+00 
 1.22774708e+03  1.99817812e+01 -1.94149726e+00 
 1.25605860e+03  1.99817264e+01 -1.98690834e+00 
 1.28502297e+03  1.99816690e+01 -2.03335101e+00 
 1.31465525e+03  1.99816090e+01 -2.08084933e+00 
 1.34497085e+03  1.99815461e+01 -2.12942790e+00 
 1.37598551e+03  1.99814804e+01 -2.17911189e+00 
 1.40771537e+03  1.99814115e+01 -2.22992701e+00 
 1.44017690e+03  1.99813395e+01 -2.28189957e+00 
 1.47338699e+03  1.99812641e+01 -2.33505648e+00 
 1.50736290e+03  1.99811852e+01 -2.38942524e+00 
 1.54212228e+03  1.99811026e+01 -2.44503398e+00 
 1.57768320e+03  1.99810162e+01 -2.50191147e+00 
 1.61406415e+03  1.99809258e+01 -2.56008712e+00 
 1.65128404e+03  1.99808312e+01 -2.61959101e+00 
 1.68936220e+03  1.99807321e+01 -2.68045391e+00 
 1.72831844e+03  1.99806285e+01 -2.74270725e+00 
 1.76817299e+03  1.99805200e+01 -2.80638321e+00 
 1.80894658e+03  1.99804066e+01 -2.87151468e+00 
 1.85066040e+03  1.99802878e+01 -2.93813527e+00 
 1.89333613e+03  1.99801635e+01 -3.00627939e+00 
 1.93699595e+03  1.99800334e+01 -3.07598219e+00 
 1.98166255e+03  1.99798974e+01 -3.14727964e+00 
 2.02735916e+03  1.99797549e+01 -3.22020850e+00 
 2.07410951e+03  1.99796059e+01 -3.29480634e+00 
 2.12193792e+03  1.99794500e+01 -3.37111164e+00 
 2.17086923e+03  1.99792868e+01 -3.44916367e+00 
 2.22092889e+03  1.99791161e+01 -3.52900262e+00 
 2.27214291e+03  1.99789374e+01 -3.61066959e+00 
 2.32453791e+03  1.99787505e+01 -3.69420657e+00 
 2.37814113e+03  1.99785549e+01 -3.77965653e+00 
 2.43298042e+03  1.99783503e+01 -3.86706336e+00 
 2.48908429e+03  1.99781361e+01 -3.95647196e+00 
 2.54648190e+03  1.99779121e+01 -4.04792823e+00 
 2.60520309e+03  1.99776777e+01 -4.14147908e+00 
 2.66527837e+03  1.99774324e+01 -4.23717247e+00 
 2.72673897e+03  1.99771759e+01 -4.33505745e+00 
 2.78961683e+03  1.99769074e+01 -4.43518413e+00 
 2.85394464e+03  1.99766266e+01 -4.53760374e+00 
 2.91975583e+03  1.99763328e+01 -4.64236865e+00 
 2.98708461e+03  1.99760254e+01 -4.74953238e+00 
 3.05596598e+03  1.99757039e+01 -4.85914966e+00 
 3.12643573e+03  1.99753675e+01 -4.97127639e+00 
 3.19853049e+03  1.99750157e+01 -5.08596971e+00 
 3.27228774e+03  1.99746476e+01 -5.20328803e+00 
 3.34774581e+03  1.99742626e+01 -5.32329104e+00 
 3.42494392e+03  1.99738599e+01 -5.44603970e+00 
 3.50392221e+03  1.99734387e+01 -5.57159635e+00 
 3.58472171e+03  1.99729981e+01 -5.70002464e+00 
 3.66738442e+03  1.99725374e+01 -5.83138964e+00 
 3.75195331e+03  1.99720555e+01 -5.96575782e+00 
 3.83847234e+03  1.99715515e+01 -6.10319706e+00 
 3.92698648e+03  1.99710245e+01 -6.24377673e+00 
 4.01754173e+03  1.99704733e+01 -6.38756767e+00 
 4.11018515e+03  1.99698970e+01 -6.53464225e+00 
 4.20496491e+03  1.99692944e+01 -6.68507440e+00 
 4.30193027e+03  1.99686643e+01 -6.83893956e+00 
 4.40113162e+03  1.99680054e+01 -6.99631484e+00 
 4.50262052e+03  1.99673167e+01 -7.15727891e+00 
 4.60644974e+03  1.99665966e+01 -7.32191214e+00 
 4.71267322e+03  1.99658438e+01 -7.49029656e+00 
 4.82134619e+03  1.99650569e+01 -7.66251593e+00 
 4.93252513e+03  1.99642344e+01 -7.83865570e+00 
 5.04626783e+03  1.99633747e+01 -8.01880314e+00 
 5.16263340e+03  1.99624762e+01 -8.20304723e+00 
 5.28168234e+03  1.99615372e+01 -8.39147886e+00 
 5.40347650e+03  1.99605559e+01 -8.58419072e+00 
 5.52807921e+03  1.99595306e+01 -8.78127733e+00 
 5.65555523e+03  1.99584594e+01 -8.98283518e+00 
 5.78597080e+03  1.99573402e+01 -9.18896262e+00 
 5.91939372e+03  1.99561710e+01 -9.39975997e+00 
 6.05589334e+03  1.99549497e+01 -9.61532953e+00 
 6.19554061e+03  1.99536741e+01 -9.83577560e+00 
 6.33840810e+03  1.99523420e+01 -1.00612044e+01 
 6.48457008e+03  1.99509509e+01 -1.02917244e+01 
 6.63410251e+03  1.99494984e+01 -1.05274459e+01 
 6.78708313e+03  1.99479819e+01 -1.07684814e+01 
 6.94359143e+03  1.99463989e+01 -1.10149456e+01 
 7.10370877e+03  1.99447466e+01 -1.12669550e+01 
 7.26751838e+03  1.99430223e+01 -1.15246286e+01 
 7.43510539e+03  1.99412229e+01 -1.17880873e+01 
 7.60655691e+03  1.99393456e+01 -1.20574543e+01 
 7.78196206e+03  1.99373872e+01 -1.23328549e+01 
 7.96141200e+03  1.99353445e+01 -1.26144168e+01 
 8.14500001e+03  1.99332144e+01 -1.29022696e+01 
 8.33282151e+03  1.99309934e+01 -1.31965453e+01 
 8.52497412e+03  1.99286780e+01 -1.34973780e+01 
 8.72155772e+03  1.99262648e+01 -1.38049043e+01 
 8.92267449e+03  1.99237500e+01 -1.41192627e+01 
 9.12842895e+03  1.99211301e+01 -1.44405941e+01 
 9.33892805e+03  1.99184010e+01 -1.47690416e+01 
 9.55428121e+03  1.99155591e+01 -1.51047507e+01 
 9.77460036e+03  1.99126003e+01 -1.54478688e+01 
 1.00000000e+04  1.99095206e+01 -1.57985458e+01 
 1.02305973e+04  1.99063158e+01 -1.61569338e+01 
 1.04665121e+04  1.99029820e+01 -1.65231870e+01 
 1.07078670e+04  1.98995148e+01 -1.68974619e+01 
 1.09547876e+04  1.98959101e+01 -1.72799172e+01 
 1.12074020e+04  1.98921637e+01 -1.76707138e+01 
 1.14658417e+04  1.98882711e+01 -1.80700148e+01 
 1.17302409e+04  1.98842284e+01 -1.84779856e+01 
 1.20007371e+04  1.98800311e+01 -1.88947933e+01 
 1.22774708e+04  1.98756752e+01 -1.93206079e+01 
 1.25605860e+04  1.98711564e+01 -1.97556010e+01 
 1.28502297e+04  1.98664708e+01 -2.01999467e+01 
 1.31465525e+04  1.98616145e+01 -2.06538210e+01 
 1.34497085e+04  1.98565836e+01 -2.11174024e+01 
 1.37598551e+04  1.98513746e+01 -2.15908713e+01 
 1.40771537e+04  1.98459840e+01 -2.20744107e+01 
 1.44017690e+04  1.98404087e+01 -2.25682055e+01 
 1.47338699e+04  1.98346457e+01 -2.30724431e+01 
 1.50736290e+04  1.98286927e+01 -2.35873132e+01 
 1.54212228e+04  1.98225472e+01 -2.41130081e+01 
 1.57768320e+04  1.98162077e+01 -2.46497224e+01 
 1.61406415e+04  1.98096728e+01 -2.51976537e+01 
 1.65128404e+04  1.98029418e+01 -2.57570020e+01 
 1.68936220e+04  1.97960147e+01 -2.63279706e+01 
 1.72831844e+04  1.97888919e+01 -2.69107658e+01 
 1.76817299e+04  1.97815748e+01 -2.75055973e+01 
 1.80894658e+04  1.97740657e+01 -2.81126786e+01 
 1.85066040e+04  1.97663675e+01 -2.87322274e+01 
 1.89333613e+04  1.97584845e+01 -2.93644653e+01 
 1.93699595e+04  1.97504218e+01 -3.00096193e+01 
 1.98166255e+04  1.97421859e+01 -3.06679212e+01 
 2.02735916e+04  1.97337846e+01 -3.13396092e+01 
 2.07410951e+04  1.97252270e+01 -3.20249282e+01 
 2.12193792e+04  1.97165240e+01 -3.27241299e+01 
 2.17086923e+04  1.97076879e+01 -3.34374748e+01 
 2.22092889e+04  1.96987330e+01 -3.41652323e+01 
 2.27214291e+04  1.96896755e+01 -3.49076826e+01 
 2.32453791e+04  1.96805336e+01 -3.56651169e+01 
 2.37814113e+04  1.96713277e+01 -3.64378397e+01 
 2.43298042e+04  1.96620806e+01 -3.72261702e+01 
 2.48908429e+04  1.96528176e+01 -3.80304439e+01 
 2.54648190e+04  1.96435664e+01 -3.88510146e+01 
 2.60520309e+04  1.96343577e+01 -3.96882564e+01 
 2.66527837e+04  1.96252249e+01 -4.05425670e+01 
 2.72673897e+04  1.96162045e+01 -4.14143693e+01 
 2.78961683e+04  1.96073358e+01 -4.23041153e+01 
 2.85394464e+04  1.95986616e+01 -4.32122890e+01 
 2.91975583e+04  1.95902278e+01 -4.41394101e+01 
 2.98708461e+04  1.95820834e+01 -4.50860383e+01 
 3.05596598e+04  1.95742808e+01 -4.60527781e+01 
 3.12643573e+04  1.95668758e+01 -4.70402833e+01 
 3.19853049e+04  1.95599270e+01 -4.80492621e+01 
 3.27228774e+04  1.95534964e+01 -4.90804838e+01 
 3.34774581e+04  1.95476484e+01 -5.01347857e+01 
 3.42494392e+04  1.95424502e+01 -5.12130790e+01 
 3.50392221e+04  1.95379710e+01 -5.23163576e+01 
 3.58472171e+04  1.95342815e+01 -5.34457065e+01 
 3.66738442e+04  1.95314536e+01 -5.46023104e+01 
 3.75195331e+04  1.95295589e+01 -5.57874648e+01 
 3.83847234e+04  1.95286682e+01 -5.70025851e+01 
 3.92698648e+04  1.95288503e+01 -5.82492204e+01 
 4.01754173e+04  1.95301698e+01 -5.95290631e+01 
 4.11018515e+04  1.95326860e+01 -6.08439641e+01 
 4.20496491e+04  1.95364501e+01 -6.21959448e+01 
 4.30193027e+04  1.95415025e+01 -6.35872129e+01 
 4.40113162e+04  1.95478700e+01 -6.50201742e+01 
 4.50262052e+04  1.95555612e+01 -6.64974504e+01 
 4.60644974e+04  1.95645627e+01 -6.80218889e+01 
 4.71267322e+04  1.95748331e+01 -6.95965798e+01 
 4.82134619e+04  1.95862971e+01 -7.12248634e+01 
 4.93252513e+04  1.95988377e+01 -7.29103403e+01 
 5.04626783e+04  1.96122882e+01 -7.46568755e+01 
 5.16263340e+04  1.96264221e+01 -7.64685941e+01 
 5.28168234e+04  1.96409419e+01 -7.83498747e+01 
 5.40347650e+04  1.96554668e+01 -8.03053248e+01 
 5.52807921e+04  1.96695185e+01 -8.23397470e+01 
 5.65555523e+04  1.96825067e+01 -8.44580839e+01 
 5.78597080e+04  1.96937122e+01 -8.66653443e+01 
 5.91939372e+04  1.97022714e+01 -8.89664939e+01 
 6.05589334e+04  1.97071596e+01 -9.13663204e+01 
 6.19554061e+04  1.97071767e+01 -9.38692581e+01 
 6.33840810e+04  1.97009357e+01 -9.64791662e+01 
 6.48457008e+04  1.96868569e+01 -9.91990682e+01 
 6.63410251e+04  1.96631686e+01 -1.02030848e+02 
 6.78708313e+04  1.96279194e+01 -1.04974910e+02 
 6.94359143e+04  1.95790030e+01 -1.08029819e+02 
 7.10370877e+04  1.95141993e+01 -1.11191945e+02 
 7.26751838e+04  1.94312330e+01 -1.14455137e+02 
 7.43510539e+04  1.93278493e+01 -1.17810483e+02 
 7.60655691e+04  1.92019061e+01 -1.21246171e+02 
 7.78196206e+04  1.90514754e+01 -1.24747530e+02 
 7.96141200e+04  1.88749491e+01 -1.28297244e+02 
 8.14500001e+04  1.86711363e+01 -1.31875781e+02 
 8.33282151e+04  1.84393436e+01 -1.35462009e+02 
 8.52497412e+04  1.81794281e+01 -1.39033959e+02 
 8.72155772e+04  1.78918155e+01 -1.42569665e+02 
 8.92267449e+04  1.75774827e+01 -1.46048014e+02 
 9.12842895e+04  1.72379037e+01 -1.49449507e+02 
 9.33892805e+04  1.68749705e+01 -1.52756880e+02 
 9.55428121e+04  1.64908941e+01 -1.55955530e+02 
 9.77460036e+04  1.60880998e+01 -1.59033745e+02 
 1.00000000e+05  1.56691238e+01 -1.61982733e+02 
 1.02305973e+05  1.52365212e+01 -1.64796501e+02 
 1.04665121e+05  1.47927892e+01 -1.67471605e+02 
 1.07078670e+05  1.43403077e+01 -1.70006827e+02 
 1.09547876e+05  1.38812973e+01 -1.72402828e+02 
 1.12074020e+05  1.34177941e+01 -1.74661776e+02 
 1.14658417e+05  1.29516368e+01 -1.76787012e+02 
 1.17302409e+05  1.24844646e+01 -1.78782744e+02 
 1.20007371e+05  1.20177236e+01 -1.80653784e+02 
 1.22774708e+05  1.15526773e+01 -1.82405328e+02 
 1.25605860e+05  1.10904204e+01 -1.84042781e+02 
 1.28502297e+05  1.06318951e+01 -1.85571610e+02 
 1.31465525e+05  1.01779068e+01 -1.86997249e+02 
 1.34497085e+05  9.72914002e+00 -1.88325014e+02 
 1.37598551e+05  9.28617294e+00 -1.89560052e+02 
 1.40771537e+05  8.84949134e+00 -1.90707303e+02 
 1.44017690e+05  8.41950075e+00 -1.91771478e+02 
 1.47338699e+05  7.99653741e+00 -1.92757048e+02 
 1.50736290e+05  7.58087787e+00 -1.93668242e+02 
 1.54212228e+05  7.17274734e+00 -1.94509051e+02 
 1.57768320e+05  6.77232700e+00 -1.95283232e+02 
 1.61406415e+05  6.37976007e+00 -1.95994320e+02 
 1.65128404e+05  5.99515721e+00 -1.96645643e+02 
 1.68936220e+05  5.61860104e+00 -1.97240328e+02 
 1.72831844e+05  5.25014986e+00 -1.97781323e+02 
 1.76817299e+05  4.88984099e+00 -1.98271401e+02 
 1.80894658e+05  4.53769349e+00 -1.98713181e+02 
 1.85066040e+05  4.19371039e+00 -1.99109135e+02 
 1.89333613e+05  3.85788067e+00 -1.99461605e+02 
 1.93699595e+05  3.53018094e+00 -1.99772806e+02 
 1.98166255e+05  3.21057668e+00 -2.00044845e+02 
 2.02735916e+05  2.89902357e+00 -2.00279723e+02 
 2.07410951e+05  2.59546829e+00 -2.00479349e+02 
 2.12193792e+05  2.29984949e+00 -2.00645545e+02 
 2.17086923e+05  2.01209838e+00 -2.00780052e+02 
 2.22092889e+05  1.73213947e+00 -2.00884537e+02 
 2.27214291e+05  1.45989091e+00 -2.00960602e+02 
 2.32453791e+05  1.19526514e+00 -2.01009782e+02 
 2.37814113e+05  9.38169168e-01 -2.01033555e+02 
 2.43298042e+05  6.88504988e-01 -2.01033343e+02 
 2.48908429e+05  4.46169903e-01 -2.01010517e+02 
 2.54648190e+05  2.11056851e-01 -2.00966396e+02 
 2.60520309e+05 -1.69453370e-02 -2.00902256e+02 
 2.66527837e+05 -2.37951603e-01 -2.00819324e+02 
 2.72673897e+05 -4.52080426e-01 -2.00718786e+02 
 2.78961683e+05 -6.59453548e-01 -2.00601787e+02 
 2.85394464e+05 -8.60195674e-01 -2.00469429e+02 
 2.91975583e+05 -1.05443425e+00 -2.00322776e+02 
 2.98708461e+05 -1.24229916e+00 -2.00162854e+02 
 3.05596598e+05 -1.42392247e+00 -1.99990650e+02 
 3.12643573e+05 -1.59943816e+00 -1.99807113e+02 
 3.19853049e+05 -1.76898186e+00 -1.99613156e+02 
 3.27228774e+05 -1.93269056e+00 -1.99409657e+02 
 3.34774581e+05 -2.09070235e+00 -1.99197456e+02 
 3.42494392e+05 -2.24315616e+00 -1.98977358e+02 
 3.50392221e+05 -2.39019145e+00 -1.98750135e+02 
 3.58472171e+05 -2.53194803e+00 -1.98516521e+02 
 3.66738442e+05 -2.66856571e+00 -1.98277220e+02 
 3.75195331e+05 -2.80018410e+00 -1.98032901e+02 
 3.83847234e+05 -2.92694237e+00 -1.97784197e+02 
 3.92698648e+05 -3.04897898e+00 -1.97531713e+02 
 4.01754173e+05 -3.16643148e+00 -1.97276021e+02 
 4.11018515e+05 -3.27943628e+00 -1.97017660e+02 
 4.20496491e+05 -3.38812846e+00 -1.96757142e+02 
 4.30193027e+05 -3.49264157e+00 -1.96494946e+02 
 4.40113162e+05 -3.59310744e+00 -1.96231525e+02 
 4.50262052e+05 -3.68965603e+00 -1.95967302e+02 
 4.60644974e+05 -3.78241529e+00 -1.95702674e+02 
 4.71267322e+05 -3.87151096e+00 -1.95438014e+02 
 4.82134619e+05 -3.95706652e+00 -1.95173664e+02 
 4.93252513e+05 -4.03920304e+00 -1.94909948e+02 
 5.04626783e+05 -4.11803907e+00 -1.94647164e+02 
 5.16263340e+05 -4.19369060e+00 -1.94385586e+02 
 5.28168234e+05 -4.26627093e+00 -1.94125470e+02 
 5.40347650e+05 -4.33589067e+00 -1.93867049e+02 
 5.52807921e+05 -4.40265763e+00 -1.93610537e+02 
 5.65555523e+05 -4.46667685e+00 -1.93356131e+02 
 5.78597080e+05 -4.52805052e+00 -1.93104010e+02 
 5.91939372e+05 -4.58687799e+00 -1.92854335e+02 
 6.05589334e+05 -4.64325577e+00 -1.92607252e+02 
 6.19554061e+05 -4.69727751e+00 -1.92362892e+02 
 6.33840810e+05 -4.74903402e+00 -1.92121374e+02 
 6.48457008e+05 -4.79861330e+00 -1.91882800e+02 
 6.63410251e+05 -4.84610056e+00 -1.91647264e+02 
 6.78708313e+05 -4.89157825e+00 -1.91414845e+02 
 6.94359143e+05 -4.93512606e+00 -1.91185613e+02 
 7.10370877e+05 -4.97682105e+00 -1.90959627e+02 
 7.26751838e+05 -5.01673759e+00 -1.90736937e+02 
 7.43510539e+05 -5.05494749e+00 -1.90517584e+02 
 7.60655691e+05 -5.09152002e+00 -1.90301602e+02 
 7.78196206e+05 -5.12652194e+00 -1.90089015e+02 
 7.96141200e+05 -5.16001763e+00 -1.89879843e+02 
 8.14500001e+05 -5.19206906e+00 -1.89674096e+02 
 8.33282151e+05 -5.22273592e+00 -1.89471782e+02 
 8.52497412e+05 -5.25207565e+00 -1.89272901e+02 
 8.72155772e+05 -5.28014350e+00 -1.89077448e+02 
 8.92267449e+05 -5.30699261e+00 -1.88885413e+02 
 9.12842895e+05 -5.33267407e+00 -1.88696784e+02 
 9.33892805e+05 -5.35723697e+00 -1.88511544e+02 
 9.55428121e+05 -5.38072845e+00 -1.88329671e+02 
 9.77460036e+05 -5.40319382e+00 -1.88151141e+02 
 1.00000000e+06 -5.42467654e+00 -1.87975929e+02 
 1.02305973e+06 -5.44521836e+00 -1.87804003e+02 
 1.04665121e+06 -5.46485933e+00 -1.87635332e+02 
 1.07078670e+06 -5.48363787e+00 -1.87469883e+02 
 1.09547876e+06 -5.50159082e+00 -1.87307620e+02 
 1.12074020e+06 -5.51875352e+00 -1.87148505e+02 
 1.14658417e+06 -5.53515984e+00 -1.86992499e+02 
 1.17302409e+06 -5.55084226e+00 -1.86839563e+02 
 1.20007371e+06 -5.56583190e+00 -1.86689655e+02 
 1.22774708e+06 -5.58015856e+00 -1.86542732e+02 
 1.25605860e+06 -5.59385081e+00 -1.86398753e+02 
 1.28502297e+06 -5.60693600e+00 -1.86257673e+02 
 1.31465525e+06 -5.61944034e+00 -1.86119448e+02 
 1.34497085e+06 -5.63138891e+00 -1.85984034e+02 
 1.37598551e+06 -5.64280572e+00 -1.85851386e+02 
 1.40771537e+06 -5.65371377e+00 -1.85721459e+02 
 1.44017690e+06 -5.66413507e+00 -1.85594207e+02 
 1.47338699e+06 -5.67409067e+00 -1.85469586e+02 
 1.50736290e+06 -5.68360072e+00 -1.85347551e+02 
 1.54212228e+06 -5.69268451e+00 -1.85228056e+02 
 1.57768320e+06 -5.70136048e+00 -1.85111056e+02 
 1.61406415e+06 -5.70964628e+00 -1.84996508e+02 
 1.65128404e+06 -5.71755879e+00 -1.84884366e+02 
 1.68936220e+06 -5.72511416e+00 -1.84774587e+02 
 1.72831844e+06 -5.73232782e+00 -1.84667126e+02 
 1.76817299e+06 -5.73921455e+00 -1.84561942e+02 
 1.80894658e+06 -5.74578846e+00 -1.84458991e+02 
 1.85066040e+06 -5.75206305e+00 -1.84358230e+02 
 1.89333613e+06 -5.75805125e+00 -1.84259619e+02 
 1.93699595e+06 -5.76376539e+00 -1.84163116e+02 
 1.98166255e+06 -5.76921728e+00 -1.84068680e+02 
 2.02735916e+06 -5.77441820e+00 -1.83976272e+02 
 2.07410951e+06 -5.77937896e+00 -1.83885852e+02 
 2.12193792e+06 -5.78410986e+00 -1.83797380e+02 
 2.17086923e+06 -5.78862079e+00 -1.83710820e+02 
 2.22092889e+06 -5.79292117e+00 -1.83626133e+02 
 2.27214291e+06 -5.79702004e+00 -1.83543282e+02 
 2.32453791e+06 -5.80092603e+00 -1.83462232e+02 
 2.37814113e+06 -5.80464739e+00 -1.83382946e+02 
 2.43298042e+06 -5.80819205e+00 -1.83305390e+02 
 2.48908429e+06 -5.81156754e+00 -1.83229530e+02 
 2.54648190e+06 -5.81478112e+00 -1.83155331e+02 
 2.60520309e+06 -5.81783972e+00 -1.83082761e+02 
 2.66527837e+06 -5.82074997e+00 -1.83011787e+02 
 2.72673897e+06 -5.82351823e+00 -1.82942378e+02 
 2.78961683e+06 -5.82615059e+00 -1.82874503e+02 
 2.85394464e+06 -5.82865289e+00 -1.82808131e+02 
 2.91975583e+06 -5.83103073e+00 -1.82743232e+02 
 2.98708461e+06 -5.83328947e+00 -1.82679778e+02 
 3.05596598e+06 -5.83543426e+00 -1.82617739e+02 
 3.12643573e+06 -5.83747006e+00 -1.82557088e+02 
 3.19853049e+06 -5.83940161e+00 -1.82497797e+02 
 3.27228774e+06 -5.84123347e+00 -1.82439840e+02 
 3.34774581e+06 -5.84297002e+00 -1.82383189e+02 
 3.42494392e+06 -5.84461549e+00 -1.82327818e+02 
 3.50392221e+06 -5.84617393e+00 -1.82273704e+02 
 3.58472171e+06 -5.84764923e+00 -1.82220820e+02 
 3.66738442e+06 -5.84904516e+00 -1.82169142e+02 
 3.75195331e+06 -5.85036534e+00 -1.82118647e+02 
 3.83847234e+06 -5.85161324e+00 -1.82069310e+02 
 3.92698648e+06 -5.85279223e+00 -1.82021109e+02 
 4.01754173e+06 -5.85390554e+00 -1.81974021e+02 
 4.11018515e+06 -5.85495629e+00 -1.81928023e+02 
 4.20496491e+06 -5.85594749e+00 -1.81883094e+02 
 4.30193027e+06 -5.85688204e+00 -1.81839212e+02 
 4.40113162e+06 -5.85776274e+00 -1.81796355e+02 
 4.50262052e+06 -5.85859228e+00 -1.81754503e+02 
 4.60644974e+06 -5.85937326e+00 -1.81713636e+02 
 4.71267322e+06 -5.86010818e+00 -1.81673731e+02 
 4.82134619e+06 -5.86079947e+00 -1.81634771e+02 
 4.93252513e+06 -5.86144944e+00 -1.81596734e+02 
 5.04626783e+06 -5.86206033e+00 -1.81559602e+02 
 5.16263340e+06 -5.86263430e+00 -1.81523354e+02 
 5.28168234e+06 -5.86317342e+00 -1.81487973e+02 
 5.40347650e+06 -5.86367968e+00 -1.81453439e+02 
 5.52807921e+06 -5.86415500e+00 -1.81419734e+02 
 5.65555523e+06 -5.86460120e+00 -1.81386839e+02 
 5.78597080e+06 -5.86502004e+00 -1.81354737e+02 
 5.91939372e+06 -5.86541323e+00 -1.81323409e+02 
 6.05589334e+06 -5.86578235e+00 -1.81292839e+02 
 6.19554061e+06 -5.86612896e+00 -1.81263008e+02 
 6.33840810e+06 -5.86645453e+00 -1.81233900e+02 
 6.48457008e+06 -5.86676045e+00 -1.81205498e+02 
 6.63410251e+06 -5.86704807e+00 -1.81177785e+02 
 6.78708313e+06 -5.86731865e+00 -1.81150746e+02 
 6.94359143e+06 -5.86757341e+00 -1.81124363e+02 
 7.10370877e+06 -5.86781347e+00 -1.81098621e+02 
 7.26751838e+06 -5.86803993e+00 -1.81073504e+02 
 7.43510539e+06 -5.86825380e+00 -1.81048997e+02 
 7.60655691e+06 -5.86845605e+00 -1.81025085e+02 
 7.78196206e+06 -5.86864759e+00 -1.81001753e+02 
 7.96141200e+06 -5.86882927e+00 -1.80978986e+02 
 8.14500001e+06 -5.86900190e+00 -1.80956771e+02 
 8.33282151e+06 -5.86916621e+00 -1.80935092e+02 
 8.52497412e+06 -5.86932291e+00 -1.80913937e+02 
 8.72155772e+06 -5.86947265e+00 -1.80893291e+02 
 8.92267449e+06 -5.86961603e+00 -1.80873141e+02 
 9.12842895e+06 -5.86975363e+00 -1.80853476e+02 
 9.33892805e+06 -5.86988594e+00 -1.80834280e+02 
 9.55428121e+06 -5.87001346e+00 -1.80815544e+02 
 9.77460036e+06 -5.87013663e+00 -1.80797253e+02 
 1.00000000e+07 -5.87025584e+00 -1.80779397e+02 
 1.02305973e+07 -5.87037145e+00 -1.80761964e+02 
 1.04665121e+07 -5.87048382e+00 -1.80744942e+02 
 1.07078670e+07 -5.87059322e+00 -1.80728320e+02 
 1.09547876e+07 -5.87069994e+00 -1.80712089e+02 
 1.12074020e+07 -5.87080421e+00 -1.80696236e+02 
 1.14658417e+07 -5.87090625e+00 -1.80680753e+02 
 1.17302409e+07 -5.87100625e+00 -1.80665629e+02 
 1.20007371e+07 -5.87110438e+00 -1.80650855e+02 
 1.22774708e+07 -5.87120077e+00 -1.80636420e+02 
 1.25605860e+07 -5.87129555e+00 -1.80622317e+02 
 1.28502297e+07 -5.87138882e+00 -1.80608536e+02 
 1.31465525e+07 -5.87148066e+00 -1.80595069e+02 
 1.34497085e+07 -5.87157116e+00 -1.80581907e+02 
 1.37598551e+07 -5.87166035e+00 -1.80569042e+02 
 1.40771537e+07 -5.87174828e+00 -1.80556466e+02 
 1.44017690e+07 -5.87183497e+00 -1.80544172e+02 
 1.47338699e+07 -5.87192045e+00 -1.80532153e+02 
 1.50736290e+07 -5.87200472e+00 -1.80520401e+02 
 1.54212228e+07 -5.87208778e+00 -1.80508910e+02 
 1.57768320e+07 -5.87216961e+00 -1.80497672e+02 
 1.61406415e+07 -5.87225021e+00 -1.80486682e+02 
 1.65128404e+07 -5.87232954e+00 -1.80475933e+02 
 1.68936220e+07 -5.87240758e+00 -1.80465418e+02 
 1.72831844e+07 -5.87248430e+00 -1.80455134e+02 
 1.76817299e+07 -5.87255967e+00 -1.80445072e+02 
 1.80894658e+07 -5.87263365e+00 -1.80435229e+02 
 1.85066040e+07 -5.87270621e+00 -1.80425599e+02 
 1.89333613e+07 -5.87277729e+00 -1.80416177e+02 
 1.93699595e+07 -5.87284688e+00 -1.80406957e+02 
 1.98166255e+07 -5.87291492e+00 -1.80397936e+02 
 2.02735916e+07 -5.87298139e+00 -1.80389109e+02 
 2.07410951e+07 -5.87304624e+00 -1.80380470e+02 
 2.12193792e+07 -5.87310944e+00 -1.80372017e+02 
 2.17086923e+07 -5.87317097e+00 -1.80363744e+02 
 2.22092889e+07 -5.87323080e+00 -1.80355648e+02 
 2.27214291e+07 -5.87328889e+00 -1.80347725e+02 
 2.32453791e+07 -5.87334523e+00 -1.80339971e+02 
 2.37814113e+07 -5.87339979e+00 -1.80332383e+02 
 2.43298042e+07 -5.87345257e+00 -1.80324956e+02 
 2.48908429e+07 -5.87350355e+00 -1.80317688e+02 
 2.54648190e+07 -5.87355271e+00 -1.80310576e+02 
 2.60520309e+07 -5.87360007e+00 -1.80303615e+02 
 2.66527837e+07 -5.87364561e+00 -1.80296803e+02 
 2.72673897e+07 -5.87368933e+00 -1.80290137e+02 
 2.78961683e+07 -5.87373125e+00 -1.80283613e+02 
 2.85394464e+07 -5.87377138e+00 -1.80277230e+02 
 2.91975583e+07 -5.87380972e+00 -1.80270984e+02 
 2.98708461e+07 -5.87384630e+00 -1.80264872e+02 
 3.05596598e+07 -5.87388113e+00 -1.80258893e+02 
 3.12643573e+07 -5.87391424e+00 -1.80253042e+02 
 3.19853049e+07 -5.87394566e+00 -1.80247318e+02 
 3.27228774e+07 -5.87397541e+00 -1.80241718e+02 
 3.34774581e+07 -5.87400353e+00 -1.80236240e+02 
 3.42494392e+07 -5.87403005e+00 -1.80230881e+02 
 3.50392221e+07 -5.87405500e+00 -1.80225639e+02 
 3.58472171e+07 -5.87407844e+00 -1.80220511e+02 
 3.66738442e+07 -5.87410039e+00 -1.80215497e+02 
 3.75195331e+07 -5.87412090e+00 -1.80210592e+02 
 3.83847234e+07 -5.87414001e+00 -1.80205795e+02 
 3.92698648e+07 -5.87415777e+00 -1.80201105e+02 
 4.01754173e+07 -5.87417423e+00 -1.80196518e+02 
 4.11018515e+07 -5.87418943e+00 -1.80192033e+02 
 4.20496491e+07 -5.87420342e+00 -1.80187648e+02 
 4.30193027e+07 -5.87421626e+00 -1.80183361e+02 
 4.40113162e+07 -5.87422798e+00 -1.80179170e+02 
 4.50262052e+07 -5.87423863e+00 -1.80175072e+02 
 4.60644974e+07 -5.87424828e+00 -1.80171067e+02 
 4.71267322e+07 -5.87425696e+00 -1.80167152e+02 
 4.82134619e+07 -5.87426472e+00 -1.80163325e+02 
 4.93252513e+07 -5.87427161e+00 -1.80159584e+02 
 5.04626783e+07 -5.87427768e+00 -1.80155928e+02 
 5.16263340e+07 -5.87428298e+00 -1.80152356e+02 
 5.28168234e+07 -5.87428754e+00 -1.80148864e+02 
 5.40347650e+07 -5.87429142e+00 -1.80145452e+02 
 5.52807921e+07 -5.87429466e+00 -1.80142118e+02 
 5.65555523e+07 -5.87429730e+00 -1.80138860e+02 
 5.78597080e+07 -5.87429938e+00 -1.80135676e+02 
 5.91939372e+07 -5.87430095e+00 -1.80132566e+02 
 6.05589334e+07 -5.87430203e+00 -1.80129527e+02 
 6.19554061e+07 -5.87430266e+00 -1.80126557e+02 
 6.33840810e+07 -5.87430289e+00 -1.80123656e+02 
 6.48457008e+07 -5.87430274e+00 -1.80120822e+02 
 6.63410251e+07 -5.87430225e+00 -1.80118053e+02 
 6.78708313e+07 -5.87430145e+00 -1.80115348e+02 
 6.94359143e+07 -5.87430037e+00 -1.80112705e+02 
 7.10370877e+07 -5.87429903e+00 -1.80110124e+02 
 7.26751838e+07 -5.87429746e+00 -1.80107601e+02 
 7.43510539e+07 -5.87429569e+00 -1.80105138e+02 
 7.60655691e+07 -5.87429374e+00 -1.80102731e+02 
 7.78196206e+07 -5.87429162e+00 -1.80100380e+02 
 7.96141200e+07 -5.87428937e+00 -1.80098083e+02 
 8.14500001e+07 -5.87428701e+00 -1.80095839e+02 
 8.33282151e+07 -5.87428454e+00 -1.80093648e+02 
 8.52497412e+07 -5.87428198e+00 -1.80091507e+02 
 8.72155772e+07 -5.87427936e+00 -1.80089415e+02 
 8.92267449e+07 -5.87427668e+00 -1.80087372e+02 
 9.12842895e+07 -5.87427396e+00 -1.80085376e+02 
 9.33892805e+07 -5.87427120e+00 -1.80083427e+02 
 9.55428121e+07 -5.87426843e+00 -1.80081522e+02 
 9.77460036e+07 -5.87426565e+00 -1.80079662e+02 
 1.00000000e+08 -5.87426287e+00 -1.80077844e+02 
 1.02305973e+08 -5.87426010e+00 -1.80076068e+02 
 1.04665121e+08 -5.87425734e+00 -1.80074334e+02 
 1.07078670e+08 -5.87425461e+00 -1.80072639e+02 
 1.09547876e+08 -5.87425190e+00 -1.80070984e+02 
 1.12074020e+08 -5.87424923e+00 -1.80069367e+02 
 1.14658417e+08 -5.87424659e+00 -1.80067787e+02 
 1.17302409e+08 -5.87424400e+00 -1.80066243e+02 
 1.20007371e+08 -5.87424145e+00 -1.80064735e+02 
 1.22774708e+08 -5.87423895e+00 -1.80063262e+02 
 1.25605860e+08 -5.87423650e+00 -1.80061822e+02 
 1.28502297e+08 -5.87423410e+00 -1.80060416e+02 
 1.31465525e+08 -5.87423176e+00 -1.80059042e+02 
 1.34497085e+08 -5.87422948e+00 -1.80057699e+02 
 1.37598551e+08 -5.87422725e+00 -1.80056388e+02 
 1.40771537e+08 -5.87422508e+00 -1.80055106e+02 
 1.44017690e+08 -5.87422297e+00 -1.80053854e+02 
 1.47338699e+08 -5.87422092e+00 -1.80052630e+02 
 1.50736290e+08 -5.87421893e+00 -1.80051435e+02 
 1.54212228e+08 -5.87421700e+00 -1.80050266e+02 
 1.57768320e+08 -5.87421512e+00 -1.80049125e+02 
 1.61406415e+08 -5.87421331e+00 -1.80048009e+02 
 1.65128404e+08 -5.87421155e+00 -1.80046920e+02 
 1.68936220e+08 -5.87420985e+00 -1.80045854e+02 
 1.72831844e+08 -5.87420820e+00 -1.80044814e+02 
 1.76817299e+08 -5.87420661e+00 -1.80043797e+02 
 1.80894658e+08 -5.87420507e+00 -1.80042803e+02 
 1.85066040e+08 -5.87420359e+00 -1.80041832e+02 
 1.89333613e+08 -5.87420216e+00 -1.80040883e+02 
 1.93699595e+08 -5.87420078e+00 -1.80039955e+02 
 1.98166255e+08 -5.87419945e+00 -1.80039049e+02 
 2.02735916e+08 -5.87419817e+00 -1.80038163e+02 
 2.07410951e+08 -5.87419693e+00 -1.80037297e+02 
 2.12193792e+08 -5.87419574e+00 -1.80036451e+02 
 2.17086923e+08 -5.87419459e+00 -1.80035624e+02 
 2.22092889e+08 -5.87419349e+00 -1.80034816e+02 
 2.27214291e+08 -5.87419243e+00 -1.80034026e+02 
 2.32453791e+08 -5.87419141e+00 -1.80033255e+02 
 2.37814113e+08 -5.87419043e+00 -1.80032500e+02 
 2.43298042e+08 -5.87418949e+00 -1.80031763e+02 
 2.48908429e+08 -5.87418859e+00 -1.80031042e+02 
 2.54648190e+08 -5.87418772e+00 -1.80030338e+02 
 2.60520309e+08 -5.87418688e+00 -1.80029649e+02 
 2.66527837e+08 -5.87418608e+00 -1.80028977e+02 
 2.72673897e+08 -5.87418531e+00 -1.80028319e+02 
 2.78961683e+08 -5.87418457e+00 -1.80027676e+02 
 2.85394464e+08 -5.87418386e+00 -1.80027048e+02 
 2.91975583e+08 -5.87418318e+00 -1.80026434e+02 
 2.98708461e+08 -5.87418253e+00 -1.80025833e+02 
 3.05596598e+08 -5.87418191e+00 -1.80025247e+02 
 3.12643573e+08 -5.87418131e+00 -1.80024673e+02 
 3.19853049e+08 -5.87418073e+00 -1.80024112e+02 
 3.27228774e+08 -5.87418018e+00 -1.80023564e+02 
 3.34774581e+08 -5.87417965e+00 -1.80023029e+02 
 3.42494392e+08 -5.87417915e+00 -1.80022505e+02 
 3.50392221e+08 -5.87417866e+00 -1.80021993e+02 
 3.58472171e+08 -5.87417820e+00 -1.80021493e+02 
 3.66738442e+08 -5.87417776e+00 -1.80021003e+02 
 3.75195331e+08 -5.87417733e+00 -1.80020525e+02 
 3.83847234e+08 -5.87417692e+00 -1.80020058e+02 
 3.92698648e+08 -5.87417653e+00 -1.80019601e+02 
 4.01754173e+08 -5.87417616e+00 -1.80019154e+02 
 4.11018515e+08 -5.87417580e+00 -1.80018717e+02 
 4.20496491e+08 -5.87417546e+00 -1.80018290e+02 
 4.30193027e+08 -5.87417513e+00 -1.80017873e+02 
 4.40113162e+08 -5.87417482e+00 -1.80017464e+02 
 4.50262052e+08 -5.87417451e+00 -1.80017065e+02 
 4.60644974e+08 -5.87417423e+00 -1.80016675e+02 
 4.71267322e+08 -5.87417395e+00 -1.80016294e+02 
 4.82134619e+08 -5.87417369e+00 -1.80015921e+02 
 4.93252513e+08 -5.87417344e+00 -1.80015556e+02 
 5.04626783e+08 -5.87417320e+00 -1.80015200e+02 
 5.16263340e+08 -5.87417297e+00 -1.80014851e+02 
 5.28168234e+08 -5.87417274e+00 -1.80014510e+02 
 5.40347650e+08 -5.87417253e+00 -1.80014177e+02 
 5.52807921e+08 -5.87417233e+00 -1.80013851e+02 
 5.65555523e+08 -5.87417214e+00 -1.80013532e+02 
 5.78597080e+08 -5.87417195e+00 -1.80013220e+02 
 5.91939372e+08 -5.87417178e+00 -1.80012916e+02 
 6.05589334e+08 -5.87417161e+00 -1.80012617e+02 
 6.19554061e+08 -5.87417145e+00 -1.80012326e+02 
 6.33840810e+08 -5.87417129e+00 -1.80012041e+02 
 6.48457008e+08 -5.87417115e+00 -1.80011762e+02 
 6.63410251e+08 -5.87417100e+00 -1.80011489e+02 
 6.78708313e+08 -5.87417087e+00 -1.80011223e+02 
 6.94359143e+08 -5.87417074e+00 -1.80010962e+02 
 7.10370877e+08 -5.87417062e+00 -1.80010707e+02 
 7.26751838e+08 -5.87417050e+00 -1.80010457e+02 
 7.43510539e+08 -5.87417039e+00 -1.80010213e+02 
 7.60655691e+08 -5.87417028e+00 -1.80009974e+02 
 7.78196206e+08 -5.87417018e+00 -1.80009740e+02 
 7.96141200e+08 -5.87417008e+00 -1.80009512e+02 
 8.14500001e+08 -5.87416998e+00 -1.80009288e+02 
 8.33282151e+08 -5.87416989e+00 -1.80009069e+02 
 8.52497412e+08 -5.87416981e+00 -1.80008855e+02 
 8.72155772e+08 -5.87416973e+00 -1.80008646e+02 
 8.92267449e+08 -5.87416965e+00 -1.80008441e+02 
 9.12842895e+08 -5.87416957e+00 -1.80008240e+02 
 9.33892805e+08 -5.87416950e+00 -1.80008044e+02 
 9.55428121e+08 -5.87416943e+00 -1.80007852e+02 
 9.77460036e+08 -5.87416937e+00 -1.80007664e+02 
 1.00000000e+09 -5.87416930e+00 -1.80007480e+02 
