 v-sweep         v(vinp)         v(voutp)       
 0.00000000e+00  0.00000000e+00  2.17082339e-01 
 1.00000000e-03  1.00000000e-03  2.17065178e-01 
 2.00000000e-03  2.00000000e-03  2.17097276e-01 
 3.00000000e-03  3.00000000e-03  2.17063535e-01 
 4.00000000e-03  4.00000000e-03  2.17109433e-01 
 5.00000000e-03  5.00000000e-03  2.17069615e-01 
 6.00000000e-03  6.00000000e-03  2.17110861e-01 
 7.00000000e-03  7.00000000e-03  2.17072552e-01 
 8.00000000e-03  8.00000000e-03  2.17080759e-01 
 9.00000000e-03  9.00000000e-03  2.17073915e-01 
 1.00000000e-02  1.00000000e-02  2.17102145e-01 
 1.10000000e-02  1.10000000e-02  2.17087205e-01 
 1.20000000e-02  1.20000000e-02  2.17086059e-01 
 1.30000000e-02  1.30000000e-02  2.17072790e-01 
 1.40000000e-02  1.40000000e-02  2.17114757e-01 
 1.50000000e-02  1.50000000e-02  2.17119428e-01 
 1.60000000e-02  1.60000000e-02  2.17104269e-01 
 1.70000000e-02  1.70000000e-02  2.17105365e-01 
 1.80000000e-02  1.80000000e-02  2.17125667e-01 
 1.90000000e-02  1.90000000e-02  2.17092525e-01 
 2.00000000e-02  2.00000000e-02  2.17099779e-01 
 2.10000000e-02  2.10000000e-02  2.17104230e-01 
 2.20000000e-02  2.20000000e-02  2.17081246e-01 
 2.30000000e-02  2.30000000e-02  2.17129346e-01 
 2.40000000e-02  2.40000000e-02  2.17115377e-01 
 2.50000000e-02  2.50000000e-02  2.17102220e-01 
 2.60000000e-02  2.60000000e-02  2.17106259e-01 
 2.70000000e-02  2.70000000e-02  2.17088433e-01 
 2.80000000e-02  2.80000000e-02  2.17116629e-01 
 2.90000000e-02  2.90000000e-02  2.17105877e-01 
 3.00000000e-02  3.00000000e-02  2.17110273e-01 
 3.10000000e-02  3.10000000e-02  2.17145825e-01 
 3.20000000e-02  3.20000000e-02  2.17126676e-01 
 3.30000000e-02  3.30000000e-02  2.17132543e-01 
 3.40000000e-02  3.40000000e-02  2.17114724e-01 
 3.50000000e-02  3.50000000e-02  2.17092930e-01 
 3.60000000e-02  3.60000000e-02  2.17107903e-01 
 3.70000000e-02  3.70000000e-02  2.17125696e-01 
 3.80000000e-02  3.80000000e-02  2.17126429e-01 
 3.90000000e-02  3.90000000e-02  2.17110301e-01 
 4.00000000e-02  4.00000000e-02  2.17144360e-01 
 4.10000000e-02  4.10000000e-02  2.17111223e-01 
 4.20000000e-02  4.20000000e-02  2.17090804e-01 
 4.30000000e-02  4.30000000e-02  2.17139869e-01 
 4.40000000e-02  4.40000000e-02  2.17098207e-01 
 4.50000000e-02  4.50000000e-02  2.17147077e-01 
 4.60000000e-02  4.60000000e-02  2.17123351e-01 
 4.70000000e-02  4.70000000e-02  2.17130858e-01 
 4.80000000e-02  4.80000000e-02  2.17137453e-01 
 4.90000000e-02  4.90000000e-02  2.17140833e-01 
 5.00000000e-02  5.00000000e-02  2.17130073e-01 
 5.10000000e-02  5.10000000e-02  2.17132847e-01 
 5.20000000e-02  5.20000000e-02  2.17125085e-01 
 5.30000000e-02  5.30000000e-02  2.17127405e-01 
 5.40000000e-02  5.40000000e-02  2.17140012e-01 
 5.50000000e-02  5.50000000e-02  2.17147277e-01 
 5.60000000e-02  5.60000000e-02  2.17153108e-01 
 5.70000000e-02  5.70000000e-02  2.17136446e-01 
 5.80000000e-02  5.80000000e-02  2.17161660e-01 
 5.90000000e-02  5.90000000e-02  2.17150391e-01 
 6.00000000e-02  6.00000000e-02  2.17151252e-01 
 6.10000000e-02  6.10000000e-02  2.17159684e-01 
 6.20000000e-02  6.20000000e-02  2.17159315e-01 
 6.30000000e-02  6.30000000e-02  2.17141549e-01 
 6.40000000e-02  6.40000000e-02  2.17163623e-01 
 6.50000000e-02  6.50000000e-02  2.17140424e-01 
 6.60000000e-02  6.60000000e-02  2.17136194e-01 
 6.70000000e-02  6.70000000e-02  2.17161620e-01 
 6.80000000e-02  6.80000000e-02  2.17186839e-01 
 6.90000000e-02  6.90000000e-02  2.17182274e-01 
 7.00000000e-02  7.00000000e-02  2.17174465e-01 
 7.10000000e-02  7.10000000e-02  2.17197425e-01 
 7.20000000e-02  7.20000000e-02  2.17203677e-01 
 7.30000000e-02  7.30000000e-02  2.17206486e-01 
 7.40000000e-02  7.40000000e-02  2.17231778e-01 
 7.50000000e-02  7.50000000e-02  2.17195166e-01 
 7.60000000e-02  7.60000000e-02  2.17176971e-01 
 7.70000000e-02  7.70000000e-02  2.17187005e-01 
 7.80000000e-02  7.80000000e-02  2.17201249e-01 
 7.90000000e-02  7.90000000e-02  2.17234006e-01 
 8.00000000e-02  8.00000000e-02  2.17229572e-01 
 8.10000000e-02  8.10000000e-02  2.17206696e-01 
 8.20000000e-02  8.20000000e-02  2.17225780e-01 
 8.30000000e-02  8.30000000e-02  2.17209094e-01 
 8.40000000e-02  8.40000000e-02  2.17249985e-01 
 8.50000000e-02  8.50000000e-02  2.17257585e-01 
 8.60000000e-02  8.60000000e-02  2.17262653e-01 
 8.70000000e-02  8.70000000e-02  2.17271168e-01 
 8.80000000e-02  8.80000000e-02  2.17268320e-01 
 8.90000000e-02  8.90000000e-02  2.17262760e-01 
 9.00000000e-02  9.00000000e-02  2.17298226e-01 
 9.10000000e-02  9.10000000e-02  2.17299900e-01 
 9.20000000e-02  9.20000000e-02  2.17302018e-01 
 9.30000000e-02  9.30000000e-02  2.17308146e-01 
 9.40000000e-02  9.40000000e-02  2.17278389e-01 
 9.50000000e-02  9.50000000e-02  2.17325566e-01 
 9.60000000e-02  9.60000000e-02  2.17313074e-01 
 9.70000000e-02  9.70000000e-02  2.17325380e-01 
 9.80000000e-02  9.80000000e-02  2.17355008e-01 
 9.90000000e-02  9.90000000e-02  2.17370707e-01 
 1.00000000e-01  1.00000000e-01  2.17355743e-01 
 1.01000000e-01  1.01000000e-01  2.17374716e-01 
 1.02000000e-01  1.02000000e-01  2.17407684e-01 
 1.03000000e-01  1.03000000e-01  2.17392345e-01 
 1.04000000e-01  1.04000000e-01  2.17366741e-01 
 1.05000000e-01  1.05000000e-01  2.17431329e-01 
 1.06000000e-01  1.06000000e-01  2.17413059e-01 
 1.07000000e-01  1.07000000e-01  2.17417221e-01 
 1.08000000e-01  1.08000000e-01  2.17435247e-01 
 1.09000000e-01  1.09000000e-01  2.17449532e-01 
 1.10000000e-01  1.10000000e-01  2.17452226e-01 
 1.11000000e-01  1.11000000e-01  2.17489292e-01 
 1.12000000e-01  1.12000000e-01  2.17472838e-01 
 1.13000000e-01  1.13000000e-01  2.17478648e-01 
 1.14000000e-01  1.14000000e-01  2.17516173e-01 
 1.15000000e-01  1.15000000e-01  2.17540575e-01 
 1.16000000e-01  1.16000000e-01  2.17556427e-01 
 1.17000000e-01  1.17000000e-01  2.17541222e-01 
 1.18000000e-01  1.18000000e-01  2.17568514e-01 
 1.19000000e-01  1.19000000e-01  2.17592548e-01 
 1.20000000e-01  1.20000000e-01  2.17572937e-01 
 1.21000000e-01  1.21000000e-01  2.17624906e-01 
 1.22000000e-01  1.22000000e-01  2.17635735e-01 
 1.23000000e-01  1.23000000e-01  2.17651340e-01 
 1.24000000e-01  1.24000000e-01  2.17680985e-01 
 1.25000000e-01  1.25000000e-01  2.17675757e-01 
 1.26000000e-01  1.26000000e-01  2.17697823e-01 
 1.27000000e-01  1.27000000e-01  2.17736895e-01 
 1.28000000e-01  1.28000000e-01  2.17744448e-01 
 1.29000000e-01  1.29000000e-01  2.17771275e-01 
 1.30000000e-01  1.30000000e-01  2.17774847e-01 
 1.31000000e-01  1.31000000e-01  2.17825856e-01 
 1.32000000e-01  1.32000000e-01  2.17850485e-01 
 1.33000000e-01  1.33000000e-01  2.17843220e-01 
 1.34000000e-01  1.34000000e-01  2.17891886e-01 
 1.35000000e-01  1.35000000e-01  2.17898093e-01 
 1.36000000e-01  1.36000000e-01  2.17952984e-01 
 1.37000000e-01  1.37000000e-01  2.17935468e-01 
 1.38000000e-01  1.38000000e-01  2.17961866e-01 
 1.39000000e-01  1.39000000e-01  2.18008463e-01 
 1.40000000e-01  1.40000000e-01  2.18041658e-01 
 1.41000000e-01  1.41000000e-01  2.18045248e-01 
 1.42000000e-01  1.42000000e-01  2.18102922e-01 
 1.43000000e-01  1.43000000e-01  2.18150615e-01 
 1.44000000e-01  1.44000000e-01  2.18172241e-01 
 1.45000000e-01  1.45000000e-01  2.18193886e-01 
 1.46000000e-01  1.46000000e-01  2.18237115e-01 
 1.47000000e-01  1.47000000e-01  2.18268040e-01 
 1.48000000e-01  1.48000000e-01  2.18289938e-01 
 1.49000000e-01  1.49000000e-01  2.18330929e-01 
 1.50000000e-01  1.50000000e-01  2.18399162e-01 
 1.51000000e-01  1.51000000e-01  2.18413885e-01 
 1.52000000e-01  1.52000000e-01  2.18482082e-01 
 1.53000000e-01  1.53000000e-01  2.18507617e-01 
 1.54000000e-01  1.54000000e-01  2.18540973e-01 
 1.55000000e-01  1.55000000e-01  2.18578802e-01 
 1.56000000e-01  1.56000000e-01  2.18637131e-01 
 1.57000000e-01  1.57000000e-01  2.18658357e-01 
 1.58000000e-01  1.58000000e-01  2.18702774e-01 
 1.59000000e-01  1.59000000e-01  2.18792779e-01 
 1.60000000e-01  1.60000000e-01  2.18828970e-01 
 1.61000000e-01  1.61000000e-01  2.18896349e-01 
 1.62000000e-01  1.62000000e-01  2.18906011e-01 
 1.63000000e-01  1.63000000e-01  2.18953790e-01 
 1.64000000e-01  1.64000000e-01  2.19041807e-01 
 1.65000000e-01  1.65000000e-01  2.19129196e-01 
 1.66000000e-01  1.66000000e-01  2.19179578e-01 
 1.67000000e-01  1.67000000e-01  2.19227835e-01 
 1.68000000e-01  1.68000000e-01  2.19233759e-01 
 1.69000000e-01  1.69000000e-01  2.19358964e-01 
 1.70000000e-01  1.70000000e-01  2.19426170e-01 
 1.71000000e-01  1.71000000e-01  2.19446668e-01 
 1.72000000e-01  1.72000000e-01  2.19559477e-01 
 1.73000000e-01  1.73000000e-01  2.19597927e-01 
 1.74000000e-01  1.74000000e-01  2.19688879e-01 
 1.75000000e-01  1.75000000e-01  2.19768870e-01 
 1.76000000e-01  1.76000000e-01  2.19812221e-01 
 1.77000000e-01  1.77000000e-01  2.19900658e-01 
 1.78000000e-01  1.78000000e-01  2.19988394e-01 
 1.79000000e-01  1.79000000e-01  2.20064067e-01 
 1.80000000e-01  1.80000000e-01  2.20124344e-01 
 1.81000000e-01  1.81000000e-01  2.20229050e-01 
 1.82000000e-01  1.82000000e-01  2.20307602e-01 
 1.83000000e-01  1.83000000e-01  2.20402882e-01 
 1.84000000e-01  1.84000000e-01  2.20474400e-01 
 1.85000000e-01  1.85000000e-01  2.20583324e-01 
 1.86000000e-01  1.86000000e-01  2.20673622e-01 
 1.87000000e-01  1.87000000e-01  2.20827946e-01 
 1.88000000e-01  1.88000000e-01  2.20894566e-01 
 1.89000000e-01  1.89000000e-01  2.20972739e-01 
 1.90000000e-01  1.90000000e-01  2.21090056e-01 
 1.91000000e-01  1.91000000e-01  2.21194061e-01 
 1.92000000e-01  1.92000000e-01  2.21353322e-01 
 1.93000000e-01  1.93000000e-01  2.21463403e-01 
 1.94000000e-01  1.94000000e-01  2.21565724e-01 
 1.95000000e-01  1.95000000e-01  2.21656583e-01 
 1.96000000e-01  1.96000000e-01  2.21783269e-01 
 1.97000000e-01  1.97000000e-01  2.21917027e-01 
 1.98000000e-01  1.98000000e-01  2.22036829e-01 
 1.99000000e-01  1.99000000e-01  2.22163811e-01 
 2.00000000e-01  2.00000000e-01  2.22256510e-01 
 2.01000000e-01  2.01000000e-01  2.22420230e-01 
 2.02000000e-01  2.02000000e-01  2.22561014e-01 
 2.03000000e-01  2.03000000e-01  2.22704503e-01 
 2.04000000e-01  2.04000000e-01  2.22863225e-01 
 2.05000000e-01  2.05000000e-01  2.23001404e-01 
 2.06000000e-01  2.06000000e-01  2.23141836e-01 
 2.07000000e-01  2.07000000e-01  2.23272740e-01 
 2.08000000e-01  2.08000000e-01  2.23457690e-01 
 2.09000000e-01  2.09000000e-01  2.23596944e-01 
 2.10000000e-01  2.10000000e-01  2.23761046e-01 
 2.11000000e-01  2.11000000e-01  2.23974504e-01 
 2.12000000e-01  2.12000000e-01  2.24091534e-01 
 2.13000000e-01  2.13000000e-01  2.24270368e-01 
 2.14000000e-01  2.14000000e-01  2.24484676e-01 
 2.15000000e-01  2.15000000e-01  2.24648846e-01 
 2.16000000e-01  2.16000000e-01  2.24844954e-01 
 2.17000000e-01  2.17000000e-01  2.25000205e-01 
 2.18000000e-01  2.18000000e-01  2.25202714e-01 
 2.19000000e-01  2.19000000e-01  2.25421028e-01 
 2.20000000e-01  2.20000000e-01  2.25611598e-01 
 2.21000000e-01  2.21000000e-01  2.25817809e-01 
 2.22000000e-01  2.22000000e-01  2.26030358e-01 
 2.23000000e-01  2.23000000e-01  2.26248593e-01 
 2.24000000e-01  2.24000000e-01  2.26462719e-01 
 2.25000000e-01  2.25000000e-01  2.26692185e-01 
 2.26000000e-01  2.26000000e-01  2.26926180e-01 
 2.27000000e-01  2.27000000e-01  2.27120889e-01 
 2.28000000e-01  2.28000000e-01  2.27372102e-01 
 2.29000000e-01  2.29000000e-01  2.27633434e-01 
 2.30000000e-01  2.30000000e-01  2.27881377e-01 
 2.31000000e-01  2.31000000e-01  2.28102193e-01 
 2.32000000e-01  2.32000000e-01  2.28377657e-01 
 2.33000000e-01  2.33000000e-01  2.28616116e-01 
 2.34000000e-01  2.34000000e-01  2.28906737e-01 
 2.35000000e-01  2.35000000e-01  2.29170992e-01 
 2.36000000e-01  2.36000000e-01  2.29464394e-01 
 2.37000000e-01  2.37000000e-01  2.29712681e-01 
 2.38000000e-01  2.38000000e-01  2.30034132e-01 
 2.39000000e-01  2.39000000e-01  2.30293928e-01 
 2.40000000e-01  2.40000000e-01  2.30605239e-01 
 2.41000000e-01  2.41000000e-01  2.30919155e-01 
 2.42000000e-01  2.42000000e-01  2.31200224e-01 
 2.43000000e-01  2.43000000e-01  2.31576237e-01 
 2.44000000e-01  2.44000000e-01  2.31836919e-01 
 2.45000000e-01  2.45000000e-01  2.32180804e-01 
 2.46000000e-01  2.46000000e-01  2.32503374e-01 
 2.47000000e-01  2.47000000e-01  2.32871442e-01 
 2.48000000e-01  2.48000000e-01  2.33211351e-01 
 2.49000000e-01  2.49000000e-01  2.33567613e-01 
 2.50000000e-01  2.50000000e-01  2.33938740e-01 
 2.51000000e-01  2.51000000e-01  2.34312890e-01 
 2.52000000e-01  2.52000000e-01  2.34658327e-01 
 2.53000000e-01  2.53000000e-01  2.35101591e-01 
 2.54000000e-01  2.54000000e-01  2.35475874e-01 
 2.55000000e-01  2.55000000e-01  2.35875527e-01 
 2.56000000e-01  2.56000000e-01  2.36271184e-01 
 2.57000000e-01  2.57000000e-01  2.36663648e-01 
 2.58000000e-01  2.58000000e-01  2.37097770e-01 
 2.59000000e-01  2.59000000e-01  2.37535586e-01 
 2.60000000e-01  2.60000000e-01  2.37961328e-01 
 2.61000000e-01  2.61000000e-01  2.38442085e-01 
 2.62000000e-01  2.62000000e-01  2.38935959e-01 
 2.63000000e-01  2.63000000e-01  2.39416504e-01 
 2.64000000e-01  2.64000000e-01  2.39888915e-01 
 2.65000000e-01  2.65000000e-01  2.40392896e-01 
 2.66000000e-01  2.66000000e-01  2.40870906e-01 
 2.67000000e-01  2.67000000e-01  2.41369531e-01 
 2.68000000e-01  2.68000000e-01  2.41874762e-01 
 2.69000000e-01  2.69000000e-01  2.42441237e-01 
 2.70000000e-01  2.70000000e-01  2.42993271e-01 
 2.71000000e-01  2.71000000e-01  2.43567684e-01 
 2.72000000e-01  2.72000000e-01  2.44086233e-01 
 2.73000000e-01  2.73000000e-01  2.44689609e-01 
 2.74000000e-01  2.74000000e-01  2.45298935e-01 
 2.75000000e-01  2.75000000e-01  2.45923653e-01 
 2.76000000e-01  2.76000000e-01  2.46520721e-01 
 2.77000000e-01  2.77000000e-01  2.47187203e-01 
 2.78000000e-01  2.78000000e-01  2.47857761e-01 
 2.79000000e-01  2.79000000e-01  2.48480968e-01 
 2.80000000e-01  2.80000000e-01  2.49190726e-01 
 2.81000000e-01  2.81000000e-01  2.49899917e-01 
 2.82000000e-01  2.82000000e-01  2.50603273e-01 
 2.83000000e-01  2.83000000e-01  2.51324434e-01 
 2.84000000e-01  2.84000000e-01  2.52131017e-01 
 2.85000000e-01  2.85000000e-01  2.52855007e-01 
 2.86000000e-01  2.86000000e-01  2.53684232e-01 
 2.87000000e-01  2.87000000e-01  2.54475304e-01 
 2.88000000e-01  2.88000000e-01  2.55348462e-01 
 2.89000000e-01  2.89000000e-01  2.56212402e-01 
 2.90000000e-01  2.90000000e-01  2.57099962e-01 
 2.91000000e-01  2.91000000e-01  2.58046440e-01 
 2.92000000e-01  2.92000000e-01  2.58994108e-01 
 2.93000000e-01  2.93000000e-01  2.59969862e-01 
 2.94000000e-01  2.94000000e-01  2.60984383e-01 
 2.95000000e-01  2.95000000e-01  2.62027879e-01 
 2.96000000e-01  2.96000000e-01  2.63070907e-01 
 2.97000000e-01  2.97000000e-01  2.64195253e-01 
 2.98000000e-01  2.98000000e-01  2.65380725e-01 
 2.99000000e-01  2.99000000e-01  2.66542635e-01 
 3.00000000e-01  3.00000000e-01  2.67804617e-01 
 3.01000000e-01  3.01000000e-01  2.69123396e-01 
 3.02000000e-01  3.02000000e-01  2.70474007e-01 
 3.03000000e-01  3.03000000e-01  2.71828750e-01 
 3.04000000e-01  3.04000000e-01  2.73374223e-01 
 3.05000000e-01  3.05000000e-01  2.74942344e-01 
 3.06000000e-01  3.06000000e-01  2.76569801e-01 
 3.07000000e-01  3.07000000e-01  2.78301997e-01 
 3.08000000e-01  3.08000000e-01  2.80095319e-01 
 3.09000000e-01  3.09000000e-01  2.82024042e-01 
 3.10000000e-01  3.10000000e-01  2.84137355e-01 
 3.11000000e-01  3.11000000e-01  2.86356290e-01 
 3.12000000e-01  3.12000000e-01  2.88752996e-01 
 3.13000000e-01  3.13000000e-01  2.91339894e-01 
 3.14000000e-01  3.14000000e-01  2.94155943e-01 
 3.15000000e-01  3.15000000e-01  2.97305115e-01 
 3.16000000e-01  3.16000000e-01  3.00806211e-01 
 3.17000000e-01  3.17000000e-01  3.04741831e-01 
 3.18000000e-01  3.18000000e-01  3.09303328e-01 
 3.19000000e-01  3.19000000e-01  3.14686477e-01 
 3.20000000e-01  3.20000000e-01  3.21199019e-01 
 3.21000000e-01  3.21000000e-01  3.29263466e-01 
 3.22000000e-01  3.22000000e-01  3.39580403e-01 
 3.23000000e-01  3.23000000e-01  3.52529220e-01 
 3.24000000e-01  3.24000000e-01  3.67581365e-01 
 3.25000000e-01  3.25000000e-01  3.83710652e-01 
 3.26000000e-01  3.26000000e-01  4.00337811e-01 
 3.27000000e-01  3.27000000e-01  4.17110400e-01 
 3.28000000e-01  3.28000000e-01  4.34388886e-01 
 3.29000000e-01  3.29000000e-01  4.51737357e-01 
 3.30000000e-01  3.30000000e-01  4.69253587e-01 
 3.31000000e-01  3.31000000e-01  4.86961424e-01 
 3.32000000e-01  3.32000000e-01  5.04733363e-01 
 3.33000000e-01  3.33000000e-01  5.22782697e-01 
 3.34000000e-01  3.34000000e-01  5.41030852e-01 
 3.35000000e-01  3.35000000e-01  5.59314323e-01 
 3.36000000e-01  3.36000000e-01  5.77776155e-01 
 3.37000000e-01  3.37000000e-01  5.96363219e-01 
 3.38000000e-01  3.38000000e-01  6.15093592e-01 
 3.39000000e-01  3.39000000e-01  6.33918970e-01 
 3.40000000e-01  3.40000000e-01  6.52877823e-01 
 3.41000000e-01  3.41000000e-01  6.71962185e-01 
 3.42000000e-01  3.42000000e-01  6.91119220e-01 
 3.43000000e-01  3.43000000e-01  7.10373375e-01 
 3.44000000e-01  3.44000000e-01  7.29759341e-01 
 3.45000000e-01  3.45000000e-01  7.49186031e-01 
 3.46000000e-01  3.46000000e-01  7.68715682e-01 
 3.47000000e-01  3.47000000e-01  7.88318520e-01 
 3.48000000e-01  3.48000000e-01  8.07934956e-01 
 3.49000000e-01  3.49000000e-01  8.27679300e-01 
 3.50000000e-01  3.50000000e-01  8.47420125e-01 
 3.51000000e-01  3.51000000e-01  8.67172459e-01 
 3.52000000e-01  3.52000000e-01  8.87007771e-01 
 3.53000000e-01  3.53000000e-01  9.06829012e-01 
 3.54000000e-01  3.54000000e-01  9.26654332e-01 
 3.55000000e-01  3.55000000e-01  9.46477842e-01 
 3.56000000e-01  3.56000000e-01  9.66295200e-01 
 3.57000000e-01  3.57000000e-01  9.86065464e-01 
 3.58000000e-01  3.58000000e-01  1.00579680e+00 
 3.59000000e-01  3.59000000e-01  1.02547651e+00 
 3.60000000e-01  3.60000000e-01  1.04505023e+00 
 3.61000000e-01  3.61000000e-01  1.06461203e+00 
 3.62000000e-01  3.62000000e-01  1.08401933e+00 
 3.63000000e-01  3.63000000e-01  1.10339084e+00 
 3.64000000e-01  3.64000000e-01  1.12214149e+00 
 3.65000000e-01  3.65000000e-01  1.13889911e+00 
 3.66000000e-01  3.66000000e-01  1.15157399e+00 
 3.67000000e-01  3.67000000e-01  1.16096488e+00 
 3.68000000e-01  3.68000000e-01  1.16823795e+00 
 3.69000000e-01  3.69000000e-01  1.17417746e+00 
 3.70000000e-01  3.70000000e-01  1.17911851e+00 
 3.71000000e-01  3.71000000e-01  1.18333473e+00 
 3.72000000e-01  3.72000000e-01  1.18705174e+00 
 3.73000000e-01  3.73000000e-01  1.19032453e+00 
 3.74000000e-01  3.74000000e-01  1.19326715e+00 
 3.75000000e-01  3.75000000e-01  1.19596531e+00 
 3.76000000e-01  3.76000000e-01  1.19842217e+00 
 3.77000000e-01  3.77000000e-01  1.20065943e+00 
 3.78000000e-01  3.78000000e-01  1.20282608e+00 
 3.79000000e-01  3.79000000e-01  1.20470409e+00 
 3.80000000e-01  3.80000000e-01  1.20652902e+00 
 3.81000000e-01  3.81000000e-01  1.20821958e+00 
 3.82000000e-01  3.82000000e-01  1.20991560e+00 
 3.83000000e-01  3.83000000e-01  1.21136060e+00 
 3.84000000e-01  3.84000000e-01  1.21289710e+00 
 3.85000000e-01  3.85000000e-01  1.21419557e+00 
 3.86000000e-01  3.86000000e-01  1.21550457e+00 
 3.87000000e-01  3.87000000e-01  1.21677958e+00 
 3.88000000e-01  3.88000000e-01  1.21795992e+00 
 3.89000000e-01  3.89000000e-01  1.21911971e+00 
 3.90000000e-01  3.90000000e-01  1.22025899e+00 
 3.91000000e-01  3.91000000e-01  1.22128875e+00 
 3.92000000e-01  3.92000000e-01  1.22235541e+00 
 3.93000000e-01  3.93000000e-01  1.22330516e+00 
 3.94000000e-01  3.94000000e-01  1.22427038e+00 
 3.95000000e-01  3.95000000e-01  1.22514664e+00 
 3.96000000e-01  3.96000000e-01  1.22605573e+00 
 3.97000000e-01  3.97000000e-01  1.22691081e+00 
 3.98000000e-01  3.98000000e-01  1.22779274e+00 
 3.99000000e-01  3.99000000e-01  1.22855913e+00 
 4.00000000e-01  4.00000000e-01  1.22934835e+00 
 4.01000000e-01  4.01000000e-01  1.23012030e+00 
 4.02000000e-01  4.02000000e-01  1.23089784e+00 
 4.03000000e-01  4.03000000e-01  1.23159399e+00 
 4.04000000e-01  4.04000000e-01  1.23232506e+00 
 4.05000000e-01  4.05000000e-01  1.23296950e+00 
 4.06000000e-01  4.06000000e-01  1.23364759e+00 
 4.07000000e-01  4.07000000e-01  1.23429467e+00 
 4.08000000e-01  4.08000000e-01  1.23489342e+00 
 4.09000000e-01  4.09000000e-01  1.23556830e+00 
 4.10000000e-01  4.10000000e-01  1.23615597e+00 
 4.11000000e-01  4.11000000e-01  1.23676555e+00 
 4.12000000e-01  4.12000000e-01  1.23731232e+00 
 4.13000000e-01  4.13000000e-01  1.23785607e+00 
 4.14000000e-01  4.14000000e-01  1.23844246e+00 
 4.15000000e-01  4.15000000e-01  1.23896171e+00 
 4.16000000e-01  4.16000000e-01  1.23948720e+00 
 4.17000000e-01  4.17000000e-01  1.24002206e+00 
 4.18000000e-01  4.18000000e-01  1.24049369e+00 
 4.19000000e-01  4.19000000e-01  1.24096825e+00 
 4.20000000e-01  4.20000000e-01  1.24147468e+00 
 4.21000000e-01  4.21000000e-01  1.24196340e+00 
 4.22000000e-01  4.22000000e-01  1.24242288e+00 
 4.23000000e-01  4.23000000e-01  1.24285998e+00 
 4.24000000e-01  4.24000000e-01  1.24334479e+00 
 4.25000000e-01  4.25000000e-01  1.24378249e+00 
 4.26000000e-01  4.26000000e-01  1.24418294e+00 
 4.27000000e-01  4.27000000e-01  1.24462319e+00 
 4.28000000e-01  4.28000000e-01  1.24502023e+00 
 4.29000000e-01  4.29000000e-01  1.24547045e+00 
 4.30000000e-01  4.30000000e-01  1.24583619e+00 
 4.31000000e-01  4.31000000e-01  1.24627986e+00 
 4.32000000e-01  4.32000000e-01  1.24662183e+00 
 4.33000000e-01  4.33000000e-01  1.24703594e+00 
 4.34000000e-01  4.34000000e-01  1.24739524e+00 
 4.35000000e-01  4.35000000e-01  1.24777723e+00 
 4.36000000e-01  4.36000000e-01  1.24810186e+00 
 4.37000000e-01  4.37000000e-01  1.24846783e+00 
 4.38000000e-01  4.38000000e-01  1.24880745e+00 
 4.39000000e-01  4.39000000e-01  1.24915194e+00 
 4.40000000e-01  4.40000000e-01  1.24951048e+00 
 4.41000000e-01  4.41000000e-01  1.24982954e+00 
 4.42000000e-01  4.42000000e-01  1.25016222e+00 
 4.43000000e-01  4.43000000e-01  1.25053182e+00 
 4.44000000e-01  4.44000000e-01  1.25084521e+00 
 4.45000000e-01  4.45000000e-01  1.25112016e+00 
 4.46000000e-01  4.46000000e-01  1.25142028e+00 
 4.47000000e-01  4.47000000e-01  1.25176763e+00 
 4.48000000e-01  4.48000000e-01  1.25203345e+00 
 4.49000000e-01  4.49000000e-01  1.25235978e+00 
 4.50000000e-01  4.50000000e-01  1.25263724e+00 
 4.51000000e-01  4.51000000e-01  1.25293720e+00 
 4.52000000e-01  4.52000000e-01  1.25321892e+00 
 4.53000000e-01  4.53000000e-01  1.25348226e+00 
 4.54000000e-01  4.54000000e-01  1.25376066e+00 
 4.55000000e-01  4.55000000e-01  1.25399996e+00 
 4.56000000e-01  4.56000000e-01  1.25430295e+00 
 4.57000000e-01  4.57000000e-01  1.25458101e+00 
 4.58000000e-01  4.58000000e-01  1.25485308e+00 
 4.59000000e-01  4.59000000e-01  1.25510406e+00 
 4.60000000e-01  4.60000000e-01  1.25534260e+00 
 4.61000000e-01  4.61000000e-01  1.25557935e+00 
 4.62000000e-01  4.62000000e-01  1.25584080e+00 
 4.63000000e-01  4.63000000e-01  1.25606241e+00 
 4.64000000e-01  4.64000000e-01  1.25633745e+00 
 4.65000000e-01  4.65000000e-01  1.25656864e+00 
 4.66000000e-01  4.66000000e-01  1.25681614e+00 
 4.67000000e-01  4.67000000e-01  1.25702438e+00 
 4.68000000e-01  4.68000000e-01  1.25723447e+00 
 4.69000000e-01  4.69000000e-01  1.25744316e+00 
 4.70000000e-01  4.70000000e-01  1.25771721e+00 
 4.71000000e-01  4.71000000e-01  1.25792710e+00 
 4.72000000e-01  4.72000000e-01  1.25815496e+00 
 4.73000000e-01  4.73000000e-01  1.25838587e+00 
 4.74000000e-01  4.74000000e-01  1.25857669e+00 
 4.75000000e-01  4.75000000e-01  1.25880402e+00 
 4.76000000e-01  4.76000000e-01  1.25900769e+00 
 4.77000000e-01  4.77000000e-01  1.25920985e+00 
 4.78000000e-01  4.78000000e-01  1.25940956e+00 
 4.79000000e-01  4.79000000e-01  1.25960854e+00 
 4.80000000e-01  4.80000000e-01  1.25980505e+00 
 4.81000000e-01  4.81000000e-01  1.25998624e+00 
 4.82000000e-01  4.82000000e-01  1.26022644e+00 
 4.83000000e-01  4.83000000e-01  1.26039572e+00 
 4.84000000e-01  4.84000000e-01  1.26057443e+00 
 4.85000000e-01  4.85000000e-01  1.26076408e+00 
 4.86000000e-01  4.86000000e-01  1.26096424e+00 
 4.87000000e-01  4.87000000e-01  1.26114278e+00 
 4.88000000e-01  4.88000000e-01  1.26131035e+00 
 4.89000000e-01  4.89000000e-01  1.26150592e+00 
 4.90000000e-01  4.90000000e-01  1.26168892e+00 
 4.91000000e-01  4.91000000e-01  1.26186685e+00 
 4.92000000e-01  4.92000000e-01  1.26204420e+00 
 4.93000000e-01  4.93000000e-01  1.26219758e+00 
 4.94000000e-01  4.94000000e-01  1.26238792e+00 
 4.95000000e-01  4.95000000e-01  1.26251706e+00 
 4.96000000e-01  4.96000000e-01  1.26272173e+00 
 4.97000000e-01  4.97000000e-01  1.26289805e+00 
 4.98000000e-01  4.98000000e-01  1.26309969e+00 
 4.99000000e-01  4.99000000e-01  1.26320471e+00 
 5.00000000e-01  5.00000000e-01  1.26337468e+00 
 5.01000000e-01  5.01000000e-01  1.26351339e+00 
 5.02000000e-01  5.02000000e-01  1.26367991e+00 
 5.03000000e-01  5.03000000e-01  1.26385341e+00 
 5.04000000e-01  5.04000000e-01  1.26400009e+00 
 5.05000000e-01  5.05000000e-01  1.26413708e+00 
 5.06000000e-01  5.06000000e-01  1.26430608e+00 
 5.07000000e-01  5.07000000e-01  1.26447852e+00 
 5.08000000e-01  5.08000000e-01  1.26459499e+00 
 5.09000000e-01  5.09000000e-01  1.26474251e+00 
 5.10000000e-01  5.10000000e-01  1.26488997e+00 
 5.11000000e-01  5.11000000e-01  1.26504334e+00 
 5.12000000e-01  5.12000000e-01  1.26515832e+00 
 5.13000000e-01  5.13000000e-01  1.26536922e+00 
 5.14000000e-01  5.14000000e-01  1.26547557e+00 
 5.15000000e-01  5.15000000e-01  1.26563247e+00 
 5.16000000e-01  5.16000000e-01  1.26577306e+00 
 5.17000000e-01  5.17000000e-01  1.26586560e+00 
 5.18000000e-01  5.18000000e-01  1.26599970e+00 
 5.19000000e-01  5.19000000e-01  1.26616777e+00 
 5.20000000e-01  5.20000000e-01  1.26625516e+00 
 5.21000000e-01  5.21000000e-01  1.26639184e+00 
 5.22000000e-01  5.22000000e-01  1.26657903e+00 
 5.23000000e-01  5.23000000e-01  1.26669169e+00 
 5.24000000e-01  5.24000000e-01  1.26677038e+00 
 5.25000000e-01  5.25000000e-01  1.26694974e+00 
 5.26000000e-01  5.26000000e-01  1.26708640e+00 
 5.27000000e-01  5.27000000e-01  1.26717553e+00 
 5.28000000e-01  5.28000000e-01  1.26729405e+00 
 5.29000000e-01  5.29000000e-01  1.26743325e+00 
 5.30000000e-01  5.30000000e-01  1.26755541e+00 
 5.31000000e-01  5.31000000e-01  1.26771324e+00 
 5.32000000e-01  5.32000000e-01  1.26780728e+00 
 5.33000000e-01  5.33000000e-01  1.26790900e+00 
 5.34000000e-01  5.34000000e-01  1.26802790e+00 
 5.35000000e-01  5.35000000e-01  1.26816696e+00 
 5.36000000e-01  5.36000000e-01  1.26826416e+00 
 5.37000000e-01  5.37000000e-01  1.26835658e+00 
 5.38000000e-01  5.38000000e-01  1.26849446e+00 
 5.39000000e-01  5.39000000e-01  1.26861695e+00 
 5.40000000e-01  5.40000000e-01  1.26873153e+00 
 5.41000000e-01  5.41000000e-01  1.26880118e+00 
 5.42000000e-01  5.42000000e-01  1.26892903e+00 
 5.43000000e-01  5.43000000e-01  1.26904041e+00 
 5.44000000e-01  5.44000000e-01  1.26916926e+00 
 5.45000000e-01  5.45000000e-01  1.26924527e+00 
 5.46000000e-01  5.46000000e-01  1.26935794e+00 
 5.47000000e-01  5.47000000e-01  1.26948241e+00 
 5.48000000e-01  5.48000000e-01  1.26956197e+00 
 5.49000000e-01  5.49000000e-01  1.26967460e+00 
 5.50000000e-01  5.50000000e-01  1.26973948e+00 
 5.51000000e-01  5.51000000e-01  1.26987526e+00 
 5.52000000e-01  5.52000000e-01  1.26997665e+00 
 5.53000000e-01  5.53000000e-01  1.27008887e+00 
 5.54000000e-01  5.54000000e-01  1.27019049e+00 
 5.55000000e-01  5.55000000e-01  1.27025612e+00 
 5.56000000e-01  5.56000000e-01  1.27037071e+00 
 5.57000000e-01  5.57000000e-01  1.27044529e+00 
 5.58000000e-01  5.58000000e-01  1.27058864e+00 
 5.59000000e-01  5.59000000e-01  1.27066446e+00 
 5.60000000e-01  5.60000000e-01  1.27075540e+00 
 5.61000000e-01  5.61000000e-01  1.27087023e+00 
 5.62000000e-01  5.62000000e-01  1.27095765e+00 
 5.63000000e-01  5.63000000e-01  1.27102070e+00 
 5.64000000e-01  5.64000000e-01  1.27116396e+00 
 5.65000000e-01  5.65000000e-01  1.27121507e+00 
 5.66000000e-01  5.66000000e-01  1.27130079e+00 
 5.67000000e-01  5.67000000e-01  1.27140647e+00 
 5.68000000e-01  5.68000000e-01  1.27150965e+00 
 5.69000000e-01  5.69000000e-01  1.27160345e+00 
 5.70000000e-01  5.70000000e-01  1.27167099e+00 
 5.71000000e-01  5.71000000e-01  1.27176879e+00 
 5.72000000e-01  5.72000000e-01  1.27188219e+00 
 5.73000000e-01  5.73000000e-01  1.27191599e+00 
 5.74000000e-01  5.74000000e-01  1.27199348e+00 
 5.75000000e-01  5.75000000e-01  1.27209729e+00 
 5.76000000e-01  5.76000000e-01  1.27215435e+00 
 5.77000000e-01  5.77000000e-01  1.27228158e+00 
 5.78000000e-01  5.78000000e-01  1.27234976e+00 
 5.79000000e-01  5.79000000e-01  1.27242453e+00 
 5.80000000e-01  5.80000000e-01  1.27251587e+00 
 5.81000000e-01  5.81000000e-01  1.27257966e+00 
 5.82000000e-01  5.82000000e-01  1.27264820e+00 
 5.83000000e-01  5.83000000e-01  1.27275107e+00 
 5.84000000e-01  5.84000000e-01  1.27283750e+00 
 5.85000000e-01  5.85000000e-01  1.27288357e+00 
 5.86000000e-01  5.86000000e-01  1.27297040e+00 
 5.87000000e-01  5.87000000e-01  1.27304521e+00 
 5.88000000e-01  5.88000000e-01  1.27316711e+00 
 5.89000000e-01  5.89000000e-01  1.27319273e+00 
 5.90000000e-01  5.90000000e-01  1.27326638e+00 
 5.91000000e-01  5.91000000e-01  1.27334158e+00 
 5.92000000e-01  5.92000000e-01  1.27348885e+00 
 5.93000000e-01  5.93000000e-01  1.27355154e+00 
 5.94000000e-01  5.94000000e-01  1.27359712e+00 
 5.95000000e-01  5.95000000e-01  1.27367200e+00 
 5.96000000e-01  5.96000000e-01  1.27376416e+00 
 5.97000000e-01  5.97000000e-01  1.27381604e+00 
 5.98000000e-01  5.98000000e-01  1.27388206e+00 
 5.99000000e-01  5.99000000e-01  1.27393881e+00 
 6.00000000e-01  6.00000000e-01  1.27402636e+00 
 6.01000000e-01  6.01000000e-01  1.27413579e+00 
 6.02000000e-01  6.02000000e-01  1.27418851e+00 
 6.03000000e-01  6.03000000e-01  1.27425071e+00 
 6.04000000e-01  6.04000000e-01  1.27429796e+00 
 6.05000000e-01  6.05000000e-01  1.27440555e+00 
 6.06000000e-01  6.06000000e-01  1.27442339e+00 
 6.07000000e-01  6.07000000e-01  1.27451937e+00 
 6.08000000e-01  6.08000000e-01  1.27458248e+00 
 6.09000000e-01  6.09000000e-01  1.27463937e+00 
 6.10000000e-01  6.10000000e-01  1.27468805e+00 
 6.11000000e-01  6.11000000e-01  1.27476583e+00 
 6.12000000e-01  6.12000000e-01  1.27487375e+00 
 6.13000000e-01  6.13000000e-01  1.27494599e+00 
 6.14000000e-01  6.14000000e-01  1.27500202e+00 
 6.15000000e-01  6.15000000e-01  1.27502989e+00 
 6.16000000e-01  6.16000000e-01  1.27513993e+00 
 6.17000000e-01  6.17000000e-01  1.27516630e+00 
 6.18000000e-01  6.18000000e-01  1.27522545e+00 
 6.19000000e-01  6.19000000e-01  1.27529792e+00 
 6.20000000e-01  6.20000000e-01  1.27538015e+00 
 6.21000000e-01  6.21000000e-01  1.27541839e+00 
 6.22000000e-01  6.22000000e-01  1.27548394e+00 
 6.23000000e-01  6.23000000e-01  1.27556687e+00 
 6.24000000e-01  6.24000000e-01  1.27559152e+00 
 6.25000000e-01  6.25000000e-01  1.27567512e+00 
 6.26000000e-01  6.26000000e-01  1.27572615e+00 
 6.27000000e-01  6.27000000e-01  1.27578487e+00 
 6.28000000e-01  6.28000000e-01  1.27583846e+00 
 6.29000000e-01  6.29000000e-01  1.27591539e+00 
 6.30000000e-01  6.30000000e-01  1.27593132e+00 
 6.31000000e-01  6.31000000e-01  1.27600208e+00 
 6.32000000e-01  6.32000000e-01  1.27608537e+00 
 6.33000000e-01  6.33000000e-01  1.27614694e+00 
 6.34000000e-01  6.34000000e-01  1.27617911e+00 
 6.35000000e-01  6.35000000e-01  1.27625816e+00 
 6.36000000e-01  6.36000000e-01  1.27629216e+00 
 6.37000000e-01  6.37000000e-01  1.27636772e+00 
 6.38000000e-01  6.38000000e-01  1.27643267e+00 
 6.39000000e-01  6.39000000e-01  1.27649247e+00 
 6.40000000e-01  6.40000000e-01  1.27655555e+00 
 6.41000000e-01  6.41000000e-01  1.27657403e+00 
 6.42000000e-01  6.42000000e-01  1.27666906e+00 
 6.43000000e-01  6.43000000e-01  1.27665977e+00 
 6.44000000e-01  6.44000000e-01  1.27673192e+00 
 6.45000000e-01  6.45000000e-01  1.27679084e+00 
 6.46000000e-01  6.46000000e-01  1.27685373e+00 
 6.47000000e-01  6.47000000e-01  1.27692396e+00 
 6.48000000e-01  6.48000000e-01  1.27693762e+00 
 6.49000000e-01  6.49000000e-01  1.27703441e+00 
 6.50000000e-01  6.50000000e-01  1.27707288e+00 
 6.51000000e-01  6.51000000e-01  1.27709768e+00 
 6.52000000e-01  6.52000000e-01  1.27715440e+00 
 6.53000000e-01  6.53000000e-01  1.27721374e+00 
 6.54000000e-01  6.54000000e-01  1.27725557e+00 
 6.55000000e-01  6.55000000e-01  1.27728816e+00 
 6.56000000e-01  6.56000000e-01  1.27736066e+00 
 6.57000000e-01  6.57000000e-01  1.27739808e+00 
 6.58000000e-01  6.58000000e-01  1.27749459e+00 
 6.59000000e-01  6.59000000e-01  1.27747907e+00 
 6.60000000e-01  6.60000000e-01  1.27758971e+00 
 6.61000000e-01  6.61000000e-01  1.27761414e+00 
 6.62000000e-01  6.62000000e-01  1.27768496e+00 
 6.63000000e-01  6.63000000e-01  1.27768345e+00 
 6.64000000e-01  6.64000000e-01  1.27773240e+00 
 6.65000000e-01  6.65000000e-01  1.27783838e+00 
 6.66000000e-01  6.66000000e-01  1.27786561e+00 
 6.67000000e-01  6.67000000e-01  1.27788406e+00 
 6.68000000e-01  6.68000000e-01  1.27796979e+00 
 6.69000000e-01  6.69000000e-01  1.27799086e+00 
 6.70000000e-01  6.70000000e-01  1.27803375e+00 
 6.71000000e-01  6.71000000e-01  1.27806510e+00 
 6.72000000e-01  6.72000000e-01  1.27812790e+00 
 6.73000000e-01  6.73000000e-01  1.27816405e+00 
 6.74000000e-01  6.74000000e-01  1.27821587e+00 
 6.75000000e-01  6.75000000e-01  1.27829288e+00 
 6.76000000e-01  6.76000000e-01  1.27829828e+00 
 6.77000000e-01  6.77000000e-01  1.27833407e+00 
 6.78000000e-01  6.78000000e-01  1.27841711e+00 
 6.79000000e-01  6.79000000e-01  1.27842101e+00 
 6.80000000e-01  6.80000000e-01  1.27849687e+00 
 6.81000000e-01  6.81000000e-01  1.27851520e+00 
 6.82000000e-01  6.82000000e-01  1.27854363e+00 
 6.83000000e-01  6.83000000e-01  1.27860615e+00 
 6.84000000e-01  6.84000000e-01  1.27865363e+00 
 6.85000000e-01  6.85000000e-01  1.27868353e+00 
 6.86000000e-01  6.86000000e-01  1.27873809e+00 
 6.87000000e-01  6.87000000e-01  1.27880504e+00 
 6.88000000e-01  6.88000000e-01  1.27882336e+00 
 6.89000000e-01  6.89000000e-01  1.27889153e+00 
 6.90000000e-01  6.90000000e-01  1.27890442e+00 
 6.91000000e-01  6.91000000e-01  1.27890193e+00 
 6.92000000e-01  6.92000000e-01  1.27898474e+00 
 6.93000000e-01  6.93000000e-01  1.27902211e+00 
 6.94000000e-01  6.94000000e-01  1.27905882e+00 
 6.95000000e-01  6.95000000e-01  1.27909329e+00 
 6.96000000e-01  6.96000000e-01  1.27917240e+00 
 6.97000000e-01  6.97000000e-01  1.27918198e+00 
 6.98000000e-01  6.98000000e-01  1.27922428e+00 
 6.99000000e-01  6.99000000e-01  1.27927531e+00 
 7.00000000e-01  7.00000000e-01  1.27930172e+00 
 7.01000000e-01  7.01000000e-01  1.27938177e+00 
 7.02000000e-01  7.02000000e-01  1.27936349e+00 
 7.03000000e-01  7.03000000e-01  1.27944876e+00 
 7.04000000e-01  7.04000000e-01  1.27946085e+00 
 7.05000000e-01  7.05000000e-01  1.27947480e+00 
 7.06000000e-01  7.06000000e-01  1.27955474e+00 
 7.07000000e-01  7.07000000e-01  1.27958031e+00 
 7.08000000e-01  7.08000000e-01  1.27961973e+00 
 7.09000000e-01  7.09000000e-01  1.27965845e+00 
 7.10000000e-01  7.10000000e-01  1.27968895e+00 
 7.11000000e-01  7.11000000e-01  1.27973146e+00 
 7.12000000e-01  7.12000000e-01  1.27977034e+00 
 7.13000000e-01  7.13000000e-01  1.27979703e+00 
 7.14000000e-01  7.14000000e-01  1.27987088e+00 
 7.15000000e-01  7.15000000e-01  1.27989660e+00 
 7.16000000e-01  7.16000000e-01  1.27989771e+00 
 7.17000000e-01  7.17000000e-01  1.27993997e+00 
 7.18000000e-01  7.18000000e-01  1.28001145e+00 
 7.19000000e-01  7.19000000e-01  1.28003681e+00 
 7.20000000e-01  7.20000000e-01  1.28003126e+00 
 7.21000000e-01  7.21000000e-01  1.28010470e+00 
 7.22000000e-01  7.22000000e-01  1.28009430e+00 
 7.23000000e-01  7.23000000e-01  1.28015031e+00 
 7.24000000e-01  7.24000000e-01  1.28018799e+00 
 7.25000000e-01  7.25000000e-01  1.28027166e+00 
 7.26000000e-01  7.26000000e-01  1.28024927e+00 
 7.27000000e-01  7.27000000e-01  1.28028145e+00 
 7.28000000e-01  7.28000000e-01  1.28033610e+00 
 7.29000000e-01  7.29000000e-01  1.28035320e+00 
 7.30000000e-01  7.30000000e-01  1.28038049e+00 
 7.31000000e-01  7.31000000e-01  1.28042665e+00 
 7.32000000e-01  7.32000000e-01  1.28048923e+00 
 7.33000000e-01  7.33000000e-01  1.28050739e+00 
 7.34000000e-01  7.34000000e-01  1.28052102e+00 
 7.35000000e-01  7.35000000e-01  1.28057274e+00 
 7.36000000e-01  7.36000000e-01  1.28058645e+00 
 7.37000000e-01  7.37000000e-01  1.28062307e+00 
 7.38000000e-01  7.38000000e-01  1.28065023e+00 
 7.39000000e-01  7.39000000e-01  1.28073901e+00 
 7.40000000e-01  7.40000000e-01  1.28074260e+00 
 7.41000000e-01  7.41000000e-01  1.28076901e+00 
 7.42000000e-01  7.42000000e-01  1.28081517e+00 
 7.43000000e-01  7.43000000e-01  1.28083002e+00 
 7.44000000e-01  7.44000000e-01  1.28082918e+00 
 7.45000000e-01  7.45000000e-01  1.28088948e+00 
 7.46000000e-01  7.46000000e-01  1.28088276e+00 
 7.47000000e-01  7.47000000e-01  1.28096187e+00 
 7.48000000e-01  7.48000000e-01  1.28100412e+00 
 7.49000000e-01  7.49000000e-01  1.28101876e+00 
 7.50000000e-01  7.50000000e-01  1.28103794e+00 
