 time            v(vind)         v(vout)         v(vinp)         v(vinn)         v(voutp)        v(voutn)       
 0.00000000e+00  0.00000000e+00 -1.31561428e-13  3.45000000e-01  3.45000000e-01  7.49141722e-01  7.49141722e-01 
 3.00000000e-07  9.42477790e-07  1.08001351e-07  3.45000471e-01  3.44999529e-01  7.49141776e-01  7.49141668e-01 
 6.00000000e-07  1.88495555e-06  3.52619214e-07  3.45000942e-01  3.44999058e-01  7.49141899e-01  7.49141547e-01 
 1.20000000e-06  3.76991083e-06  1.12383040e-06  3.45001885e-01  3.44998115e-01  7.49142286e-01  7.49141162e-01 
 2.40000000e-06  7.53981951e-06  4.35600833e-06  3.45003770e-01  3.44996230e-01  7.49143899e-01  7.49139543e-01 
 4.80000000e-06  1.50796219e-05  1.74732946e-05  3.45007540e-01  3.44992460e-01  7.49150420e-01  7.49132946e-01 
 9.60000000e-06  3.01591066e-05  6.94641959e-05  3.45015080e-01  3.44984920e-01  7.49176249e-01  7.49106785e-01 
 1.92000000e-05  6.03171159e-05  2.70037361e-04  3.45030159e-01  3.44969841e-01  7.49276396e-01  7.49006359e-01 
 3.84000000e-05  1.20625454e-04  1.01154715e-03  3.45060313e-01  3.44939687e-01  7.49648236e-01  7.48636689e-01 
 6.84000000e-05  2.14818794e-04  2.90911623e-03  3.45107409e-01  3.44892591e-01  7.50600995e-01  7.47691879e-01 
 9.84000000e-05  3.08935810e-04  5.49856247e-03  3.45154468e-01  3.44845532e-01  7.51899578e-01  7.46401016e-01 
 1.28400000e-04  4.02943063e-04  8.58336288e-03  3.45201472e-01  3.44798528e-01  7.53445498e-01  7.44862135e-01 
 1.58400000e-04  4.96807152e-04  1.20220327e-02  3.45248404e-01  3.44751596e-01  7.55169173e-01  7.43147140e-01 
 1.88400000e-04  5.90494728e-04  1.57125920e-02  3.45295247e-01  3.44704753e-01  7.57018755e-01  7.41306163e-01 
 2.18400000e-04  6.83972504e-04  1.95814103e-02  3.45341986e-01  3.44658014e-01  7.58957179e-01  7.39375768e-01 
 2.48400000e-04  7.77207268e-04  2.35752048e-02  3.45388604e-01  3.44611396e-01  7.60957006e-01  7.37381802e-01 
 2.78400000e-04  8.70165893e-04  2.76552979e-02  3.45435083e-01  3.44564917e-01  7.62999167e-01  7.35343869e-01 
 3.08400000e-04  9.62815353e-04  3.17934950e-02  3.45481408e-01  3.44518592e-01  7.65071260e-01  7.33277765e-01 
 3.38400000e-04  1.05512273e-03  3.59691271e-02  3.45527561e-01  3.44472439e-01  7.67163002e-01  7.31193875e-01 
 3.68400000e-04  1.14705523e-03  4.01669408e-02  3.45573528e-01  3.44426472e-01  7.69264916e-01  7.29097975e-01 
 3.98400000e-04  1.23858018e-03  4.43755479e-02  3.45619290e-01  3.44380710e-01  7.71371318e-01  7.26995771e-01 
 4.28400000e-04  1.32966507e-03  4.85863413e-02  3.45664833e-01  3.44335167e-01  7.73479518e-01  7.24893177e-01 
 4.58400000e-04  1.42027754e-03  5.27927152e-02  3.45710139e-01  3.44289861e-01  7.75585152e-01  7.22792437e-01 
 4.88400000e-04  1.51038539e-03  5.69895123e-02  3.45755193e-01  3.44244807e-01  7.77685538e-01  7.20696026e-01 
 5.18400000e-04  1.59995660e-03  6.11726205e-02  3.45799978e-01  3.44200022e-01  7.79780082e-01  7.18607462e-01 
 5.48400000e-04  1.68895936e-03  6.53386748e-02  3.45844480e-01  3.44155520e-01  7.81865962e-01  7.16527288e-01 
 5.78400000e-04  1.77736204e-03  6.94848142e-02  3.45888681e-01  3.44111319e-01  7.83939824e-01  7.14455010e-01 
 6.08400000e-04  1.86513324e-03  7.36085688e-02  3.45932567e-01  3.44067433e-01  7.86000510e-01  7.12391941e-01 
 6.38400000e-04  1.95224176e-03  7.77077835e-02  3.45976121e-01  3.44023879e-01  7.88049598e-01  7.10341814e-01 
 6.68400000e-04  2.03865665e-03  8.17805149e-02  3.46019328e-01  3.43980672e-01  7.90087496e-01  7.08306981e-01 
 6.98400000e-04  2.12434723e-03  8.58249549e-02  3.46062174e-01  3.43937826e-01  7.92111858e-01  7.06286903e-01 
 7.28400000e-04  2.20928303e-03  8.98393711e-02  3.46104642e-01  3.43895358e-01  7.94120424e-01  7.04281053e-01 
 7.58400000e-04  2.29343388e-03  9.38221483e-02  3.46146717e-01  3.43853283e-01  7.96113372e-01  7.02291224e-01 
 7.88400000e-04  2.37676989e-03  9.77717685e-02  3.46188385e-01  3.43811615e-01  7.98090498e-01  7.00318729e-01 
 8.18400000e-04  2.45926144e-03  1.01686723e-01  3.46229631e-01  3.43770369e-01  8.00049649e-01  6.98362926e-01 
 8.48400000e-04  2.54087923e-03  1.05565509e-01  3.46270440e-01  3.43729560e-01  8.01989917e-01  6.96424407e-01 
 8.78400000e-04  2.62159426e-03  1.09406701e-01  3.46310797e-01  3.43689203e-01  8.03911528e-01  6.94504827e-01 
 9.08400000e-04  2.70137785e-03  1.13208932e-01  3.46350689e-01  3.43649311e-01  8.05814064e-01  6.92605132e-01 
 9.38400000e-04  2.78020165e-03  1.16970800e-01  3.46390101e-01  3.43609899e-01  8.07695290e-01  6.90724490e-01 
 9.68400000e-04  2.85803765e-03  1.20690939e-01  3.46429019e-01  3.43570981e-01  8.09554210e-01  6.88863271e-01 
 9.98400000e-04  2.93485821e-03  1.24368032e-01  3.46467429e-01  3.43532571e-01  8.11392768e-01  6.87024736e-01 
 1.02840000e-03  3.01063603e-03  1.28000737e-01  3.46505318e-01  3.43494682e-01  8.13210860e-01  6.85210123e-01 
 1.05840000e-03  3.08534419e-03  1.31587774e-01  3.46542672e-01  3.43457328e-01  8.15007006e-01  6.83419232e-01 
 1.08840000e-03  3.15895613e-03  1.35127909e-01  3.46579478e-01  3.43420522e-01  8.16780792e-01  6.81652883e-01 
 1.11840000e-03  3.23144572e-03  1.38619855e-01  3.46615723e-01  3.43384277e-01  8.18529910e-01  6.79910055e-01 
 1.14840000e-03  3.30278719e-03  1.42062364e-01  3.46651394e-01  3.43348606e-01  8.20253360e-01  6.78190996e-01 
 1.17840000e-03  3.37295519e-03  1.45454225e-01  3.46686478e-01  3.43313522e-01  8.21952430e-01  6.76498205e-01 
 1.20840000e-03  3.44192480e-03  1.48794209e-01  3.46720962e-01  3.43279038e-01  8.23626730e-01  6.74832522e-01 
 1.23840000e-03  3.50967151e-03  1.52081156e-01  3.46754836e-01  3.43245164e-01  8.25274150e-01  6.73192994e-01 
 1.26840000e-03  3.57617124e-03  1.55313908e-01  3.46788086e-01  3.43211914e-01  8.26893424e-01  6.71579516e-01 
 1.29840000e-03  3.64140039e-03  1.58491289e-01  3.46820700e-01  3.43179300e-01  8.28484242e-01  6.69992952e-01 
 1.32840000e-03  3.70533576e-03  1.61612175e-01  3.46852668e-01  3.43147332e-01  8.30046431e-01  6.68434256e-01 
 1.35840000e-03  3.76795464e-03  1.64675462e-01  3.46883977e-01  3.43116023e-01  8.31580045e-01  6.66904583e-01 
 1.38840000e-03  3.82923478e-03  1.67680059e-01  3.46914617e-01  3.43085383e-01  8.33084253e-01  6.65404194e-01 
 1.41840000e-03  3.88915442e-03  1.70624910e-01  3.46944577e-01  3.43055423e-01  8.34558259e-01  6.63933349e-01 
 1.44840000e-03  3.94769226e-03  1.73509011e-01  3.46973846e-01  3.43026154e-01  8.36002303e-01  6.62493292e-01 
 1.47840000e-03  4.00482750e-03  1.76331336e-01  3.47002414e-01  3.42997586e-01  8.37416916e-01  6.61085580e-01 
 1.50840000e-03  4.06053985e-03  1.79090904e-01  3.47030270e-01  3.42969730e-01  8.38801129e-01  6.59710225e-01 
 1.53840000e-03  4.11480950e-03  1.81786756e-01  3.47057405e-01  3.42942595e-01  8.40153349e-01  6.58366593e-01 
 1.56840000e-03  4.16761719e-03  1.84417914e-01  3.47083809e-01  3.42916191e-01  8.41471882e-01  6.57053968e-01 
 1.59840000e-03  4.21894414e-03  1.86983421e-01  3.47109472e-01  3.42890528e-01  8.42755692e-01  6.55772272e-01 
 1.62840000e-03  4.26877211e-03  1.89482373e-01  3.47134386e-01  3.42865614e-01  8.44006325e-01  6.54523953e-01 
 1.65840000e-03  4.31708342e-03  1.91913922e-01  3.47158542e-01  3.42841458e-01  8.45224764e-01  6.53310842e-01 
 1.68840000e-03  4.36386088e-03  1.94277240e-01  3.47181930e-01  3.42818070e-01  8.46409629e-01  6.52132389e-01 
 1.71840000e-03  4.40908789e-03  1.96571491e-01  3.47204544e-01  3.42795456e-01  8.47559152e-01  6.50987661e-01 
 1.74840000e-03  4.45274836e-03  1.98795843e-01  3.47226374e-01  3.42773626e-01  8.48672621e-01  6.49876777e-01 
 1.77840000e-03  4.49482680e-03  2.00949505e-01  3.47247413e-01  3.42752587e-01  8.49750712e-01  6.48801207e-01 
 1.80840000e-03  4.53530825e-03  2.03031740e-01  3.47267654e-01  3.42732346e-01  8.50793646e-01  6.47761906e-01 
 1.83840000e-03  4.57417832e-03  2.05041836e-01  3.47287089e-01  3.42712911e-01  8.51800357e-01  6.46758521e-01 
 1.86840000e-03  4.61142321e-03  2.06979075e-01  3.47305712e-01  3.42694288e-01  8.52770322e-01  6.45791247e-01 
 1.89840000e-03  4.64702968e-03  2.08842782e-01  3.47323515e-01  3.42676485e-01  8.53704127e-01  6.44861345e-01 
 1.92840000e-03  4.68098509e-03  2.10632316e-01  3.47340493e-01  3.42659507e-01  8.54601968e-01  6.43969652e-01 
 1.95840000e-03  4.71327736e-03  2.12347061e-01  3.47356639e-01  3.42643361e-01  8.55461848e-01  6.43114787e-01 
 1.98840000e-03  4.74389503e-03  2.13986404e-01  3.47371948e-01  3.42628052e-01  8.56281451e-01  6.42295047e-01 
 2.01840000e-03  4.77282722e-03  2.15549740e-01  3.47386414e-01  3.42613586e-01  8.57062105e-01  6.41512364e-01 
 2.04840000e-03  4.80006364e-03  2.17036538e-01  3.47400032e-01  3.42599968e-01  8.57806799e-01  6.40770260e-01 
 2.07840000e-03  4.82559462e-03  2.18446323e-01  3.47412797e-01  3.42587203e-01  8.58515833e-01  6.40069510e-01 
 2.10840000e-03  4.84941109e-03  2.19778634e-01  3.47424706e-01  3.42575294e-01  8.59186933e-01  6.39408299e-01 
 2.13840000e-03  4.87150459e-03  2.21032996e-01  3.47435752e-01  3.42564248e-01  8.59818463e-01  6.38785467e-01 
 2.16840000e-03  4.89186727e-03  2.22208945e-01  3.47445934e-01  3.42554066e-01  8.60408655e-01  6.38199710e-01 
 2.19840000e-03  4.91049189e-03  2.23306040e-01  3.47455246e-01  3.42544754e-01  8.60957436e-01  6.37651396e-01 
 2.22840000e-03  4.92737184e-03  2.24323902e-01  3.47463686e-01  3.42536314e-01  8.61467739e-01  6.37143837e-01 
 2.25840000e-03  4.94250111e-03  2.25262193e-01  3.47471251e-01  3.42528749e-01  8.61938011e-01  6.36675818e-01 
 2.28840000e-03  4.95587434e-03  2.26120579e-01  3.47477937e-01  3.42522063e-01  8.62367468e-01  6.36246889e-01 
 2.31840000e-03  4.96748676e-03  2.26898770e-01  3.47483743e-01  3.42516257e-01  8.62758165e-01  6.35859396e-01 
 2.34840000e-03  4.97733427e-03  2.27596516e-01  3.47488667e-01  3.42511333e-01  8.63109402e-01  6.35512886e-01 
 2.37840000e-03  4.98541335e-03  2.28213578e-01  3.47492707e-01  3.42507293e-01  8.63419890e-01  6.35206312e-01 
 2.40840000e-03  4.99172113e-03  2.28749728e-01  3.47495861e-01  3.42504139e-01  8.63688717e-01  6.34938989e-01 
 2.43840000e-03  4.99625539e-03  2.29204768e-01  3.47498128e-01  3.42501872e-01  8.63916121e-01  6.34711353e-01 
 2.46840000e-03  4.99901449e-03  2.29578535e-01  3.47499507e-01  3.42500493e-01  8.64102150e-01  6.34523615e-01 
 2.49840000e-03  4.99999747e-03  2.29870899e-01  3.47499999e-01  3.42500001e-01  8.64247289e-01  6.34376390e-01 
 2.52840000e-03  4.99920398e-03  2.30081773e-01  3.47499602e-01  3.42500398e-01  8.64352408e-01  6.34270635e-01 
 2.55840000e-03  4.99663429e-03  2.30211093e-01  3.47498317e-01  3.42501683e-01  8.64416628e-01  6.34205535e-01 
 2.58840000e-03  4.99228932e-03  2.30258822e-01  3.47496145e-01  3.42503855e-01  8.64440602e-01  6.34181780e-01 
 2.61840000e-03  4.98617062e-03  2.30224964e-01  3.47493085e-01  3.42506915e-01  8.64425844e-01  6.34200881e-01 
 2.64840000e-03  4.97828035e-03  2.30109541e-01  3.47489140e-01  3.42510860e-01  8.64370168e-01  6.34260627e-01 
 2.67840000e-03  4.96862132e-03  2.29912573e-01  3.47484311e-01  3.42515689e-01  8.64271512e-01  6.34358939e-01 
 2.70840000e-03  4.95719697e-03  2.29634105e-01  3.47478598e-01  3.42521402e-01  8.64131339e-01  6.34497233e-01 
 2.73840000e-03  4.94401134e-03  2.29274237e-01  3.47472006e-01  3.42527994e-01  8.63950684e-01  6.34676447e-01 
 2.76840000e-03  4.92906913e-03  2.28833103e-01  3.47464535e-01  3.42535465e-01  8.63729401e-01  6.34896298e-01 
 2.79840000e-03  4.91237565e-03  2.28310864e-01  3.47456188e-01  3.42543812e-01  8.63468230e-01  6.35157366e-01 
 2.82840000e-03  4.89393683e-03  2.27707719e-01  3.47446968e-01  3.42553032e-01  8.63167740e-01  6.35460020e-01 
 2.85840000e-03  4.87375921e-03  2.27023889e-01  3.47436880e-01  3.42563120e-01  8.62827248e-01  6.35803358e-01 
 2.88840000e-03  4.85184997e-03  2.26259603e-01  3.47425925e-01  3.42574075e-01  8.62445540e-01  6.36185936e-01 
 2.91840000e-03  4.82821689e-03  2.25415108e-01  3.47414108e-01  3.42585892e-01  8.62022413e-01  6.36607305e-01 
 2.94840000e-03  4.80286836e-03  2.24490684e-01  3.47401434e-01  3.42598566e-01  8.61558157e-01  6.37067473e-01 
 2.97840000e-03  4.77581340e-03  2.23486654e-01  3.47387907e-01  3.42612093e-01  8.61054228e-01  6.37567574e-01 
 3.00840000e-03  4.74706162e-03  2.22403376e-01  3.47373531e-01  3.42626469e-01  8.60510313e-01  6.38106937e-01 
 3.03840000e-03  4.71662323e-03  2.21241210e-01  3.47358312e-01  3.42641688e-01  8.59924597e-01  6.38683387e-01 
 3.06840000e-03  4.68450904e-03  2.20000550e-01  3.47342255e-01  3.42657745e-01  8.59299024e-01  6.39298474e-01 
 3.09840000e-03  4.65073048e-03  2.18681859e-01  3.47325365e-01  3.42674635e-01  8.58636521e-01  6.39954662e-01 
 3.12840000e-03  4.61529952e-03  2.17285642e-01  3.47307650e-01  3.42692350e-01  8.57939266e-01  6.40653624e-01 
 3.15840000e-03  4.57822878e-03  2.15812421e-01  3.47289114e-01  3.42710886e-01  8.57206101e-01  6.41393680e-01 
 3.18840000e-03  4.53953141e-03  2.14262712e-01  3.47269766e-01  3.42730234e-01  8.56434077e-01  6.42171364e-01 
 3.21840000e-03  4.49922117e-03  2.12637034e-01  3.47249611e-01  3.42750389e-01  8.55622854e-01  6.42985820e-01 
 3.24840000e-03  4.45731237e-03  2.10935926e-01  3.47228656e-01  3.42771344e-01  8.54772870e-01  6.43836944e-01 
 3.27840000e-03  4.41381992e-03  2.09159956e-01  3.47206910e-01  3.42793090e-01  8.53884072e-01  6.44724116e-01 
 3.30840000e-03  4.36875925e-03  2.07309727e-01  3.47184380e-01  3.42815620e-01  8.52957359e-01  6.45647633e-01 
 3.33840000e-03  4.32214639e-03  2.05385902e-01  3.47161073e-01  3.42838927e-01  8.51994740e-01  6.46608838e-01 
 3.36840000e-03  4.27399789e-03  2.03389164e-01  3.47136999e-01  3.42863001e-01  8.50995962e-01  6.47606798e-01 
 3.39840000e-03  4.22433085e-03  2.01320219e-01  3.47112165e-01  3.42887835e-01  8.49961161e-01  6.48640942e-01 
 3.42840000e-03  4.17316293e-03  1.99179789e-01  3.47086581e-01  3.42913419e-01  8.48890848e-01  6.49711059e-01 
 3.45840000e-03  4.12051231e-03  1.96968621e-01  3.47060256e-01  3.42939744e-01  8.47784126e-01  6.50815506e-01 
 3.48840000e-03  4.06639769e-03  1.94687479e-01  3.47033199e-01  3.42966801e-01  8.46640738e-01  6.51953259e-01 
 3.51840000e-03  4.01083830e-03  1.92337137e-01  3.47005419e-01  3.42994581e-01  8.45460999e-01  6.53123862e-01 
 3.54840000e-03  3.95385387e-03  1.89918403e-01  3.46976927e-01  3.43023073e-01  8.44246722e-01  6.54328318e-01 
 3.57840000e-03  3.89546466e-03  1.87432153e-01  3.46947732e-01  3.43052268e-01  8.42999087e-01  6.55566933e-01 
 3.60840000e-03  3.83569141e-03  1.84879284e-01  3.46917846e-01  3.43082154e-01  8.41718616e-01  6.56839332e-01 
 3.63840000e-03  3.77455536e-03  1.82260673e-01  3.46887278e-01  3.43112722e-01  8.40405997e-01  6.58145324e-01 
 3.66840000e-03  3.71207822e-03  1.79577268e-01  3.46856039e-01  3.43143961e-01  8.39061771e-01  6.59484504e-01 
 3.69840000e-03  3.64828220e-03  1.76830027e-01  3.46824141e-01  3.43175859e-01  8.37686177e-01  6.60856149e-01 
 3.72840000e-03  3.58318997e-03  1.74019905e-01  3.46791595e-01  3.43208405e-01  8.36280100e-01  6.62260195e-01 
 3.75840000e-03  3.51682464e-03  1.71147894e-01  3.46758412e-01  3.43241588e-01  8.34843846e-01  6.63695953e-01 
 3.78840000e-03  3.44920980e-03  1.68214997e-01  3.46724605e-01  3.43275395e-01  8.33376224e-01  6.65161227e-01 
 3.81840000e-03  3.38036948e-03  1.65222214e-01  3.46690185e-01  3.43309815e-01  8.31877607e-01  6.66655393e-01 
 3.84840000e-03  3.31032812e-03  1.62170613e-01  3.46655164e-01  3.43344836e-01  8.30348985e-01  6.68178372e-01 
 3.87840000e-03  3.23911063e-03  1.59061277e-01  3.46619555e-01  3.43380445e-01  8.28790784e-01  6.69729506e-01 
 3.90840000e-03  3.16674229e-03  1.55895281e-01  3.46583371e-01  3.43416629e-01  8.27204085e-01  6.71308804e-01 
 3.93840000e-03  3.09324882e-03  1.52673729e-01  3.46546624e-01  3.43453376e-01  8.25589714e-01  6.72915985e-01 
 3.96840000e-03  3.01865634e-03  1.49397764e-01  3.46509328e-01  3.43490672e-01  8.23947692e-01  6.74549928e-01 
 3.99840000e-03  2.94299134e-03  1.46068568e-01  3.46471496e-01  3.43528504e-01  8.22280076e-01  6.76211508e-01 
 4.02840000e-03  2.86628071e-03  1.42687333e-01  3.46433140e-01  3.43566860e-01  8.20589065e-01  6.77901732e-01 
 4.05840000e-03  2.78855171e-03  1.39255278e-01  3.46394276e-01  3.43605724e-01  8.18873085e-01  6.79617807e-01 
 4.08840000e-03  2.70983194e-03  1.35773599e-01  3.46354916e-01  3.43645084e-01  8.17130514e-01  6.81356915e-01 
 4.11840000e-03  2.63014939e-03  1.32243489e-01  3.46315075e-01  3.43684925e-01  8.15362762e-01  6.83119273e-01 
 4.14840000e-03  2.54953235e-03  1.28666178e-01  3.46274766e-01  3.43725234e-01  8.13570916e-01  6.84904738e-01 
 4.17840000e-03  2.46800948e-03  1.25042955e-01  3.46234005e-01  3.43765995e-01  8.11755664e-01  6.86712710e-01 
 4.20840000e-03  2.38560974e-03  1.21375122e-01  3.46192805e-01  3.43807195e-01  8.09918676e-01  6.88543554e-01 
 4.23840000e-03  2.30236240e-03  1.17663966e-01  3.46151181e-01  3.43848819e-01  8.08060722e-01  6.90396756e-01 
 4.26840000e-03  2.21829705e-03  1.13910804e-01  3.46109149e-01  3.43890851e-01  8.06181278e-01  6.92270474e-01 
 4.29840000e-03  2.13344354e-03  1.10116948e-01  3.46066722e-01  3.43933278e-01  8.04280732e-01  6.94163783e-01 
 4.32840000e-03  2.04783203e-03  1.06283766e-01  3.46023916e-01  3.43976084e-01  8.02360546e-01  6.96076780e-01 
 4.35840000e-03  1.96149293e-03  1.02412619e-01  3.45980746e-01  3.44019254e-01  8.00421617e-01  6.98008998e-01 
 4.38840000e-03  1.87445693e-03  9.85048739e-02  3.45937228e-01  3.44062772e-01  7.98465220e-01  6.99960346e-01 
 4.41840000e-03  1.78675494e-03  9.45619420e-02  3.45893377e-01  3.44106623e-01  7.96492586e-01  7.01930644e-01 
 4.44840000e-03  1.69841813e-03  9.05852283e-02  3.45849209e-01  3.44150791e-01  7.94503339e-01  7.03918111e-01 
 4.47840000e-03  1.60947787e-03  8.65761432e-02  3.45804739e-01  3.44195261e-01  7.92497592e-01  7.05921449e-01 
 4.50840000e-03  1.51996578e-03  8.25361076e-02  3.45759983e-01  3.44240017e-01  7.90475964e-01  7.07939856e-01 
 4.53840000e-03  1.42991365e-03  7.84665715e-02  3.45714957e-01  3.44285043e-01  7.88439714e-01  7.09973143e-01 
 4.56840000e-03  1.33935347e-03  7.43689829e-02  3.45669677e-01  3.44330323e-01  7.86391113e-01  7.12022130e-01 
 4.59840000e-03  1.24831744e-03  7.02447883e-02  3.45624159e-01  3.44375841e-01  7.84329123e-01  7.14084335e-01 
 4.62840000e-03  1.15683788e-03  6.60954533e-02  3.45578419e-01  3.44421581e-01  7.82252831e-01  7.16157378e-01 
 4.65840000e-03  1.06494730e-03  6.19224519e-02  3.45532474e-01  3.44467526e-01  7.80163790e-01  7.18241338e-01 
 4.68840000e-03  9.72678349e-04  5.77272647e-02  3.45486339e-01  3.44513661e-01  7.78063497e-01  7.20336232e-01 
 4.71840000e-03  8.80063812e-04  5.35114044e-02  3.45440032e-01  3.44559968e-01  7.75953466e-01  7.22442062e-01 
 4.74840000e-03  7.87136592e-04  4.92763906e-02  3.45393568e-01  3.44606432e-01  7.73834491e-01  7.24558101e-01 
 4.77840000e-03  6.93929707e-04  4.50237252e-02  3.45346965e-01  3.44653035e-01  7.71708162e-01  7.26684437e-01 
 4.80840000e-03  6.00476271e-04  4.07549211e-02  3.45300238e-01  3.44699762e-01  7.69574358e-01  7.28819437e-01 
 4.83840000e-03  5.06809489e-04  3.64715106e-02  3.45253405e-01  3.44746595e-01  7.67431065e-01  7.30959554e-01 
 4.86840000e-03  4.12962640e-04  3.21750288e-02  3.45206481e-01  3.44793519e-01  7.65279875e-01  7.33104846e-01 
 4.89840000e-03  3.18969068e-04  2.78669961e-02  3.45159485e-01  3.44840515e-01  7.63123602e-01  7.35256606e-01 
 4.92840000e-03  2.24862167e-04  2.35489624e-02  3.45112431e-01  3.44887569e-01  7.60962909e-01  7.37413946e-01 
 4.95840000e-03  1.30675374e-04  1.92224733e-02  3.45065338e-01  3.44934662e-01  7.58796626e-01  7.39574153e-01 
 4.98840000e-03  3.64421521e-05  1.48890724e-02  3.45018221e-01  3.44981779e-01  7.56626663e-01  7.41737590e-01 
 5.01840000e-03 -5.78040171e-05  1.05503168e-02  3.44971098e-01  3.45028902e-01  7.54456142e-01  7.43905825e-01 
 5.04840000e-03 -1.52029649e-04  6.20775990e-03  3.44923985e-01  3.45076015e-01  7.52285385e-01  7.46077625e-01 
 5.07840000e-03 -2.46201265e-04  1.86295451e-03  3.44876899e-01  3.45123101e-01  7.50114866e-01  7.48251911e-01 
 5.10840000e-03 -3.40285408e-04 -2.48254703e-03  3.44829857e-01  3.45170143e-01  7.47943536e-01  7.50426083e-01 
 5.13840000e-03 -4.34248648e-04 -6.82719326e-03  3.44782876e-01  3.45217124e-01  7.45771928e-01  7.52599121e-01 
 5.16840000e-03 -5.28057602e-04 -1.11694282e-02  3.44735971e-01  3.45264029e-01  7.43601776e-01  7.54771204e-01 
 5.19840000e-03 -6.21678940e-04 -1.55076981e-02  3.44689161e-01  3.45310839e-01  7.41432874e-01  7.56940572e-01 
 5.22840000e-03 -7.15079398e-04 -1.98404453e-02  3.44642460e-01  3.45357540e-01  7.39266214e-01  7.59106660e-01 
 5.25840000e-03 -8.08225791e-04 -2.41661194e-02  3.44595887e-01  3.45404113e-01  7.37103491e-01  7.61269610e-01 
 5.28840000e-03 -9.01085026e-04 -2.84831809e-02  3.44549457e-01  3.45450543e-01  7.34945744e-01  7.63428925e-01 
 5.31840000e-03 -9.93624110e-04 -3.27900784e-02  3.44503188e-01  3.45496812e-01  7.32792737e-01  7.65582816e-01 
 5.34840000e-03 -1.08581016e-03 -3.70852714e-02  3.44457095e-01  3.45542905e-01  7.30644222e-01  7.67729493e-01 
 5.37840000e-03 -1.17761043e-03 -4.13672179e-02  3.44411195e-01  3.45588805e-01  7.28501991e-01  7.69869208e-01 
 5.40840000e-03 -1.26899231e-03 -4.56343870e-02  3.44365504e-01  3.45634496e-01  7.26367473e-01  7.72001860e-01 
 5.43840000e-03 -1.35992331e-03 -4.98852541e-02  3.44320038e-01  3.45679962e-01  7.24241929e-01  7.74127183e-01 
 5.46840000e-03 -1.45037114e-03 -5.41183021e-02  3.44274814e-01  3.45725186e-01  7.22126496e-01  7.76244798e-01 
 5.49840000e-03 -1.54030366e-03 -5.83320271e-02  3.44229848e-01  3.45770152e-01  7.20020478e-01  7.78352505e-01 
 5.52840000e-03 -1.62968892e-03 -6.25249061e-02  3.44185156e-01  3.45814844e-01  7.17923450e-01  7.80448356e-01 
 5.55840000e-03 -1.71849515e-03 -6.66954365e-02  3.44140752e-01  3.45859248e-01  7.15836189e-01  7.82531626e-01 
 5.58840000e-03 -1.80669082e-03 -7.08421114e-02  3.44096655e-01  3.45903345e-01  7.13760393e-01  7.84602504e-01 
 5.61840000e-03 -1.89424457e-03 -7.49634527e-02  3.44052878e-01  3.45947122e-01  7.11697332e-01  7.86660785e-01 
 5.64840000e-03 -1.98112531e-03 -7.90580173e-02  3.44009437e-01  3.45990563e-01  7.09647756e-01  7.88705773e-01 
 5.67840000e-03 -2.06730217e-03 -8.31243426e-02  3.43966349e-01  3.46033651e-01  7.07613691e-01  7.90738033e-01 
 5.70840000e-03 -2.15274452e-03 -8.71609554e-02  3.43923628e-01  3.46076372e-01  7.05596399e-01  7.92757355e-01 
 5.73840000e-03 -2.23742201e-03 -9.11664418e-02  3.43881289e-01  3.46118711e-01  7.03595880e-01  7.94762322e-01 
 5.76840000e-03 -2.32130456e-03 -9.51393886e-02  3.43839348e-01  3.46160652e-01  7.01612323e-01  7.96751711e-01 
 5.79840000e-03 -2.40436236e-03 -9.90783612e-02  3.43797819e-01  3.46202181e-01  6.99645917e-01  7.98724278e-01 
 5.82840000e-03 -2.48656590e-03 -1.02981953e-01  3.43756717e-01  3.46243283e-01  6.97697590e-01  8.00679543e-01 
 5.85840000e-03 -2.56788597e-03 -1.06848776e-01  3.43716057e-01  3.46283943e-01  6.95768149e-01  8.02616925e-01 
 5.88840000e-03 -2.64829369e-03 -1.10677435e-01  3.43675853e-01  3.46324147e-01  6.93857539e-01  8.04534974e-01 
 5.91840000e-03 -2.72776048e-03 -1.14466584e-01  3.43636120e-01  3.46363880e-01  6.91966395e-01  8.06432979e-01 
 5.94840000e-03 -2.80625811e-03 -1.18214868e-01  3.43596871e-01  3.46403129e-01  6.90095427e-01  8.08310295e-01 
 5.97840000e-03 -2.88375869e-03 -1.21920955e-01  3.43558121e-01  3.46441879e-01  6.88245739e-01  8.10166694e-01 
 6.00840000e-03 -2.96023468e-03 -1.25583526e-01  3.43519883e-01  3.46480117e-01  6.86418122e-01  8.12001648e-01 
 6.03840000e-03 -3.03565892e-03 -1.29201280e-01  3.43482171e-01  3.46517829e-01  6.84612565e-01  8.13813845e-01 
 6.06840000e-03 -3.11000460e-03 -1.32772946e-01  3.43444998e-01  3.46555002e-01  6.82830028e-01  8.15602974e-01 
 6.09840000e-03 -3.18324532e-03 -1.36297233e-01  3.43408377e-01  3.46591623e-01  6.81070790e-01  8.17368023e-01 
 6.12840000e-03 -3.25535504e-03 -1.39772892e-01  3.43372322e-01  3.46627678e-01  6.79336555e-01  8.19109446e-01 
 6.15840000e-03 -3.32630815e-03 -1.43198698e-01  3.43336846e-01  3.46663154e-01  6.77627994e-01  8.20826693e-01 
 6.18840000e-03 -3.39607943e-03 -1.46573420e-01  3.43301960e-01  3.46698040e-01  6.75944157e-01  8.22517577e-01 
 6.21840000e-03 -3.46464411e-03 -1.49895865e-01  3.43267678e-01  3.46732322e-01  6.74286850e-01  8.24182715e-01 
 6.24840000e-03 -3.53197781e-03 -1.53164890e-01  3.43234011e-01  3.46765989e-01  6.72655434e-01  8.25820324e-01 
 6.27840000e-03 -3.59805662e-03 -1.56379316e-01  3.43200972e-01  3.46799028e-01  6.71048772e-01  8.27428088e-01 
 6.30840000e-03 -3.66285706e-03 -1.59537974e-01  3.43168571e-01  3.46831429e-01  6.69469783e-01  8.29007757e-01 
 6.33840000e-03 -3.72635610e-03 -1.62639740e-01  3.43136822e-01  3.46863178e-01  6.67919834e-01  8.30559575e-01 
 6.36840000e-03 -3.78853119e-03 -1.65683530e-01  3.43105734e-01  3.46894266e-01  6.66398274e-01  8.32081804e-01 
 6.39840000e-03 -3.84936023e-03 -1.68668308e-01  3.43075320e-01  3.46924680e-01  6.64907002e-01  8.33575310e-01 
 6.42840000e-03 -3.90882160e-03 -1.71593030e-01  3.43045589e-01  3.46954411e-01  6.63447469e-01  8.35040498e-01 
 6.45840000e-03 -3.96689420e-03 -1.74456648e-01  3.43016553e-01  3.46983447e-01  6.62017629e-01  8.36474277e-01 
 6.48840000e-03 -4.02355737e-03 -1.77258140e-01  3.42988221e-01  3.47011779e-01  6.60617317e-01  8.37875458e-01 
 6.51840000e-03 -4.07879099e-03 -1.79996515e-01  3.42960605e-01  3.47039395e-01  6.59249032e-01  8.39245547e-01 
 6.54840000e-03 -4.13257544e-03 -1.82670822e-01  3.42933712e-01  3.47066288e-01  6.57914410e-01  8.40585232e-01 
 6.57840000e-03 -4.18489161e-03 -1.85280135e-01  3.42907554e-01  3.47092446e-01  6.56612850e-01  8.41892985e-01 
 6.60840000e-03 -4.23572090e-03 -1.87823524e-01  3.42882140e-01  3.47117860e-01  6.55343955e-01  8.43167479e-01 
 6.63840000e-03 -4.28504526e-03 -1.90300113e-01  3.42857477e-01  3.47142523e-01  6.54109826e-01  8.44409939e-01 
 6.66840000e-03 -4.33284716e-03 -1.92709062e-01  3.42833576e-01  3.47166424e-01  6.52911893e-01  8.45620955e-01 
 6.69840000e-03 -4.37910963e-03 -1.95049522e-01  3.42810445e-01  3.47189555e-01  6.51748789e-01  8.46798311e-01 
 6.72840000e-03 -4.42381622e-03 -1.97320642e-01  3.42788092e-01  3.47211908e-01  6.50618100e-01  8.47938742e-01 
 6.75840000e-03 -4.46695104e-03 -1.99521605e-01  3.42766524e-01  3.47233476e-01  6.49520078e-01  8.49041682e-01 
 6.78840000e-03 -4.50849878e-03 -2.01651617e-01  3.42745751e-01  3.47254249e-01  6.48456071e-01  8.50107687e-01 
 6.81840000e-03 -4.54844468e-03 -2.03709922e-01  3.42725778e-01  3.47274222e-01  6.47427992e-01  8.51137915e-01 
 6.84840000e-03 -4.58677453e-03 -2.05695831e-01  3.42706613e-01  3.47293387e-01  6.46436090e-01  8.52131921e-01 
 6.87840000e-03 -4.62347472e-03 -2.07608645e-01  3.42688263e-01  3.47311737e-01  6.45479518e-01  8.53088163e-01 
 6.90840000e-03 -4.65853221e-03 -2.09447682e-01  3.42670734e-01  3.47329266e-01  6.44559866e-01  8.54007548e-01 
 6.93840000e-03 -4.69193455e-03 -2.11212304e-01  3.42654033e-01  3.47345967e-01  6.43677582e-01  8.54889886e-01 
 6.96840000e-03 -4.72366987e-03 -2.12901904e-01  3.42638165e-01  3.47361835e-01  6.42833013e-01  8.55734917e-01 
 6.99840000e-03 -4.75372689e-03 -2.14515918e-01  3.42623137e-01  3.47376863e-01  6.42026824e-01  8.56542741e-01 
 7.02840000e-03 -4.78209493e-03 -2.16053787e-01  3.42608953e-01  3.47391047e-01  6.41259269e-01  8.57313055e-01 
 7.05840000e-03 -4.80876392e-03 -2.17514974e-01  3.42595618e-01  3.47404382e-01  6.40530388e-01  8.58045363e-01 
 7.08840000e-03 -4.83372438e-03 -2.18898964e-01  3.42583138e-01  3.47416862e-01  6.39839666e-01  8.58738630e-01 
 7.11840000e-03 -4.85696744e-03 -2.20205276e-01  3.42571516e-01  3.47428484e-01  6.39187676e-01  8.59392952e-01 
 7.14840000e-03 -4.87848484e-03 -2.21433447e-01  3.42560758e-01  3.47439242e-01  6.38573484e-01  8.60006931e-01 
 7.17840000e-03 -4.89826893e-03 -2.22583029e-01  3.42550866e-01  3.47449134e-01  6.37997123e-01  8.60580152e-01 
 7.20840000e-03 -4.91631270e-03 -2.23653629e-01  3.42541844e-01  3.47458156e-01  6.37461178e-01  8.61114807e-01 
 7.23840000e-03 -4.93260972e-03 -2.24644900e-01  3.42533695e-01  3.47466305e-01  6.36966169e-01  8.61611069e-01 
 7.26840000e-03 -4.94715422e-03 -2.25556517e-01  3.42526423e-01  3.47473577e-01  6.36512575e-01  8.62069092e-01 
 7.29840000e-03 -4.95994101e-03 -2.26388172e-01  3.42520029e-01  3.47479971e-01  6.36099341e-01  8.62487513e-01 
 7.32840000e-03 -4.97096555e-03 -2.27139569e-01  3.42514517e-01  3.47485483e-01  6.35725396e-01  8.62864966e-01 
 7.35840000e-03 -4.98022394e-03 -2.27810444e-01  3.42509888e-01  3.47490112e-01  6.35392635e-01  8.63203079e-01 
 7.38840000e-03 -4.98771288e-03 -2.28400572e-01  3.42506144e-01  3.47493856e-01  6.35101002e-01  8.63501574e-01 
 7.41840000e-03 -4.99342970e-03 -2.28909745e-01  3.42503285e-01  3.47496715e-01  6.34849200e-01  8.63758945e-01 
 7.44840000e-03 -4.99737239e-03 -2.29337774e-01  3.42501314e-01  3.47498686e-01  6.34637469e-01  8.63975244e-01 
 7.47840000e-03 -4.99953953e-03 -2.29684517e-01  3.42500230e-01  3.47499770e-01  6.34467424e-01  8.64151941e-01 
 7.50840000e-03 -4.99993036e-03 -2.29949863e-01  3.42500035e-01  3.47499965e-01  6.34338408e-01  8.64288270e-01 
 7.53840000e-03 -4.99854474e-03 -2.30133714e-01  3.42500728e-01  3.47499272e-01  6.34249509e-01  8.64383223e-01 
 7.56840000e-03 -4.99538316e-03 -2.30236001e-01  3.42502308e-01  3.47497692e-01  6.34201095e-01  8.64437096e-01 
 7.59840000e-03 -4.99044674e-03 -2.30256671e-01  3.42504777e-01  3.47495223e-01  6.34191110e-01  8.64447780e-01 
 7.62840000e-03 -4.98373724e-03 -2.30195690e-01  3.42508131e-01  3.47491869e-01  6.34220138e-01  8.64415829e-01 
 7.65840000e-03 -4.97525704e-03 -2.30053084e-01  3.42512371e-01  3.47487629e-01  6.34290233e-01  8.64343317e-01 
 7.68840000e-03 -4.96500916e-03 -2.29828920e-01  3.42517495e-01  3.47482505e-01  6.34401740e-01  8.64230660e-01 
 7.71840000e-03 -4.95299724e-03 -2.29523299e-01  3.42523501e-01  3.47476499e-01  6.34554778e-01  8.64078076e-01 
 7.74840000e-03 -4.93922553e-03 -2.29136336e-01  3.42530387e-01  3.47469613e-01  6.34748480e-01  8.63884816e-01 
 7.77840000e-03 -4.92369895e-03 -2.28668165e-01  3.42538151e-01  3.47461849e-01  6.34982424e-01  8.63650588e-01 
 7.80840000e-03 -4.90642299e-03 -2.28118949e-01  3.42546789e-01  3.47453211e-01  6.35257098e-01  8.63376046e-01 
 7.83840000e-03 -4.88740381e-03 -2.27488881e-01  3.42556298e-01  3.47443702e-01  6.35571867e-01  8.63060748e-01 
 7.86840000e-03 -4.86664816e-03 -2.26778174e-01  3.42566676e-01  3.47433324e-01  6.35925815e-01  8.62703989e-01 
 7.89840000e-03 -4.84416341e-03 -2.25987064e-01  3.42577918e-01  3.47422082e-01  6.36319190e-01  8.62306254e-01 
 7.92840000e-03 -4.81995755e-03 -2.25115826e-01  3.42590021e-01  3.47409979e-01  6.36752437e-01  8.61868264e-01 
 7.95840000e-03 -4.79403919e-03 -2.24164776e-01  3.42602980e-01  3.47397020e-01  6.37226197e-01  8.61390974e-01 
 7.98840000e-03 -4.76641752e-03 -2.23134258e-01  3.42616791e-01  3.47383209e-01  6.37739900e-01  8.60874158e-01 
 8.01840000e-03 -4.73710237e-03 -2.22024635e-01  3.42631449e-01  3.47368551e-01  6.38293877e-01  8.60318512e-01 
 8.04840000e-03 -4.70610415e-03 -2.20836310e-01  3.42646948e-01  3.47353052e-01  6.38888362e-01  8.59724672e-01 
 8.07840000e-03 -4.67343387e-03 -2.19569697e-01  3.42663283e-01  3.47336717e-01  6.39521472e-01  8.59091169e-01 
 8.10840000e-03 -4.63910315e-03 -2.18225222e-01  3.42680448e-01  3.47319552e-01  6.40192278e-01  8.58417501e-01 
 8.13840000e-03 -4.60312417e-03 -2.16803338e-01  3.42698438e-01  3.47301562e-01  6.40900654e-01  8.57703992e-01 
 8.16840000e-03 -4.56550972e-03 -2.15304534e-01  3.42717245e-01  3.47282755e-01  6.41647180e-01  8.56951715e-01 
 8.19840000e-03 -4.52627318e-03 -2.13729344e-01  3.42736863e-01  3.47263137e-01  6.42432619e-01  8.56161962e-01 
 8.22840000e-03 -4.48542846e-03 -2.12078328e-01  3.42757286e-01  3.47242714e-01  6.43255881e-01  8.55334209e-01 
 8.25840000e-03 -4.44299010e-03 -2.10352058e-01  3.42778505e-01  3.47221495e-01  6.44116407e-01  8.54468465e-01 
 8.28840000e-03 -4.39897316e-03 -2.08551137e-01  3.42800513e-01  3.47199487e-01  6.45015106e-01  8.53566243e-01 
 8.31840000e-03 -4.35339329e-03 -2.06676205e-01  3.42823303e-01  3.47176697e-01  6.45951195e-01  8.52627400e-01 
 8.34840000e-03 -4.30626668e-03 -2.04727935e-01  3.42846867e-01  3.47153133e-01  6.46924174e-01  8.51652109e-01 
 8.37840000e-03 -4.25761007e-03 -2.02707008e-01  3.42871195e-01  3.47128805e-01  6.47934084e-01  8.50641093e-01 
 8.40840000e-03 -4.20744076e-03 -2.00614126e-01  3.42896280e-01  3.47103720e-01  6.48980505e-01  8.49594631e-01 
 8.43840000e-03 -4.15577656e-03 -1.98450010e-01  3.42922112e-01  3.47077888e-01  6.50062623e-01  8.48512633e-01 
 8.46840000e-03 -4.10263583e-03 -1.96215425e-01  3.42948682e-01  3.47051318e-01  6.51179837e-01  8.47395261e-01 
 8.49840000e-03 -4.04803746e-03 -1.93911144e-01  3.42975981e-01  3.47024019e-01  6.52331111e-01  8.46242254e-01 
 8.52840000e-03 -3.99200084e-03 -1.91537946e-01  3.43004000e-01  3.46996000e-01  6.53514916e-01  8.45052863e-01 
 8.55840000e-03 -3.93454587e-03 -1.89096666e-01  3.43032727e-01  3.46967273e-01  6.54732307e-01  8.43828973e-01 
 8.58840000e-03 -3.87569299e-03 -1.86588167e-01  3.43062154e-01  3.46937846e-01  6.55984102e-01  8.42572269e-01 
 8.61840000e-03 -3.81546309e-03 -1.84013357e-01  3.43092268e-01  3.46907732e-01  6.57270124e-01  8.41283480e-01 
 8.64840000e-03 -3.75387757e-03 -1.81373150e-01  3.43123061e-01  3.46876939e-01  6.58590179e-01  8.39963329e-01 
 8.67840000e-03 -3.69095832e-03 -1.78668450e-01  3.43154521e-01  3.46845479e-01  6.59942698e-01  8.38611148e-01 
 8.70840000e-03 -3.62672768e-03 -1.75900199e-01  3.43186636e-01  3.46813364e-01  6.61325266e-01  8.37225465e-01 
 8.73840000e-03 -3.56120849e-03 -1.73069373e-01  3.43219396e-01  3.46780604e-01  6.62736491e-01  8.35805864e-01 
 8.76840000e-03 -3.49442402e-03 -1.70176950e-01  3.43252788e-01  3.46747212e-01  6.64177807e-01  8.34354757e-01 
 8.79840000e-03 -3.42639800e-03 -1.67223941e-01  3.43286801e-01  3.46713199e-01  6.65650309e-01  8.32874249e-01 
 8.82840000e-03 -3.35715459e-03 -1.64211380e-01  3.43321423e-01  3.46678577e-01  6.67151681e-01  8.31363060e-01 
 8.85840000e-03 -3.28671840e-03 -1.61140343e-01  3.43356641e-01  3.46643359e-01  6.68681505e-01  8.29821848e-01 
 8.88840000e-03 -3.21511446e-03 -1.58011938e-01  3.43392443e-01  3.46607557e-01  6.70241990e-01  8.28253928e-01 
 8.91840000e-03 -3.14236820e-03 -1.54827253e-01  3.43428816e-01  3.46571184e-01  6.71832208e-01  8.26659461e-01 
 8.94840000e-03 -3.06850547e-03 -1.51587440e-01  3.43465747e-01  3.46534253e-01  6.73450048e-01  8.25037488e-01 
 8.97840000e-03 -2.99355252e-03 -1.48293633e-01  3.43503224e-01  3.46496776e-01  6.75095033e-01  8.23388666e-01 
 9.00840000e-03 -2.91753597e-03 -1.44946983e-01  3.43541232e-01  3.46458768e-01  6.76768005e-01  8.21714988e-01 
 9.03840000e-03 -2.84048284e-03 -1.41548717e-01  3.43579759e-01  3.46420241e-01  6.78467702e-01  8.20016419e-01 
 9.06840000e-03 -2.76242049e-03 -1.38100020e-01  3.43618790e-01  3.46381210e-01  6.80191510e-01  8.18291530e-01 
 9.09840000e-03 -2.68337668e-03 -1.34602077e-01  3.43658312e-01  3.46341688e-01  6.81938780e-01  8.16540857e-01 
 9.12840000e-03 -2.60337947e-03 -1.31056111e-01  3.43698310e-01  3.46301690e-01  6.83708583e-01  8.14764694e-01 
 9.15840000e-03 -2.52245729e-03 -1.27463379e-01  3.43738771e-01  3.46261229e-01  6.85501729e-01  8.12965108e-01 
 9.18840000e-03 -2.44063889e-03 -1.23825143e-01  3.43779681e-01  3.46220319e-01  6.87318931e-01  8.11144074e-01 
 9.21840000e-03 -2.35795335e-03 -1.20142724e-01  3.43821023e-01  3.46178977e-01  6.89157784e-01  8.09300507e-01 
 9.24840000e-03 -2.27443004e-03 -1.16417422e-01  3.43862785e-01  3.46137215e-01  6.91018458e-01  8.07435879e-01 
 9.27840000e-03 -2.19009863e-03 -1.12650546e-01  3.43904951e-01  3.46095049e-01  6.92900371e-01  8.05550917e-01 
 9.30840000e-03 -2.10498909e-03 -1.08843466e-01  3.43947505e-01  3.46052495e-01  6.94800784e-01  8.03644250e-01 
 9.33840000e-03 -2.01913166e-03 -1.04997517e-01  3.43990434e-01  3.46009566e-01  6.96719817e-01  8.01717335e-01 
 9.36840000e-03 -1.93255685e-03 -1.01114047e-01  3.44033722e-01  3.45966278e-01  6.98657609e-01  7.99771656e-01 
 9.39840000e-03 -1.84529540e-03 -9.71944424e-02  3.44077352e-01  3.45922648e-01  7.00614119e-01  7.97808561e-01 
 9.42840000e-03 -1.75737833e-03 -9.32400876e-02  3.44121311e-01  3.45878689e-01  7.02588552e-01  7.95828640e-01 
 9.45840000e-03 -1.66883687e-03 -8.92524121e-02  3.44165582e-01  3.45834418e-01  7.04580020e-01  7.93832432e-01 
 9.48840000e-03 -1.57970248e-03 -8.52328542e-02  3.44210149e-01  3.45789851e-01  7.06588986e-01  7.91821841e-01 
 9.51840000e-03 -1.49000683e-03 -8.11828287e-02  3.44254997e-01  3.45745003e-01  7.08614499e-01  7.89797327e-01 
 9.54840000e-03 -1.39978179e-03 -7.71037647e-02  3.44300109e-01  3.45699891e-01  7.10654415e-01  7.87758180e-01 
 9.57840000e-03 -1.30905941e-03 -7.29971145e-02  3.44345470e-01  3.45654530e-01  7.12707448e-01  7.85704563e-01 
 9.60840000e-03 -1.21787193e-03 -6.88643529e-02  3.44391064e-01  3.45608936e-01  7.14773036e-01  7.83637389e-01 
 9.63840000e-03 -1.12625174e-03 -6.47069612e-02  3.44436874e-01  3.45563126e-01  7.16850149e-01  7.81557110e-01 
 9.66840000e-03 -1.03423141e-03 -6.05264027e-02  3.44482884e-01  3.45517116e-01  7.18938132e-01  7.79464534e-01 
 9.69840000e-03 -9.41843613e-04 -5.63241579e-02  3.44529078e-01  3.45470922e-01  7.21036829e-01  7.77360987e-01 
 9.72840000e-03 -8.49121186e-04 -5.21017420e-02  3.44575439e-01  3.45424561e-01  7.23145001e-01  7.75246743e-01 
 9.75840000e-03 -7.56097071e-04 -4.78606708e-02  3.44621951e-01  3.45378049e-01  7.25261276e-01  7.73121947e-01 
 9.78840000e-03 -6.62804318e-04 -4.36024541e-02  3.44668598e-01  3.45331402e-01  7.27385306e-01  7.70987761e-01 
 9.81840000e-03 -5.69276074e-04 -3.93285967e-02  3.44715362e-01  3.45284638e-01  7.29517322e-01  7.68845918e-01 
 9.84840000e-03 -4.75545568e-04 -3.50406410e-02  3.44762227e-01  3.45237773e-01  7.31657691e-01  7.66698332e-01 
 9.87840000e-03 -3.81646104e-04 -3.07401327e-02  3.44809177e-01  3.45190823e-01  7.33806305e-01  7.64546438e-01 
 9.90840000e-03 -2.87611042e-04 -2.64286007e-02  3.44856194e-01  3.45143806e-01  7.35961386e-01  7.62389986e-01 
 9.93840000e-03 -1.93473794e-04 -2.21075872e-02  3.44903263e-01  3.45096737e-01  7.38121344e-01  7.60228931e-01 
 9.96840000e-03 -9.92678054e-05 -1.77786324e-02  3.44950366e-01  3.45049634e-01  7.40286394e-01  7.58065026e-01 
 9.99840000e-03 -5.02654740e-06 -1.34432894e-02  3.44997487e-01  3.45002513e-01  7.42456515e-01  7.55899804e-01 
 1.00284000e-02  8.92164965e-05 -9.10311237e-03  3.45044608e-01  3.44955392e-01  7.44629299e-01  7.53732411e-01 
 1.00584000e-02  1.83427842e-04 -4.75964437e-03  3.45091714e-01  3.44908286e-01  7.46803143e-01  7.51562787e-01 
 1.00884000e-02  2.77574017e-04 -4.14439130e-04  3.45138787e-01  3.44861213e-01  7.48978199e-01  7.49392638e-01 
 1.01184000e-02  3.71621571e-04  3.93094596e-03  3.45185811e-01  3.44814189e-01  7.51153832e-01  7.47222886e-01 
 1.01484000e-02  4.65537089e-04  8.27496019e-03  3.45232769e-01  3.44767231e-01  7.53329068e-01  7.45054108e-01 
 1.01784000e-02  5.59287205e-04  1.26160484e-02  3.45279644e-01  3.44720356e-01  7.55501340e-01  7.42885292e-01 
 1.02084000e-02  6.52838608e-04  1.69526554e-02  3.45326419e-01  3.44673581e-01  7.57669657e-01  7.40717002e-01 
 1.02384000e-02  7.46158061e-04  2.12832270e-02  3.45373079e-01  3.44626921e-01  7.59834936e-01  7.38551709e-01 
 1.02684000e-02  8.39212408e-04  2.56062071e-02  3.45419606e-01  3.44580394e-01  7.61996092e-01  7.36389885e-01 
 1.02984000e-02  9.31968586e-04  2.99200544e-02  3.45465984e-01  3.44534016e-01  7.64152306e-01  7.34232251e-01 
 1.03284000e-02  1.02439364e-03  3.42232222e-02  3.45512197e-01  3.44487803e-01  7.66303946e-01  7.32080724e-01 
 1.03584000e-02  1.11645473e-03  3.85141741e-02  3.45558227e-01  3.44441773e-01  7.68449823e-01  7.29935649e-01 
 1.03884000e-02  1.20811915e-03  4.27913804e-02  3.45604060e-01  3.44395940e-01  7.70588556e-01  7.27797176e-01 
 1.04184000e-02  1.29935434e-03  4.70533012e-02  3.45649677e-01  3.44350323e-01  7.72719595e-01  7.25666294e-01 
 1.04484000e-02  1.39012786e-03  5.12984122e-02  3.45695064e-01  3.44304936e-01  7.74842411e-01  7.23543999e-01 
 1.04784000e-02  1.48040749e-03  5.55251882e-02  3.45740204e-01  3.44259796e-01  7.76956950e-01  7.21431762e-01 
 1.05084000e-02  1.57016113e-03  5.97321207e-02  3.45785081e-01  3.44214919e-01  7.79061833e-01  7.19329712e-01 
 1.05384000e-02  1.65935690e-03  6.39177275e-02  3.45829678e-01  3.44170322e-01  7.81155704e-01  7.17237977e-01 
 1.05684000e-02  1.74796310e-03  6.80804965e-02  3.45873982e-01  3.44126018e-01  7.83238538e-01  7.15158041e-01 
 1.05984000e-02  1.83594827e-03  7.22189293e-02  3.45917974e-01  3.44082026e-01  7.85308746e-01  7.13089817e-01 
 1.06284000e-02  1.92328113e-03  7.63315709e-02  3.45961641e-01  3.44038359e-01  7.87365032e-01  7.11033461e-01 
 1.06584000e-02  2.00993066e-03  8.04169457e-02  3.46004965e-01  3.43995035e-01  7.89407657e-01  7.08990712e-01 
 1.06884000e-02  2.09586607e-03  8.44735658e-02  3.46047933e-01  3.43952067e-01  7.91436256e-01  7.06962690e-01 
 1.07184000e-02  2.18105683e-03  8.85000059e-02  3.46090528e-01  3.43909472e-01  7.93450222e-01  7.04950216e-01 
 1.07484000e-02  2.26547267e-03  9.24948289e-02  3.46132736e-01  3.43867264e-01  7.95448731e-01  7.02953902e-01 
 1.07784000e-02  2.34908359e-03  9.64566133e-02  3.46174542e-01  3.43825458e-01  7.97430859e-01  7.00974245e-01 
 1.08084000e-02  2.43185990e-03  1.00383962e-01  3.46215930e-01  3.43784070e-01  7.99396565e-01  6.99012604e-01 
 1.08384000e-02  2.51377218e-03  1.04275444e-01  3.46256886e-01  3.43743114e-01  8.01345174e-01  6.97069730e-01 
 1.08684000e-02  2.59479133e-03  1.08129681e-01  3.46297396e-01  3.43702604e-01  8.03275176e-01  6.95145496e-01 
 1.08984000e-02  2.67488857e-03  1.11945329e-01  3.46337444e-01  3.43662556e-01  8.05184949e-01  6.93239620e-01 
 1.09284000e-02  2.75403542e-03  1.15721018e-01  3.46377018e-01  3.43622982e-01  8.07074289e-01  6.91353271e-01 
 1.09584000e-02  2.83220379e-03  1.19455366e-01  3.46416102e-01  3.43583898e-01  8.08942960e-01  6.89487594e-01 
 1.09884000e-02  2.90936588e-03  1.23147070e-01  3.46454683e-01  3.43545317e-01  8.10790730e-01  6.87643661e-01 
 1.10184000e-02  2.98549429e-03  1.26794822e-01  3.46492747e-01  3.43507253e-01  8.12617510e-01  6.85822688e-01 
 1.10484000e-02  3.06056197e-03  1.30397330e-01  3.46530281e-01  3.43469719e-01  8.14421190e-01  6.84023861e-01 
 1.10784000e-02  3.13454224e-03  1.33953306e-01  3.46567271e-01  3.43432729e-01  8.16201220e-01  6.82247915e-01 
 1.11084000e-02  3.20740883e-03  1.37461468e-01  3.46603704e-01  3.43396296e-01  8.17956636e-01  6.80495169e-01 
 1.11384000e-02  3.27913584e-03  1.40920588e-01  3.46639568e-01  3.43360432e-01  8.19687517e-01  6.78766929e-01 
 1.11684000e-02  3.34969779e-03  1.44329467e-01  3.46674849e-01  3.43325151e-01  8.21395176e-01  6.77065709e-01 
 1.11984000e-02  3.41906960e-03  1.47686897e-01  3.46709535e-01  3.43290465e-01  8.23076867e-01  6.75389970e-01 
 1.12284000e-02  3.48722664e-03  1.50991664e-01  3.46743613e-01  3.43256387e-01  8.24731905e-01  6.73740241e-01 
 1.12584000e-02  3.55414468e-03  1.54242601e-01  3.46777072e-01  3.43222928e-01  8.26361193e-01  6.72118592e-01 
 1.12884000e-02  3.61979996e-03  1.57438548e-01  3.46809900e-01  3.43190100e-01  8.27962749e-01  6.70524201e-01 
 1.13184000e-02  3.68416913e-03  1.60578372e-01  3.46842085e-01  3.43157915e-01  8.29535446e-01  6.68957074e-01 
 1.13484000e-02  3.74722934e-03  1.63660972e-01  3.46873615e-01  3.43126385e-01  8.31077961e-01  6.67416989e-01 
 1.13784000e-02  3.80895817e-03  1.66685260e-01  3.46904479e-01  3.43095521e-01  8.32590051e-01  6.65904791e-01 
 1.14084000e-02  3.86933370e-03  1.69650163e-01  3.46934667e-01  3.43065333e-01  8.34073299e-01  6.64423136e-01 
 1.14384000e-02  3.92833447e-03  1.72554635e-01  3.46964167e-01  3.43035833e-01  8.35527851e-01  6.62973216e-01 
 1.14684000e-02  3.98593953e-03  1.75397657e-01  3.46992970e-01  3.43007030e-01  8.36953075e-01  6.61555418e-01 
 1.14984000e-02  4.04212840e-03  1.78178249e-01  3.47021064e-01  3.42978936e-01  8.38346712e-01  6.60168463e-01 
 1.15284000e-02  4.09688112e-03  1.80895421e-01  3.47048441e-01  3.42951559e-01  8.39707963e-01  6.58812542e-01 
 1.15584000e-02  4.15017824e-03  1.83548213e-01  3.47075089e-01  3.42924911e-01  8.41037475e-01  6.57489262e-01 
 1.15884000e-02  4.20200082e-03  1.86135697e-01  3.47101000e-01  3.42899000e-01  8.42334373e-01  6.56198677e-01 
 1.16184000e-02  4.25233044e-03  1.88656953e-01  3.47126165e-01  3.42873835e-01  8.43597059e-01  6.54940106e-01 
 1.16484000e-02  4.30114924e-03  1.91111082e-01  3.47150575e-01  3.42849425e-01  8.44824640e-01  6.53713558e-01 
 1.16784000e-02  4.34843986e-03  1.93497219e-01  3.47174220e-01  3.42825780e-01  8.46018671e-01  6.52521452e-01 
 1.17084000e-02  4.39418550e-03  1.95814548e-01  3.47197093e-01  3.42802907e-01  8.47178704e-01  6.51364155e-01 
 1.17384000e-02  4.43836990e-03  1.98062249e-01  3.47219185e-01  3.42780815e-01  8.48303930e-01  6.50241681e-01 
 1.17684000e-02  4.48097737e-03  2.00239540e-01  3.47240489e-01  3.42759511e-01  8.49395016e-01  6.49155476e-01 
 1.17984000e-02  4.52199278e-03  2.02345672e-01  3.47260996e-01  3.42739004e-01  8.50450883e-01  6.48105212e-01 
 1.18284000e-02  4.56140154e-03  2.04379908e-01  3.47280701e-01  3.42719299e-01  8.51471081e-01  6.47091174e-01 
 1.18584000e-02  4.59918965e-03  2.06341537e-01  3.47299595e-01  3.42700405e-01  8.52455247e-01  6.46113710e-01 
 1.18884000e-02  4.63534370e-03  2.08229874e-01  3.47317672e-01  3.42682328e-01  8.53402777e-01  6.45172903e-01 
 1.19184000e-02  4.66985083e-03  2.10044253e-01  3.47334925e-01  3.42665075e-01  8.54313808e-01  6.44269555e-01 
 1.19484000e-02  4.70269879e-03  2.11784036e-01  3.47351349e-01  3.42648651e-01  8.55186338e-01  6.43402303e-01 
 1.19784000e-02  4.73387589e-03  2.13448610e-01  3.47366938e-01  3.42633062e-01  8.56019484e-01  6.42570874e-01 
 1.20084000e-02  4.76337108e-03  2.15037376e-01  3.47381686e-01  3.42618314e-01  8.56814627e-01  6.41777252e-01 
 1.20384000e-02  4.79117386e-03  2.16549783e-01  3.47395587e-01  3.42604413e-01  8.57571217e-01  6.41021434e-01 
 1.20684000e-02  4.81727436e-03  2.17985312e-01  3.47408637e-01  3.42591363e-01  8.58289108e-01  6.40303796e-01 
 1.20984000e-02  4.84166331e-03  2.19343465e-01  3.47420832e-01  3.42579168e-01  8.58969019e-01  6.39625554e-01 
 1.21284000e-02  4.86433203e-03  2.20623780e-01  3.47432166e-01  3.42567834e-01  8.59610240e-01  6.38986460e-01 
 1.21584000e-02  4.88527248e-03  2.21825816e-01  3.47442636e-01  3.42557364e-01  8.60212398e-01  6.38386582e-01 
 1.21884000e-02  4.90447722e-03  2.22949159e-01  3.47452239e-01  3.42547761e-01  8.60775440e-01  6.37826281e-01 
 1.22184000e-02  4.92193942e-03  2.23993414e-01  3.47460970e-01  3.42539030e-01  8.61298159e-01  6.37304746e-01 
 1.22484000e-02  4.93765288e-03  2.24958210e-01  3.47468826e-01  3.42531174e-01  8.61780648e-01  6.36822438e-01 
 1.22784000e-02  4.95161202e-03  2.25843215e-01  3.47475806e-01  3.42524194e-01  8.62223687e-01  6.36380472e-01 
 1.23084000e-02  4.96381187e-03  2.26648131e-01  3.47481906e-01  3.42518094e-01  8.62627368e-01  6.35979237e-01 
 1.23384000e-02  4.97424810e-03  2.27372690e-01  3.47487124e-01  3.42512876e-01  8.62991344e-01  6.35618654e-01 
 1.23684000e-02  4.98291700e-03  2.28016648e-01  3.47491459e-01  3.42508541e-01  8.63315663e-01  6.35299015e-01 
 1.23984000e-02  4.98981550e-03  2.28579789e-01  3.47494908e-01  3.42505092e-01  8.63600121e-01  6.35020332e-01 
 1.24284000e-02  4.99494114e-03  2.29061914e-01  3.47497471e-01  3.42502529e-01  8.63843700e-01  6.34781786e-01 
 1.24584000e-02  4.99829210e-03  2.29462846e-01  3.47499146e-01  3.42500854e-01  8.64046424e-01  6.34583577e-01 
 1.24884000e-02  4.99986720e-03  2.29782444e-01  3.47499934e-01  3.42500066e-01  8.64208201e-01  6.34425757e-01 
 1.25184000e-02  4.99966586e-03  2.30020590e-01  3.47499833e-01  3.42500167e-01  8.64328736e-01  6.34308146e-01 
 1.25484000e-02  4.99768816e-03  2.30177200e-01  3.47498844e-01  3.42501156e-01  8.64408286e-01  6.34231085e-01 
 1.25784000e-02  4.99393482e-03  2.30252220e-01  3.47496967e-01  3.42503033e-01  8.64446733e-01  6.34194512e-01 
 1.26084000e-02  4.98840714e-03  2.30245625e-01  3.47494204e-01  3.42505796e-01  8.64444105e-01  6.34198480e-01 
 1.26384000e-02  4.98110712e-03  2.30157419e-01  3.47490554e-01  3.42509446e-01  8.64400554e-01  6.34243135e-01 
 1.26684000e-02  4.97203733e-03  2.29987631e-01  3.47486019e-01  3.42513981e-01  8.64315377e-01  6.34327746e-01 
 1.26984000e-02  4.96120099e-03  2.29736313e-01  3.47480600e-01  3.42519400e-01  8.64188622e-01  6.34452308e-01 
 1.27284000e-02  4.94860197e-03  2.29403555e-01  3.47474301e-01  3.42525699e-01  8.64021074e-01  6.34617518e-01 
 1.27584000e-02  4.93424473e-03  2.28989483e-01  3.47467122e-01  3.42532878e-01  8.63813299e-01  6.34823816e-01 
 1.27884000e-02  4.91813438e-03  2.28494249e-01  3.47459067e-01  3.42540933e-01  8.63564915e-01  6.35070666e-01 
 1.28184000e-02  4.90027664e-03  2.27918025e-01  3.47450138e-01  3.42549862e-01  8.63275454e-01  6.35357429e-01 
 1.28484000e-02  4.88067785e-03  2.27261017e-01  3.47440339e-01  3.42559661e-01  8.62946528e-01  6.35685511e-01 
 1.28784000e-02  4.85934498e-03  2.26523476e-01  3.47429672e-01  3.42570328e-01  8.62579111e-01  6.36055636e-01 
 1.29084000e-02  4.83628561e-03  2.25705666e-01  3.47418143e-01  3.42581857e-01  8.62170799e-01  6.36465134e-01 
 1.29384000e-02  4.81150793e-03  2.24807844e-01  3.47405754e-01  3.42594246e-01  8.61719966e-01  6.36912122e-01 
 1.29684000e-02  4.78502075e-03  2.23830294e-01  3.47392510e-01  3.42607490e-01  8.61227810e-01  6.37397516e-01 
 1.29984000e-02  4.75683347e-03  2.22773360e-01  3.47378417e-01  3.42621583e-01  8.60696430e-01  6.37923070e-01 
 1.30284000e-02  4.72695611e-03  2.21637436e-01  3.47363478e-01  3.42636522e-01  8.60127183e-01  6.38489747e-01 
 1.30584000e-02  4.69539928e-03  2.20422935e-01  3.47347700e-01  3.42652300e-01  8.59518886e-01  6.39095951e-01 
 1.30884000e-02  4.66217420e-03  2.19130281e-01  3.47331087e-01  3.42668913e-01  8.58870815e-01  6.39740534e-01 
 1.31184000e-02  4.62729267e-03  2.17759915e-01  3.47313646e-01  3.42686354e-01  8.58184551e-01  6.40424636e-01 
 1.31484000e-02  4.59076709e-03  2.16312333e-01  3.47295384e-01  3.42704616e-01  8.57460905e-01  6.41148573e-01 
 1.31784000e-02  4.55261043e-03  2.14788043e-01  3.47276305e-01  3.42723695e-01  8.56698551e-01  6.41910509e-01 
 1.32084000e-02  4.51283625e-03  2.13187564e-01  3.47256418e-01  3.42743582e-01  8.55897099e-01  6.42709535e-01 
 1.32384000e-02  4.47145868e-03  2.11511455e-01  3.47235729e-01  3.42764271e-01  8.55058361e-01  6.43546906e-01 
 1.32684000e-02  4.42849242e-03  2.09760297e-01  3.47214246e-01  3.42785754e-01  8.54182994e-01  6.44422697e-01 
 1.32984000e-02  4.38395274e-03  2.07934709e-01  3.47191976e-01  3.42808024e-01  8.53270361e-01  6.45335652e-01 
 1.33284000e-02  4.33785547e-03  2.06035336e-01  3.47168928e-01  3.42831072e-01  8.52320066e-01  6.46284730e-01 
 1.33584000e-02  4.29021697e-03  2.04062811e-01  3.47145108e-01  3.42854892e-01  8.51331031e-01  6.47268219e-01 
 1.33884000e-02  4.24105418e-03  2.02017796e-01  3.47120527e-01  3.42879473e-01  8.50303971e-01  6.48286176e-01 
 1.34184000e-02  4.19038456e-03  1.99901025e-01  3.47095192e-01  3.42904808e-01  8.49241420e-01  6.49340395e-01 
 1.34484000e-02  4.13822612e-03  1.97713255e-01  3.47069113e-01  3.42930887e-01  8.48144127e-01  6.50430872e-01 
 1.34784000e-02  4.08459739e-03  1.95455258e-01  3.47042299e-01  3.42957701e-01  8.47012637e-01  6.51557379e-01 
 1.35084000e-02  4.02951742e-03  1.93127827e-01  3.47014759e-01  3.42985241e-01  8.45847547e-01  6.52719719e-01 
 1.35384000e-02  3.97300578e-03  1.90731799e-01  3.46986503e-01  3.43013497e-01  8.44648446e-01  6.53916647e-01 
 1.35684000e-02  3.91508255e-03  1.88268007e-01  3.46957541e-01  3.43042459e-01  8.43415379e-01  6.55147371e-01 
 1.35984000e-02  3.85576831e-03  1.85737313e-01  3.46927884e-01  3.43072116e-01  8.42148696e-01  6.56411383e-01 
 1.36284000e-02  3.79508413e-03  1.83140598e-01  3.46897542e-01  3.43102458e-01  8.40849052e-01  6.57708454e-01 
 1.36584000e-02  3.73305158e-03  1.80478760e-01  3.46866526e-01  3.43133474e-01  8.39517023e-01  6.59038263e-01 
 1.36884000e-02  3.66969270e-03  1.77752758e-01  3.46834846e-01  3.43165154e-01  8.38151664e-01  6.60398905e-01 
 1.37184000e-02  3.60502999e-03  1.74963513e-01  3.46802515e-01  3.43197485e-01  8.36752689e-01  6.61789176e-01 
 1.37484000e-02  3.53908643e-03  1.72111995e-01  3.46769543e-01  3.43230457e-01  8.35321632e-01  6.63209637e-01 
 1.37784000e-02  3.47188544e-03  1.69199231e-01  3.46735943e-01  3.43264057e-01  8.33861311e-01  6.64662080e-01 
 1.38084000e-02  3.40345092e-03  1.66226239e-01  3.46701725e-01  3.43298275e-01  8.32372979e-01  6.66146740e-01 
 1.38384000e-02  3.33380716e-03  1.63194100e-01  3.46666904e-01  3.43333096e-01  8.30855719e-01  6.67661620e-01 
 1.38684000e-02  3.26297892e-03  1.60103876e-01  3.46631489e-01  3.43368511e-01  8.29309131e-01  6.69205255e-01 
 1.38984000e-02  3.19099136e-03  1.56956645e-01  3.46595496e-01  3.43404504e-01  8.27732909e-01  6.70776263e-01 
 1.39284000e-02  3.11787005e-03  1.53753521e-01  3.46558935e-01  3.43441065e-01  8.26127884e-01  6.72374363e-01 
 1.39584000e-02  3.04364098e-03  1.50495610e-01  3.46521820e-01  3.43478180e-01  8.24495081e-01  6.73999471e-01 
 1.39884000e-02  2.96833052e-03  1.47184065e-01  3.46484165e-01  3.43515835e-01  8.22835494e-01  6.75651430e-01 
 1.40184000e-02  2.89196543e-03  1.43820065e-01  3.46445983e-01  3.43554017e-01  8.21151272e-01  6.77331207e-01 
 1.40484000e-02  2.81457283e-03  1.40404811e-01  3.46407286e-01  3.43592714e-01  8.19442450e-01  6.79037638e-01 
 1.40784000e-02  2.73618023e-03  1.36939511e-01  3.46368090e-01  3.43631910e-01  8.17708012e-01  6.80768502e-01 
 1.41084000e-02  2.65681547e-03  1.33425380e-01  3.46328408e-01  3.43671592e-01  8.15948516e-01  6.82523136e-01 
 1.41384000e-02  2.57650677e-03  1.29863655e-01  3.46288253e-01  3.43711747e-01  8.14164205e-01  6.84300551e-01 
 1.41684000e-02  2.49528264e-03  1.26255589e-01  3.46247641e-01  3.43752359e-01  8.12355534e-01  6.86099945e-01 
 1.41984000e-02  2.41317195e-03  1.22602460e-01  3.46206586e-01  3.43793414e-01  8.10524678e-01  6.87922218e-01 
 1.42284000e-02  2.33020387e-03  1.18905571e-01  3.46165102e-01  3.43834898e-01  8.08672309e-01  6.89766738e-01 
 1.42584000e-02  2.24640788e-03  1.15166216e-01  3.46123204e-01  3.43876796e-01  8.06797794e-01  6.91631577e-01 
 1.42884000e-02  2.16181376e-03  1.11385745e-01  3.46080907e-01  3.43919093e-01  8.04903450e-01  6.93517706e-01 
 1.43184000e-02  2.07645155e-03  1.07565512e-01  3.46038226e-01  3.43961774e-01  8.02992191e-01  6.95426679e-01 
 1.43484000e-02  1.99035159e-03  1.03706887e-01  3.45995176e-01  3.44004824e-01  8.01063868e-01  6.97356981e-01 
 1.43784000e-02  1.90354446e-03  9.98112383e-02  3.45951772e-01  3.44048228e-01  7.99116289e-01  6.99305051e-01 
 1.44084000e-02  1.81606102e-03  9.58799361e-02  3.45908031e-01  3.44091969e-01  7.97150051e-01  7.01270115e-01 
 1.44384000e-02  1.72793234e-03  9.19143698e-02  3.45863966e-01  3.44136034e-01  7.95166245e-01  7.03251875e-01 
 1.44684000e-02  1.63918973e-03  8.79159327e-02  3.45819595e-01  3.44180405e-01  7.93165768e-01  7.05249835e-01 
 1.44984000e-02  1.54986472e-03  8.38860826e-02  3.45774932e-01  3.44225068e-01  7.91150191e-01  7.07264108e-01 
 1.45284000e-02  1.45998906e-03  7.98262478e-02  3.45729995e-01  3.44270005e-01  7.89119148e-01  7.09292900e-01 
 1.45584000e-02  1.36959467e-03  7.57378538e-02  3.45684797e-01  3.44315203e-01  7.87073430e-01  7.11335576e-01 
 1.45884000e-02  1.27871366e-03  7.16223570e-02  3.45639357e-01  3.44360643e-01  7.85013401e-01  7.13391044e-01 
 1.46184000e-02  1.18737834e-03  6.74812101e-02  3.45593689e-01  3.44406311e-01  7.82939378e-01  7.15458168e-01 
 1.46484000e-02  1.09562115e-03  6.33159065e-02  3.45547811e-01  3.44452189e-01  7.80852792e-01  7.17536885e-01 
 1.46784000e-02  1.00347469e-03  5.91279317e-02  3.45501737e-01  3.44498263e-01  7.78754233e-01  7.19626302e-01 
 1.47084000e-02  9.10971694e-04  5.49187739e-02  3.45455486e-01  3.44544514e-01  7.76645619e-01  7.21726845e-01 
 1.47384000e-02  8.18145039e-04  5.06899553e-02  3.45409073e-01  3.44590927e-01  7.74529293e-01  7.23839338e-01 
 1.47684000e-02  7.25027700e-04  4.64430006e-02  3.45362514e-01  3.44637486e-01  7.72406463e-01  7.25963463e-01 
 1.47984000e-02  6.31652763e-04  4.21794256e-02  3.45315826e-01  3.44684174e-01  7.70276598e-01  7.28097172e-01 
 1.48284000e-02  5.38053402e-04  3.79007297e-02  3.45269027e-01  3.44730973e-01  7.68137779e-01  7.30237049e-01 
 1.48584000e-02  4.44262874e-04  3.36084396e-02  3.45222131e-01  3.44777869e-01  7.65991586e-01  7.32383146e-01 
 1.48884000e-02  3.50314501e-04  2.93040996e-02  3.45175157e-01  3.44824843e-01  7.63840300e-01  7.34536200e-01 
 1.49184000e-02  2.56241663e-04  2.49892511e-02  3.45128121e-01  3.44871879e-01  7.61682383e-01  7.36693132e-01 
 1.49484000e-02  1.62077783e-04  2.06654310e-02  3.45081039e-01  3.44918961e-01  7.59517500e-01  7.38852069e-01 
 1.49784000e-02  6.78563182e-05  1.63341791e-02  3.45033928e-01  3.44966072e-01  7.57348170e-01  7.41013991e-01 
 1.50000000e-02  1.83697020e-18  1.32119070e-02  3.45000000e-01  3.45000000e-01  7.55784714e-01  7.42572807e-01 
