 vdd             v(d0)           v(d1)           v(d2)           v(d3)           v(d4)           v(d5)           v(d6)           v(d7)           v(vdac_out)    
 1.50000000e+00  0.00000000e+00  0.00000000e+00  0.00000000e+00  0.00000000e+00  0.00000000e+00  0.00000000e+00  0.00000000e+00  0.00000000e+00  0.00000000e+00 
 1.50000000e+00  1.50000000e+00  0.00000000e+00  0.00000000e+00  0.00000000e+00  0.00000000e+00  0.00000000e+00  0.00000000e+00  0.00000000e+00  5.88750000e-03 
 1.50000000e+00  0.00000000e+00  1.50000000e+00  0.00000000e+00  0.00000000e+00  0.00000000e+00  0.00000000e+00  0.00000000e+00  0.00000000e+00  1.17750000e-02 
 1.50000000e+00  1.50000000e+00  1.50000000e+00  0.00000000e+00  0.00000000e+00  0.00000000e+00  0.00000000e+00  0.00000000e+00  0.00000000e+00  1.76625000e-02 
 1.50000000e+00  0.00000000e+00  0.00000000e+00  1.50000000e+00  0.00000000e+00  0.00000000e+00  0.00000000e+00  0.00000000e+00  0.00000000e+00  2.35500000e-02 
 1.50000000e+00  1.50000000e+00  0.00000000e+00  1.50000000e+00  0.00000000e+00  0.00000000e+00  0.00000000e+00  0.00000000e+00  0.00000000e+00  2.94375000e-02 
 1.50000000e+00  0.00000000e+00  1.50000000e+00  1.50000000e+00  0.00000000e+00  0.00000000e+00  0.00000000e+00  0.00000000e+00  0.00000000e+00  3.53250000e-02 
 1.50000000e+00  1.50000000e+00  1.50000000e+00  1.50000000e+00  0.00000000e+00  0.00000000e+00  0.00000000e+00  0.00000000e+00  0.00000000e+00  4.12125000e-02 
 1.50000000e+00  0.00000000e+00  0.00000000e+00  0.00000000e+00  1.50000000e+00  0.00000000e+00  0.00000000e+00  0.00000000e+00  0.00000000e+00  4.71000000e-02 
 1.50000000e+00  1.50000000e+00  0.00000000e+00  0.00000000e+00  1.50000000e+00  0.00000000e+00  0.00000000e+00  0.00000000e+00  0.00000000e+00  5.29875000e-02 
 1.50000000e+00  0.00000000e+00  1.50000000e+00  0.00000000e+00  1.50000000e+00  0.00000000e+00  0.00000000e+00  0.00000000e+00  0.00000000e+00  5.88750000e-02 
 1.50000000e+00  1.50000000e+00  1.50000000e+00  0.00000000e+00  1.50000000e+00  0.00000000e+00  0.00000000e+00  0.00000000e+00  0.00000000e+00  6.47625000e-02 
 1.50000000e+00  0.00000000e+00  0.00000000e+00  1.50000000e+00  1.50000000e+00  0.00000000e+00  0.00000000e+00  0.00000000e+00  0.00000000e+00  7.06500000e-02 
 1.50000000e+00  1.50000000e+00  0.00000000e+00  1.50000000e+00  1.50000000e+00  0.00000000e+00  0.00000000e+00  0.00000000e+00  0.00000000e+00  7.65375000e-02 
 1.50000000e+00  0.00000000e+00  1.50000000e+00  1.50000000e+00  1.50000000e+00  0.00000000e+00  0.00000000e+00  0.00000000e+00  0.00000000e+00  8.24250000e-02 
 1.50000000e+00  1.50000000e+00  1.50000000e+00  1.50000000e+00  1.50000000e+00  0.00000000e+00  0.00000000e+00  0.00000000e+00  0.00000000e+00  8.83125000e-02 
 1.50000000e+00  0.00000000e+00  0.00000000e+00  0.00000000e+00  0.00000000e+00  1.50000000e+00  0.00000000e+00  0.00000000e+00  0.00000000e+00  9.42000000e-02 
 1.50000000e+00  1.50000000e+00  0.00000000e+00  0.00000000e+00  0.00000000e+00  1.50000000e+00  0.00000000e+00  0.00000000e+00  0.00000000e+00  1.00087500e-01 
 1.50000000e+00  0.00000000e+00  1.50000000e+00  0.00000000e+00  0.00000000e+00  1.50000000e+00  0.00000000e+00  0.00000000e+00  0.00000000e+00  1.05975000e-01 
 1.50000000e+00  1.50000000e+00  1.50000000e+00  0.00000000e+00  0.00000000e+00  1.50000000e+00  0.00000000e+00  0.00000000e+00  0.00000000e+00  1.11862500e-01 
 1.50000000e+00  0.00000000e+00  0.00000000e+00  1.50000000e+00  0.00000000e+00  1.50000000e+00  0.00000000e+00  0.00000000e+00  0.00000000e+00  1.17750000e-01 
 1.50000000e+00  1.50000000e+00  0.00000000e+00  1.50000000e+00  0.00000000e+00  1.50000000e+00  0.00000000e+00  0.00000000e+00  0.00000000e+00  1.23637500e-01 
 1.50000000e+00  0.00000000e+00  1.50000000e+00  1.50000000e+00  0.00000000e+00  1.50000000e+00  0.00000000e+00  0.00000000e+00  0.00000000e+00  1.29525000e-01 
 1.50000000e+00  1.50000000e+00  1.50000000e+00  1.50000000e+00  0.00000000e+00  1.50000000e+00  0.00000000e+00  0.00000000e+00  0.00000000e+00  1.35412500e-01 
 1.50000000e+00  0.00000000e+00  0.00000000e+00  0.00000000e+00  1.50000000e+00  1.50000000e+00  0.00000000e+00  0.00000000e+00  0.00000000e+00  1.41300000e-01 
 1.50000000e+00  1.50000000e+00  0.00000000e+00  0.00000000e+00  1.50000000e+00  1.50000000e+00  0.00000000e+00  0.00000000e+00  0.00000000e+00  1.47187500e-01 
 1.50000000e+00  0.00000000e+00  1.50000000e+00  0.00000000e+00  1.50000000e+00  1.50000000e+00  0.00000000e+00  0.00000000e+00  0.00000000e+00  1.53075000e-01 
 1.50000000e+00  1.50000000e+00  1.50000000e+00  0.00000000e+00  1.50000000e+00  1.50000000e+00  0.00000000e+00  0.00000000e+00  0.00000000e+00  1.58962500e-01 
 1.50000000e+00  0.00000000e+00  0.00000000e+00  1.50000000e+00  1.50000000e+00  1.50000000e+00  0.00000000e+00  0.00000000e+00  0.00000000e+00  1.64850000e-01 
 1.50000000e+00  1.50000000e+00  0.00000000e+00  1.50000000e+00  1.50000000e+00  1.50000000e+00  0.00000000e+00  0.00000000e+00  0.00000000e+00  1.70737500e-01 
 1.50000000e+00  0.00000000e+00  1.50000000e+00  1.50000000e+00  1.50000000e+00  1.50000000e+00  0.00000000e+00  0.00000000e+00  0.00000000e+00  1.76625000e-01 
 1.50000000e+00  1.50000000e+00  1.50000000e+00  1.50000000e+00  1.50000000e+00  1.50000000e+00  0.00000000e+00  0.00000000e+00  0.00000000e+00  1.82512500e-01 
 1.50000000e+00  0.00000000e+00  0.00000000e+00  0.00000000e+00  0.00000000e+00  0.00000000e+00  1.50000000e+00  0.00000000e+00  0.00000000e+00  1.88400000e-01 
 1.50000000e+00  1.50000000e+00  0.00000000e+00  0.00000000e+00  0.00000000e+00  0.00000000e+00  1.50000000e+00  0.00000000e+00  0.00000000e+00  1.94287500e-01 
 1.50000000e+00  0.00000000e+00  1.50000000e+00  0.00000000e+00  0.00000000e+00  0.00000000e+00  1.50000000e+00  0.00000000e+00  0.00000000e+00  2.00175000e-01 
 1.50000000e+00  1.50000000e+00  1.50000000e+00  0.00000000e+00  0.00000000e+00  0.00000000e+00  1.50000000e+00  0.00000000e+00  0.00000000e+00  2.06062500e-01 
 1.50000000e+00  0.00000000e+00  0.00000000e+00  1.50000000e+00  0.00000000e+00  0.00000000e+00  1.50000000e+00  0.00000000e+00  0.00000000e+00  2.11950000e-01 
 1.50000000e+00  1.50000000e+00  0.00000000e+00  1.50000000e+00  0.00000000e+00  0.00000000e+00  1.50000000e+00  0.00000000e+00  0.00000000e+00  2.17837500e-01 
 1.50000000e+00  0.00000000e+00  1.50000000e+00  1.50000000e+00  0.00000000e+00  0.00000000e+00  1.50000000e+00  0.00000000e+00  0.00000000e+00  2.23725000e-01 
 1.50000000e+00  1.50000000e+00  1.50000000e+00  1.50000000e+00  0.00000000e+00  0.00000000e+00  1.50000000e+00  0.00000000e+00  0.00000000e+00  2.29612500e-01 
 1.50000000e+00  0.00000000e+00  0.00000000e+00  0.00000000e+00  1.50000000e+00  0.00000000e+00  1.50000000e+00  0.00000000e+00  0.00000000e+00  2.35500000e-01 
 1.50000000e+00  1.50000000e+00  0.00000000e+00  0.00000000e+00  1.50000000e+00  0.00000000e+00  1.50000000e+00  0.00000000e+00  0.00000000e+00  2.41387500e-01 
 1.50000000e+00  0.00000000e+00  1.50000000e+00  0.00000000e+00  1.50000000e+00  0.00000000e+00  1.50000000e+00  0.00000000e+00  0.00000000e+00  2.47275000e-01 
 1.50000000e+00  1.50000000e+00  1.50000000e+00  0.00000000e+00  1.50000000e+00  0.00000000e+00  1.50000000e+00  0.00000000e+00  0.00000000e+00  2.53162500e-01 
 1.50000000e+00  0.00000000e+00  0.00000000e+00  1.50000000e+00  1.50000000e+00  0.00000000e+00  1.50000000e+00  0.00000000e+00  0.00000000e+00  2.59050000e-01 
 1.50000000e+00  1.50000000e+00  0.00000000e+00  1.50000000e+00  1.50000000e+00  0.00000000e+00  1.50000000e+00  0.00000000e+00  0.00000000e+00  2.64937500e-01 
 1.50000000e+00  0.00000000e+00  1.50000000e+00  1.50000000e+00  1.50000000e+00  0.00000000e+00  1.50000000e+00  0.00000000e+00  0.00000000e+00  2.70825000e-01 
 1.50000000e+00  1.50000000e+00  1.50000000e+00  1.50000000e+00  1.50000000e+00  0.00000000e+00  1.50000000e+00  0.00000000e+00  0.00000000e+00  2.76712500e-01 
 1.50000000e+00  0.00000000e+00  0.00000000e+00  0.00000000e+00  0.00000000e+00  1.50000000e+00  1.50000000e+00  0.00000000e+00  0.00000000e+00  2.82600000e-01 
 1.50000000e+00  1.50000000e+00  0.00000000e+00  0.00000000e+00  0.00000000e+00  1.50000000e+00  1.50000000e+00  0.00000000e+00  0.00000000e+00  2.88487500e-01 
 1.50000000e+00  0.00000000e+00  1.50000000e+00  0.00000000e+00  0.00000000e+00  1.50000000e+00  1.50000000e+00  0.00000000e+00  0.00000000e+00  2.94375000e-01 
 1.50000000e+00  1.50000000e+00  1.50000000e+00  0.00000000e+00  0.00000000e+00  1.50000000e+00  1.50000000e+00  0.00000000e+00  0.00000000e+00  3.00262500e-01 
 1.50000000e+00  0.00000000e+00  0.00000000e+00  1.50000000e+00  0.00000000e+00  1.50000000e+00  1.50000000e+00  0.00000000e+00  0.00000000e+00  3.06150000e-01 
 1.50000000e+00  1.50000000e+00  0.00000000e+00  1.50000000e+00  0.00000000e+00  1.50000000e+00  1.50000000e+00  0.00000000e+00  0.00000000e+00  3.12037500e-01 
 1.50000000e+00  0.00000000e+00  1.50000000e+00  1.50000000e+00  0.00000000e+00  1.50000000e+00  1.50000000e+00  0.00000000e+00  0.00000000e+00  3.17925000e-01 
 1.50000000e+00  1.50000000e+00  1.50000000e+00  1.50000000e+00  0.00000000e+00  1.50000000e+00  1.50000000e+00  0.00000000e+00  0.00000000e+00  3.23812500e-01 
 1.50000000e+00  0.00000000e+00  0.00000000e+00  0.00000000e+00  1.50000000e+00  1.50000000e+00  1.50000000e+00  0.00000000e+00  0.00000000e+00  3.29700000e-01 
 1.50000000e+00  1.50000000e+00  0.00000000e+00  0.00000000e+00  1.50000000e+00  1.50000000e+00  1.50000000e+00  0.00000000e+00  0.00000000e+00  3.35587500e-01 
 1.50000000e+00  0.00000000e+00  1.50000000e+00  0.00000000e+00  1.50000000e+00  1.50000000e+00  1.50000000e+00  0.00000000e+00  0.00000000e+00  3.41475000e-01 
 1.50000000e+00  1.50000000e+00  1.50000000e+00  0.00000000e+00  1.50000000e+00  1.50000000e+00  1.50000000e+00  0.00000000e+00  0.00000000e+00  3.47362500e-01 
 1.50000000e+00  0.00000000e+00  0.00000000e+00  1.50000000e+00  1.50000000e+00  1.50000000e+00  1.50000000e+00  0.00000000e+00  0.00000000e+00  3.53250000e-01 
 1.50000000e+00  1.50000000e+00  0.00000000e+00  1.50000000e+00  1.50000000e+00  1.50000000e+00  1.50000000e+00  0.00000000e+00  0.00000000e+00  3.59137500e-01 
 1.50000000e+00  0.00000000e+00  1.50000000e+00  1.50000000e+00  1.50000000e+00  1.50000000e+00  1.50000000e+00  0.00000000e+00  0.00000000e+00  3.65025000e-01 
 1.50000000e+00  1.50000000e+00  1.50000000e+00  1.50000000e+00  1.50000000e+00  1.50000000e+00  1.50000000e+00  0.00000000e+00  0.00000000e+00  3.70912500e-01 
 1.50000000e+00  0.00000000e+00  0.00000000e+00  0.00000000e+00  0.00000000e+00  0.00000000e+00  0.00000000e+00  1.50000000e+00  0.00000000e+00  3.76800000e-01 
 1.50000000e+00  1.50000000e+00  0.00000000e+00  0.00000000e+00  0.00000000e+00  0.00000000e+00  0.00000000e+00  1.50000000e+00  0.00000000e+00  3.82687500e-01 
 1.50000000e+00  0.00000000e+00  1.50000000e+00  0.00000000e+00  0.00000000e+00  0.00000000e+00  0.00000000e+00  1.50000000e+00  0.00000000e+00  3.88575000e-01 
 1.50000000e+00  1.50000000e+00  1.50000000e+00  0.00000000e+00  0.00000000e+00  0.00000000e+00  0.00000000e+00  1.50000000e+00  0.00000000e+00  3.94462500e-01 
 1.50000000e+00  0.00000000e+00  0.00000000e+00  1.50000000e+00  0.00000000e+00  0.00000000e+00  0.00000000e+00  1.50000000e+00  0.00000000e+00  4.00350000e-01 
 1.50000000e+00  1.50000000e+00  0.00000000e+00  1.50000000e+00  0.00000000e+00  0.00000000e+00  0.00000000e+00  1.50000000e+00  0.00000000e+00  4.06237500e-01 
 1.50000000e+00  0.00000000e+00  1.50000000e+00  1.50000000e+00  0.00000000e+00  0.00000000e+00  0.00000000e+00  1.50000000e+00  0.00000000e+00  4.12125000e-01 
 1.50000000e+00  1.50000000e+00  1.50000000e+00  1.50000000e+00  0.00000000e+00  0.00000000e+00  0.00000000e+00  1.50000000e+00  0.00000000e+00  4.18012500e-01 
 1.50000000e+00  0.00000000e+00  0.00000000e+00  0.00000000e+00  1.50000000e+00  0.00000000e+00  0.00000000e+00  1.50000000e+00  0.00000000e+00  4.23900000e-01 
 1.50000000e+00  1.50000000e+00  0.00000000e+00  0.00000000e+00  1.50000000e+00  0.00000000e+00  0.00000000e+00  1.50000000e+00  0.00000000e+00  4.29787500e-01 
 1.50000000e+00  0.00000000e+00  1.50000000e+00  0.00000000e+00  1.50000000e+00  0.00000000e+00  0.00000000e+00  1.50000000e+00  0.00000000e+00  4.35675000e-01 
 1.50000000e+00  1.50000000e+00  1.50000000e+00  0.00000000e+00  1.50000000e+00  0.00000000e+00  0.00000000e+00  1.50000000e+00  0.00000000e+00  4.41562500e-01 
 1.50000000e+00  0.00000000e+00  0.00000000e+00  1.50000000e+00  1.50000000e+00  0.00000000e+00  0.00000000e+00  1.50000000e+00  0.00000000e+00  4.47450000e-01 
 1.50000000e+00  1.50000000e+00  0.00000000e+00  1.50000000e+00  1.50000000e+00  0.00000000e+00  0.00000000e+00  1.50000000e+00  0.00000000e+00  4.53337500e-01 
 1.50000000e+00  0.00000000e+00  1.50000000e+00  1.50000000e+00  1.50000000e+00  0.00000000e+00  0.00000000e+00  1.50000000e+00  0.00000000e+00  4.59225000e-01 
 1.50000000e+00  1.50000000e+00  1.50000000e+00  1.50000000e+00  1.50000000e+00  0.00000000e+00  0.00000000e+00  1.50000000e+00  0.00000000e+00  4.65112500e-01 
 1.50000000e+00  0.00000000e+00  0.00000000e+00  0.00000000e+00  0.00000000e+00  1.50000000e+00  0.00000000e+00  1.50000000e+00  0.00000000e+00  4.71000000e-01 
 1.50000000e+00  1.50000000e+00  0.00000000e+00  0.00000000e+00  0.00000000e+00  1.50000000e+00  0.00000000e+00  1.50000000e+00  0.00000000e+00  4.76887500e-01 
 1.50000000e+00  0.00000000e+00  1.50000000e+00  0.00000000e+00  0.00000000e+00  1.50000000e+00  0.00000000e+00  1.50000000e+00  0.00000000e+00  4.82775000e-01 
 1.50000000e+00  1.50000000e+00  1.50000000e+00  0.00000000e+00  0.00000000e+00  1.50000000e+00  0.00000000e+00  1.50000000e+00  0.00000000e+00  4.88662500e-01 
 1.50000000e+00  0.00000000e+00  0.00000000e+00  1.50000000e+00  0.00000000e+00  1.50000000e+00  0.00000000e+00  1.50000000e+00  0.00000000e+00  4.94550000e-01 
 1.50000000e+00  1.50000000e+00  0.00000000e+00  1.50000000e+00  0.00000000e+00  1.50000000e+00  0.00000000e+00  1.50000000e+00  0.00000000e+00  5.00437500e-01 
 1.50000000e+00  0.00000000e+00  1.50000000e+00  1.50000000e+00  0.00000000e+00  1.50000000e+00  0.00000000e+00  1.50000000e+00  0.00000000e+00  5.06325000e-01 
 1.50000000e+00  1.50000000e+00  1.50000000e+00  1.50000000e+00  0.00000000e+00  1.50000000e+00  0.00000000e+00  1.50000000e+00  0.00000000e+00  5.12212500e-01 
 1.50000000e+00  0.00000000e+00  0.00000000e+00  0.00000000e+00  1.50000000e+00  1.50000000e+00  0.00000000e+00  1.50000000e+00  0.00000000e+00  5.18100000e-01 
 1.50000000e+00  1.50000000e+00  0.00000000e+00  0.00000000e+00  1.50000000e+00  1.50000000e+00  0.00000000e+00  1.50000000e+00  0.00000000e+00  5.23987500e-01 
 1.50000000e+00  0.00000000e+00  1.50000000e+00  0.00000000e+00  1.50000000e+00  1.50000000e+00  0.00000000e+00  1.50000000e+00  0.00000000e+00  5.29875000e-01 
 1.50000000e+00  1.50000000e+00  1.50000000e+00  0.00000000e+00  1.50000000e+00  1.50000000e+00  0.00000000e+00  1.50000000e+00  0.00000000e+00  5.35762500e-01 
 1.50000000e+00  0.00000000e+00  0.00000000e+00  1.50000000e+00  1.50000000e+00  1.50000000e+00  0.00000000e+00  1.50000000e+00  0.00000000e+00  5.41650000e-01 
 1.50000000e+00  1.50000000e+00  0.00000000e+00  1.50000000e+00  1.50000000e+00  1.50000000e+00  0.00000000e+00  1.50000000e+00  0.00000000e+00  5.47537500e-01 
 1.50000000e+00  0.00000000e+00  1.50000000e+00  1.50000000e+00  1.50000000e+00  1.50000000e+00  0.00000000e+00  1.50000000e+00  0.00000000e+00  5.53425000e-01 
 1.50000000e+00  1.50000000e+00  1.50000000e+00  1.50000000e+00  1.50000000e+00  1.50000000e+00  0.00000000e+00  1.50000000e+00  0.00000000e+00  5.59312500e-01 
 1.50000000e+00  0.00000000e+00  0.00000000e+00  0.00000000e+00  0.00000000e+00  0.00000000e+00  1.50000000e+00  1.50000000e+00  0.00000000e+00  5.65200000e-01 
 1.50000000e+00  1.50000000e+00  0.00000000e+00  0.00000000e+00  0.00000000e+00  0.00000000e+00  1.50000000e+00  1.50000000e+00  0.00000000e+00  5.71087500e-01 
 1.50000000e+00  0.00000000e+00  1.50000000e+00  0.00000000e+00  0.00000000e+00  0.00000000e+00  1.50000000e+00  1.50000000e+00  0.00000000e+00  5.76975000e-01 
 1.50000000e+00  1.50000000e+00  1.50000000e+00  0.00000000e+00  0.00000000e+00  0.00000000e+00  1.50000000e+00  1.50000000e+00  0.00000000e+00  5.82862500e-01 
 1.50000000e+00  0.00000000e+00  0.00000000e+00  1.50000000e+00  0.00000000e+00  0.00000000e+00  1.50000000e+00  1.50000000e+00  0.00000000e+00  5.88750000e-01 
 1.50000000e+00  1.50000000e+00  0.00000000e+00  1.50000000e+00  0.00000000e+00  0.00000000e+00  1.50000000e+00  1.50000000e+00  0.00000000e+00  5.94637500e-01 
 1.50000000e+00  0.00000000e+00  1.50000000e+00  1.50000000e+00  0.00000000e+00  0.00000000e+00  1.50000000e+00  1.50000000e+00  0.00000000e+00  6.00525000e-01 
 1.50000000e+00  1.50000000e+00  1.50000000e+00  1.50000000e+00  0.00000000e+00  0.00000000e+00  1.50000000e+00  1.50000000e+00  0.00000000e+00  6.06412500e-01 
 1.50000000e+00  0.00000000e+00  0.00000000e+00  0.00000000e+00  1.50000000e+00  0.00000000e+00  1.50000000e+00  1.50000000e+00  0.00000000e+00  6.12300000e-01 
 1.50000000e+00  1.50000000e+00  0.00000000e+00  0.00000000e+00  1.50000000e+00  0.00000000e+00  1.50000000e+00  1.50000000e+00  0.00000000e+00  6.18187500e-01 
 1.50000000e+00  0.00000000e+00  1.50000000e+00  0.00000000e+00  1.50000000e+00  0.00000000e+00  1.50000000e+00  1.50000000e+00  0.00000000e+00  6.24075000e-01 
 1.50000000e+00  1.50000000e+00  1.50000000e+00  0.00000000e+00  1.50000000e+00  0.00000000e+00  1.50000000e+00  1.50000000e+00  0.00000000e+00  6.29962500e-01 
 1.50000000e+00  0.00000000e+00  0.00000000e+00  1.50000000e+00  1.50000000e+00  0.00000000e+00  1.50000000e+00  1.50000000e+00  0.00000000e+00  6.35850000e-01 
 1.50000000e+00  1.50000000e+00  0.00000000e+00  1.50000000e+00  1.50000000e+00  0.00000000e+00  1.50000000e+00  1.50000000e+00  0.00000000e+00  6.41737500e-01 
 1.50000000e+00  0.00000000e+00  1.50000000e+00  1.50000000e+00  1.50000000e+00  0.00000000e+00  1.50000000e+00  1.50000000e+00  0.00000000e+00  6.47625000e-01 
 1.50000000e+00  1.50000000e+00  1.50000000e+00  1.50000000e+00  1.50000000e+00  0.00000000e+00  1.50000000e+00  1.50000000e+00  0.00000000e+00  6.53512500e-01 
 1.50000000e+00  0.00000000e+00  0.00000000e+00  0.00000000e+00  0.00000000e+00  1.50000000e+00  1.50000000e+00  1.50000000e+00  0.00000000e+00  6.59400000e-01 
 1.50000000e+00  1.50000000e+00  0.00000000e+00  0.00000000e+00  0.00000000e+00  1.50000000e+00  1.50000000e+00  1.50000000e+00  0.00000000e+00  6.65287500e-01 
 1.50000000e+00  0.00000000e+00  1.50000000e+00  0.00000000e+00  0.00000000e+00  1.50000000e+00  1.50000000e+00  1.50000000e+00  0.00000000e+00  6.71175000e-01 
 1.50000000e+00  1.50000000e+00  1.50000000e+00  0.00000000e+00  0.00000000e+00  1.50000000e+00  1.50000000e+00  1.50000000e+00  0.00000000e+00  6.77062500e-01 
 1.50000000e+00  0.00000000e+00  0.00000000e+00  1.50000000e+00  0.00000000e+00  1.50000000e+00  1.50000000e+00  1.50000000e+00  0.00000000e+00  6.82950000e-01 
 1.50000000e+00  1.50000000e+00  0.00000000e+00  1.50000000e+00  0.00000000e+00  1.50000000e+00  1.50000000e+00  1.50000000e+00  0.00000000e+00  6.88837500e-01 
 1.50000000e+00  0.00000000e+00  1.50000000e+00  1.50000000e+00  0.00000000e+00  1.50000000e+00  1.50000000e+00  1.50000000e+00  0.00000000e+00  6.94725000e-01 
 1.50000000e+00  1.50000000e+00  1.50000000e+00  1.50000000e+00  0.00000000e+00  1.50000000e+00  1.50000000e+00  1.50000000e+00  0.00000000e+00  7.00612500e-01 
 1.50000000e+00  0.00000000e+00  0.00000000e+00  0.00000000e+00  1.50000000e+00  1.50000000e+00  1.50000000e+00  1.50000000e+00  0.00000000e+00  7.06500000e-01 
 1.50000000e+00  1.50000000e+00  0.00000000e+00  0.00000000e+00  1.50000000e+00  1.50000000e+00  1.50000000e+00  1.50000000e+00  0.00000000e+00  7.12387500e-01 
 1.50000000e+00  0.00000000e+00  1.50000000e+00  0.00000000e+00  1.50000000e+00  1.50000000e+00  1.50000000e+00  1.50000000e+00  0.00000000e+00  7.18275000e-01 
 1.50000000e+00  1.50000000e+00  1.50000000e+00  0.00000000e+00  1.50000000e+00  1.50000000e+00  1.50000000e+00  1.50000000e+00  0.00000000e+00  7.24162500e-01 
 1.50000000e+00  0.00000000e+00  0.00000000e+00  1.50000000e+00  1.50000000e+00  1.50000000e+00  1.50000000e+00  1.50000000e+00  0.00000000e+00  7.30050000e-01 
 1.50000000e+00  1.50000000e+00  0.00000000e+00  1.50000000e+00  1.50000000e+00  1.50000000e+00  1.50000000e+00  1.50000000e+00  0.00000000e+00  7.35937500e-01 
 1.50000000e+00  0.00000000e+00  1.50000000e+00  1.50000000e+00  1.50000000e+00  1.50000000e+00  1.50000000e+00  1.50000000e+00  0.00000000e+00  7.41825000e-01 
 1.50000000e+00  1.50000000e+00  1.50000000e+00  1.50000000e+00  1.50000000e+00  1.50000000e+00  1.50000000e+00  1.50000000e+00  0.00000000e+00  7.47712500e-01 
 1.50000000e+00  0.00000000e+00  0.00000000e+00  0.00000000e+00  0.00000000e+00  0.00000000e+00  0.00000000e+00  0.00000000e+00  1.50000000e+00  7.53600000e-01 
 1.50000000e+00  1.50000000e+00  0.00000000e+00  0.00000000e+00  0.00000000e+00  0.00000000e+00  0.00000000e+00  0.00000000e+00  1.50000000e+00  7.59487500e-01 
 1.50000000e+00  0.00000000e+00  1.50000000e+00  0.00000000e+00  0.00000000e+00  0.00000000e+00  0.00000000e+00  0.00000000e+00  1.50000000e+00  7.65375000e-01 
 1.50000000e+00  1.50000000e+00  1.50000000e+00  0.00000000e+00  0.00000000e+00  0.00000000e+00  0.00000000e+00  0.00000000e+00  1.50000000e+00  7.71262500e-01 
 1.50000000e+00  0.00000000e+00  0.00000000e+00  1.50000000e+00  0.00000000e+00  0.00000000e+00  0.00000000e+00  0.00000000e+00  1.50000000e+00  7.77150000e-01 
 1.50000000e+00  1.50000000e+00  0.00000000e+00  1.50000000e+00  0.00000000e+00  0.00000000e+00  0.00000000e+00  0.00000000e+00  1.50000000e+00  7.83037500e-01 
 1.50000000e+00  0.00000000e+00  1.50000000e+00  1.50000000e+00  0.00000000e+00  0.00000000e+00  0.00000000e+00  0.00000000e+00  1.50000000e+00  7.88925000e-01 
 1.50000000e+00  1.50000000e+00  1.50000000e+00  1.50000000e+00  0.00000000e+00  0.00000000e+00  0.00000000e+00  0.00000000e+00  1.50000000e+00  7.94812500e-01 
 1.50000000e+00  0.00000000e+00  0.00000000e+00  0.00000000e+00  1.50000000e+00  0.00000000e+00  0.00000000e+00  0.00000000e+00  1.50000000e+00  8.00700000e-01 
 1.50000000e+00  1.50000000e+00  0.00000000e+00  0.00000000e+00  1.50000000e+00  0.00000000e+00  0.00000000e+00  0.00000000e+00  1.50000000e+00  8.06587500e-01 
 1.50000000e+00  0.00000000e+00  1.50000000e+00  0.00000000e+00  1.50000000e+00  0.00000000e+00  0.00000000e+00  0.00000000e+00  1.50000000e+00  8.12475000e-01 
 1.50000000e+00  1.50000000e+00  1.50000000e+00  0.00000000e+00  1.50000000e+00  0.00000000e+00  0.00000000e+00  0.00000000e+00  1.50000000e+00  8.18362500e-01 
 1.50000000e+00  0.00000000e+00  0.00000000e+00  1.50000000e+00  1.50000000e+00  0.00000000e+00  0.00000000e+00  0.00000000e+00  1.50000000e+00  8.24250000e-01 
 1.50000000e+00  1.50000000e+00  0.00000000e+00  1.50000000e+00  1.50000000e+00  0.00000000e+00  0.00000000e+00  0.00000000e+00  1.50000000e+00  8.30137500e-01 
 1.50000000e+00  0.00000000e+00  1.50000000e+00  1.50000000e+00  1.50000000e+00  0.00000000e+00  0.00000000e+00  0.00000000e+00  1.50000000e+00  8.36025000e-01 
 1.50000000e+00  1.50000000e+00  1.50000000e+00  1.50000000e+00  1.50000000e+00  0.00000000e+00  0.00000000e+00  0.00000000e+00  1.50000000e+00  8.41912500e-01 
 1.50000000e+00  0.00000000e+00  0.00000000e+00  0.00000000e+00  0.00000000e+00  1.50000000e+00  0.00000000e+00  0.00000000e+00  1.50000000e+00  8.47800000e-01 
 1.50000000e+00  1.50000000e+00  0.00000000e+00  0.00000000e+00  0.00000000e+00  1.50000000e+00  0.00000000e+00  0.00000000e+00  1.50000000e+00  8.53687500e-01 
 1.50000000e+00  0.00000000e+00  1.50000000e+00  0.00000000e+00  0.00000000e+00  1.50000000e+00  0.00000000e+00  0.00000000e+00  1.50000000e+00  8.59575000e-01 
 1.50000000e+00  1.50000000e+00  1.50000000e+00  0.00000000e+00  0.00000000e+00  1.50000000e+00  0.00000000e+00  0.00000000e+00  1.50000000e+00  8.65462500e-01 
 1.50000000e+00  0.00000000e+00  0.00000000e+00  1.50000000e+00  0.00000000e+00  1.50000000e+00  0.00000000e+00  0.00000000e+00  1.50000000e+00  8.71350000e-01 
 1.50000000e+00  1.50000000e+00  0.00000000e+00  1.50000000e+00  0.00000000e+00  1.50000000e+00  0.00000000e+00  0.00000000e+00  1.50000000e+00  8.77237500e-01 
 1.50000000e+00  0.00000000e+00  1.50000000e+00  1.50000000e+00  0.00000000e+00  1.50000000e+00  0.00000000e+00  0.00000000e+00  1.50000000e+00  8.83125000e-01 
 1.50000000e+00  1.50000000e+00  1.50000000e+00  1.50000000e+00  0.00000000e+00  1.50000000e+00  0.00000000e+00  0.00000000e+00  1.50000000e+00  8.89012500e-01 
 1.50000000e+00  0.00000000e+00  0.00000000e+00  0.00000000e+00  1.50000000e+00  1.50000000e+00  0.00000000e+00  0.00000000e+00  1.50000000e+00  8.94900000e-01 
 1.50000000e+00  1.50000000e+00  0.00000000e+00  0.00000000e+00  1.50000000e+00  1.50000000e+00  0.00000000e+00  0.00000000e+00  1.50000000e+00  9.00787500e-01 
 1.50000000e+00  0.00000000e+00  1.50000000e+00  0.00000000e+00  1.50000000e+00  1.50000000e+00  0.00000000e+00  0.00000000e+00  1.50000000e+00  9.06675000e-01 
 1.50000000e+00  1.50000000e+00  1.50000000e+00  0.00000000e+00  1.50000000e+00  1.50000000e+00  0.00000000e+00  0.00000000e+00  1.50000000e+00  9.12562500e-01 
 1.50000000e+00  0.00000000e+00  0.00000000e+00  1.50000000e+00  1.50000000e+00  1.50000000e+00  0.00000000e+00  0.00000000e+00  1.50000000e+00  9.18450000e-01 
 1.50000000e+00  1.50000000e+00  0.00000000e+00  1.50000000e+00  1.50000000e+00  1.50000000e+00  0.00000000e+00  0.00000000e+00  1.50000000e+00  9.24337500e-01 
 1.50000000e+00  0.00000000e+00  1.50000000e+00  1.50000000e+00  1.50000000e+00  1.50000000e+00  0.00000000e+00  0.00000000e+00  1.50000000e+00  9.30225000e-01 
 1.50000000e+00  1.50000000e+00  1.50000000e+00  1.50000000e+00  1.50000000e+00  1.50000000e+00  0.00000000e+00  0.00000000e+00  1.50000000e+00  9.36112500e-01 
 1.50000000e+00  0.00000000e+00  0.00000000e+00  0.00000000e+00  0.00000000e+00  0.00000000e+00  1.50000000e+00  0.00000000e+00  1.50000000e+00  9.42000000e-01 
 1.50000000e+00  1.50000000e+00  0.00000000e+00  0.00000000e+00  0.00000000e+00  0.00000000e+00  1.50000000e+00  0.00000000e+00  1.50000000e+00  9.47887500e-01 
 1.50000000e+00  0.00000000e+00  1.50000000e+00  0.00000000e+00  0.00000000e+00  0.00000000e+00  1.50000000e+00  0.00000000e+00  1.50000000e+00  9.53775000e-01 
 1.50000000e+00  1.50000000e+00  1.50000000e+00  0.00000000e+00  0.00000000e+00  0.00000000e+00  1.50000000e+00  0.00000000e+00  1.50000000e+00  9.59662500e-01 
 1.50000000e+00  0.00000000e+00  0.00000000e+00  1.50000000e+00  0.00000000e+00  0.00000000e+00  1.50000000e+00  0.00000000e+00  1.50000000e+00  9.65550000e-01 
 1.50000000e+00  1.50000000e+00  0.00000000e+00  1.50000000e+00  0.00000000e+00  0.00000000e+00  1.50000000e+00  0.00000000e+00  1.50000000e+00  9.71437500e-01 
 1.50000000e+00  0.00000000e+00  1.50000000e+00  1.50000000e+00  0.00000000e+00  0.00000000e+00  1.50000000e+00  0.00000000e+00  1.50000000e+00  9.77325000e-01 
 1.50000000e+00  1.50000000e+00  1.50000000e+00  1.50000000e+00  0.00000000e+00  0.00000000e+00  1.50000000e+00  0.00000000e+00  1.50000000e+00  9.83212500e-01 
 1.50000000e+00  0.00000000e+00  0.00000000e+00  0.00000000e+00  1.50000000e+00  0.00000000e+00  1.50000000e+00  0.00000000e+00  1.50000000e+00  9.89100000e-01 
 1.50000000e+00  1.50000000e+00  0.00000000e+00  0.00000000e+00  1.50000000e+00  0.00000000e+00  1.50000000e+00  0.00000000e+00  1.50000000e+00  9.94987500e-01 
 1.50000000e+00  0.00000000e+00  1.50000000e+00  0.00000000e+00  1.50000000e+00  0.00000000e+00  1.50000000e+00  0.00000000e+00  1.50000000e+00  1.00087500e+00 
 1.50000000e+00  1.50000000e+00  1.50000000e+00  0.00000000e+00  1.50000000e+00  0.00000000e+00  1.50000000e+00  0.00000000e+00  1.50000000e+00  1.00676250e+00 
 1.50000000e+00  0.00000000e+00  0.00000000e+00  1.50000000e+00  1.50000000e+00  0.00000000e+00  1.50000000e+00  0.00000000e+00  1.50000000e+00  1.01265000e+00 
 1.50000000e+00  1.50000000e+00  0.00000000e+00  1.50000000e+00  1.50000000e+00  0.00000000e+00  1.50000000e+00  0.00000000e+00  1.50000000e+00  1.01853750e+00 
 1.50000000e+00  0.00000000e+00  1.50000000e+00  1.50000000e+00  1.50000000e+00  0.00000000e+00  1.50000000e+00  0.00000000e+00  1.50000000e+00  1.02442500e+00 
 1.50000000e+00  1.50000000e+00  1.50000000e+00  1.50000000e+00  1.50000000e+00  0.00000000e+00  1.50000000e+00  0.00000000e+00  1.50000000e+00  1.03031250e+00 
 1.50000000e+00  0.00000000e+00  0.00000000e+00  0.00000000e+00  0.00000000e+00  1.50000000e+00  1.50000000e+00  0.00000000e+00  1.50000000e+00  1.03620000e+00 
 1.50000000e+00  1.50000000e+00  0.00000000e+00  0.00000000e+00  0.00000000e+00  1.50000000e+00  1.50000000e+00  0.00000000e+00  1.50000000e+00  1.04208750e+00 
 1.50000000e+00  0.00000000e+00  1.50000000e+00  0.00000000e+00  0.00000000e+00  1.50000000e+00  1.50000000e+00  0.00000000e+00  1.50000000e+00  1.04797500e+00 
 1.50000000e+00  1.50000000e+00  1.50000000e+00  0.00000000e+00  0.00000000e+00  1.50000000e+00  1.50000000e+00  0.00000000e+00  1.50000000e+00  1.05386250e+00 
 1.50000000e+00  0.00000000e+00  0.00000000e+00  1.50000000e+00  0.00000000e+00  1.50000000e+00  1.50000000e+00  0.00000000e+00  1.50000000e+00  1.05975000e+00 
 1.50000000e+00  1.50000000e+00  0.00000000e+00  1.50000000e+00  0.00000000e+00  1.50000000e+00  1.50000000e+00  0.00000000e+00  1.50000000e+00  1.06563750e+00 
 1.50000000e+00  0.00000000e+00  1.50000000e+00  1.50000000e+00  0.00000000e+00  1.50000000e+00  1.50000000e+00  0.00000000e+00  1.50000000e+00  1.07152500e+00 
 1.50000000e+00  1.50000000e+00  1.50000000e+00  1.50000000e+00  0.00000000e+00  1.50000000e+00  1.50000000e+00  0.00000000e+00  1.50000000e+00  1.07741250e+00 
 1.50000000e+00  0.00000000e+00  0.00000000e+00  0.00000000e+00  1.50000000e+00  1.50000000e+00  1.50000000e+00  0.00000000e+00  1.50000000e+00  1.08330000e+00 
 1.50000000e+00  1.50000000e+00  0.00000000e+00  0.00000000e+00  1.50000000e+00  1.50000000e+00  1.50000000e+00  0.00000000e+00  1.50000000e+00  1.08918750e+00 
 1.50000000e+00  0.00000000e+00  1.50000000e+00  0.00000000e+00  1.50000000e+00  1.50000000e+00  1.50000000e+00  0.00000000e+00  1.50000000e+00  1.09507500e+00 
 1.50000000e+00  1.50000000e+00  1.50000000e+00  0.00000000e+00  1.50000000e+00  1.50000000e+00  1.50000000e+00  0.00000000e+00  1.50000000e+00  1.10096250e+00 
 1.50000000e+00  0.00000000e+00  0.00000000e+00  1.50000000e+00  1.50000000e+00  1.50000000e+00  1.50000000e+00  0.00000000e+00  1.50000000e+00  1.10685000e+00 
 1.50000000e+00  1.50000000e+00  0.00000000e+00  1.50000000e+00  1.50000000e+00  1.50000000e+00  1.50000000e+00  0.00000000e+00  1.50000000e+00  1.11273750e+00 
 1.50000000e+00  0.00000000e+00  1.50000000e+00  1.50000000e+00  1.50000000e+00  1.50000000e+00  1.50000000e+00  0.00000000e+00  1.50000000e+00  1.11862500e+00 
 1.50000000e+00  1.50000000e+00  1.50000000e+00  1.50000000e+00  1.50000000e+00  1.50000000e+00  1.50000000e+00  0.00000000e+00  1.50000000e+00  1.12451250e+00 
 1.50000000e+00  0.00000000e+00  0.00000000e+00  0.00000000e+00  0.00000000e+00  0.00000000e+00  0.00000000e+00  1.50000000e+00  1.50000000e+00  1.13040000e+00 
 1.50000000e+00  1.50000000e+00  0.00000000e+00  0.00000000e+00  0.00000000e+00  0.00000000e+00  0.00000000e+00  1.50000000e+00  1.50000000e+00  1.13628750e+00 
 1.50000000e+00  0.00000000e+00  1.50000000e+00  0.00000000e+00  0.00000000e+00  0.00000000e+00  0.00000000e+00  1.50000000e+00  1.50000000e+00  1.14217500e+00 
 1.50000000e+00  1.50000000e+00  1.50000000e+00  0.00000000e+00  0.00000000e+00  0.00000000e+00  0.00000000e+00  1.50000000e+00  1.50000000e+00  1.14806250e+00 
 1.50000000e+00  0.00000000e+00  0.00000000e+00  1.50000000e+00  0.00000000e+00  0.00000000e+00  0.00000000e+00  1.50000000e+00  1.50000000e+00  1.15395000e+00 
 1.50000000e+00  1.50000000e+00  0.00000000e+00  1.50000000e+00  0.00000000e+00  0.00000000e+00  0.00000000e+00  1.50000000e+00  1.50000000e+00  1.15983750e+00 
 1.50000000e+00  0.00000000e+00  1.50000000e+00  1.50000000e+00  0.00000000e+00  0.00000000e+00  0.00000000e+00  1.50000000e+00  1.50000000e+00  1.16572500e+00 
 1.50000000e+00  1.50000000e+00  1.50000000e+00  1.50000000e+00  0.00000000e+00  0.00000000e+00  0.00000000e+00  1.50000000e+00  1.50000000e+00  1.17161250e+00 
 1.50000000e+00  0.00000000e+00  0.00000000e+00  0.00000000e+00  1.50000000e+00  0.00000000e+00  0.00000000e+00  1.50000000e+00  1.50000000e+00  1.17750000e+00 
 1.50000000e+00  1.50000000e+00  0.00000000e+00  0.00000000e+00  1.50000000e+00  0.00000000e+00  0.00000000e+00  1.50000000e+00  1.50000000e+00  1.18338750e+00 
 1.50000000e+00  0.00000000e+00  1.50000000e+00  0.00000000e+00  1.50000000e+00  0.00000000e+00  0.00000000e+00  1.50000000e+00  1.50000000e+00  1.18927500e+00 
 1.50000000e+00  1.50000000e+00  1.50000000e+00  0.00000000e+00  1.50000000e+00  0.00000000e+00  0.00000000e+00  1.50000000e+00  1.50000000e+00  1.19516250e+00 
 1.50000000e+00  0.00000000e+00  0.00000000e+00  1.50000000e+00  1.50000000e+00  0.00000000e+00  0.00000000e+00  1.50000000e+00  1.50000000e+00  1.20105000e+00 
 1.50000000e+00  1.50000000e+00  0.00000000e+00  1.50000000e+00  1.50000000e+00  0.00000000e+00  0.00000000e+00  1.50000000e+00  1.50000000e+00  1.20693750e+00 
 1.50000000e+00  0.00000000e+00  1.50000000e+00  1.50000000e+00  1.50000000e+00  0.00000000e+00  0.00000000e+00  1.50000000e+00  1.50000000e+00  1.21282500e+00 
 1.50000000e+00  1.50000000e+00  1.50000000e+00  1.50000000e+00  1.50000000e+00  0.00000000e+00  0.00000000e+00  1.50000000e+00  1.50000000e+00  1.21871250e+00 
 1.50000000e+00  0.00000000e+00  0.00000000e+00  0.00000000e+00  0.00000000e+00  1.50000000e+00  0.00000000e+00  1.50000000e+00  1.50000000e+00  1.22460000e+00 
 1.50000000e+00  1.50000000e+00  0.00000000e+00  0.00000000e+00  0.00000000e+00  1.50000000e+00  0.00000000e+00  1.50000000e+00  1.50000000e+00  1.23048750e+00 
 1.50000000e+00  0.00000000e+00  1.50000000e+00  0.00000000e+00  0.00000000e+00  1.50000000e+00  0.00000000e+00  1.50000000e+00  1.50000000e+00  1.23637500e+00 
 1.50000000e+00  1.50000000e+00  1.50000000e+00  0.00000000e+00  0.00000000e+00  1.50000000e+00  0.00000000e+00  1.50000000e+00  1.50000000e+00  1.24226250e+00 
 1.50000000e+00  0.00000000e+00  0.00000000e+00  1.50000000e+00  0.00000000e+00  1.50000000e+00  0.00000000e+00  1.50000000e+00  1.50000000e+00  1.24815000e+00 
 1.50000000e+00  1.50000000e+00  0.00000000e+00  1.50000000e+00  0.00000000e+00  1.50000000e+00  0.00000000e+00  1.50000000e+00  1.50000000e+00  1.25403750e+00 
 1.50000000e+00  0.00000000e+00  1.50000000e+00  1.50000000e+00  0.00000000e+00  1.50000000e+00  0.00000000e+00  1.50000000e+00  1.50000000e+00  1.25992500e+00 
 1.50000000e+00  1.50000000e+00  1.50000000e+00  1.50000000e+00  0.00000000e+00  1.50000000e+00  0.00000000e+00  1.50000000e+00  1.50000000e+00  1.26581250e+00 
 1.50000000e+00  0.00000000e+00  0.00000000e+00  0.00000000e+00  1.50000000e+00  1.50000000e+00  0.00000000e+00  1.50000000e+00  1.50000000e+00  1.27170000e+00 
 1.50000000e+00  1.50000000e+00  0.00000000e+00  0.00000000e+00  1.50000000e+00  1.50000000e+00  0.00000000e+00  1.50000000e+00  1.50000000e+00  1.27758750e+00 
 1.50000000e+00  0.00000000e+00  1.50000000e+00  0.00000000e+00  1.50000000e+00  1.50000000e+00  0.00000000e+00  1.50000000e+00  1.50000000e+00  1.28347500e+00 
 1.50000000e+00  1.50000000e+00  1.50000000e+00  0.00000000e+00  1.50000000e+00  1.50000000e+00  0.00000000e+00  1.50000000e+00  1.50000000e+00  1.28936250e+00 
 1.50000000e+00  0.00000000e+00  0.00000000e+00  1.50000000e+00  1.50000000e+00  1.50000000e+00  0.00000000e+00  1.50000000e+00  1.50000000e+00  1.29525000e+00 
 1.50000000e+00  1.50000000e+00  0.00000000e+00  1.50000000e+00  1.50000000e+00  1.50000000e+00  0.00000000e+00  1.50000000e+00  1.50000000e+00  1.30113750e+00 
 1.50000000e+00  0.00000000e+00  1.50000000e+00  1.50000000e+00  1.50000000e+00  1.50000000e+00  0.00000000e+00  1.50000000e+00  1.50000000e+00  1.30702500e+00 
 1.50000000e+00  1.50000000e+00  1.50000000e+00  1.50000000e+00  1.50000000e+00  1.50000000e+00  0.00000000e+00  1.50000000e+00  1.50000000e+00  1.31291250e+00 
 1.50000000e+00  0.00000000e+00  0.00000000e+00  0.00000000e+00  0.00000000e+00  0.00000000e+00  1.50000000e+00  1.50000000e+00  1.50000000e+00  1.31880000e+00 
 1.50000000e+00  1.50000000e+00  0.00000000e+00  0.00000000e+00  0.00000000e+00  0.00000000e+00  1.50000000e+00  1.50000000e+00  1.50000000e+00  1.32468750e+00 
 1.50000000e+00  0.00000000e+00  1.50000000e+00  0.00000000e+00  0.00000000e+00  0.00000000e+00  1.50000000e+00  1.50000000e+00  1.50000000e+00  1.33057500e+00 
 1.50000000e+00  1.50000000e+00  1.50000000e+00  0.00000000e+00  0.00000000e+00  0.00000000e+00  1.50000000e+00  1.50000000e+00  1.50000000e+00  1.33646250e+00 
 1.50000000e+00  0.00000000e+00  0.00000000e+00  1.50000000e+00  0.00000000e+00  0.00000000e+00  1.50000000e+00  1.50000000e+00  1.50000000e+00  1.34235000e+00 
 1.50000000e+00  1.50000000e+00  0.00000000e+00  1.50000000e+00  0.00000000e+00  0.00000000e+00  1.50000000e+00  1.50000000e+00  1.50000000e+00  1.34823750e+00 
 1.50000000e+00  0.00000000e+00  1.50000000e+00  1.50000000e+00  0.00000000e+00  0.00000000e+00  1.50000000e+00  1.50000000e+00  1.50000000e+00  1.35412500e+00 
 1.50000000e+00  1.50000000e+00  1.50000000e+00  1.50000000e+00  0.00000000e+00  0.00000000e+00  1.50000000e+00  1.50000000e+00  1.50000000e+00  1.36001250e+00 
 1.50000000e+00  0.00000000e+00  0.00000000e+00  0.00000000e+00  1.50000000e+00  0.00000000e+00  1.50000000e+00  1.50000000e+00  1.50000000e+00  1.36590000e+00 
 1.50000000e+00  1.50000000e+00  0.00000000e+00  0.00000000e+00  1.50000000e+00  0.00000000e+00  1.50000000e+00  1.50000000e+00  1.50000000e+00  1.37178750e+00 
 1.50000000e+00  0.00000000e+00  1.50000000e+00  0.00000000e+00  1.50000000e+00  0.00000000e+00  1.50000000e+00  1.50000000e+00  1.50000000e+00  1.37767500e+00 
 1.50000000e+00  1.50000000e+00  1.50000000e+00  0.00000000e+00  1.50000000e+00  0.00000000e+00  1.50000000e+00  1.50000000e+00  1.50000000e+00  1.38356250e+00 
 1.50000000e+00  0.00000000e+00  0.00000000e+00  1.50000000e+00  1.50000000e+00  0.00000000e+00  1.50000000e+00  1.50000000e+00  1.50000000e+00  1.38945000e+00 
 1.50000000e+00  1.50000000e+00  0.00000000e+00  1.50000000e+00  1.50000000e+00  0.00000000e+00  1.50000000e+00  1.50000000e+00  1.50000000e+00  1.39533750e+00 
 1.50000000e+00  0.00000000e+00  1.50000000e+00  1.50000000e+00  1.50000000e+00  0.00000000e+00  1.50000000e+00  1.50000000e+00  1.50000000e+00  1.40122500e+00 
 1.50000000e+00  1.50000000e+00  1.50000000e+00  1.50000000e+00  1.50000000e+00  0.00000000e+00  1.50000000e+00  1.50000000e+00  1.50000000e+00  1.40711250e+00 
 1.50000000e+00  0.00000000e+00  0.00000000e+00  0.00000000e+00  0.00000000e+00  1.50000000e+00  1.50000000e+00  1.50000000e+00  1.50000000e+00  1.41300000e+00 
 1.50000000e+00  1.50000000e+00  0.00000000e+00  0.00000000e+00  0.00000000e+00  1.50000000e+00  1.50000000e+00  1.50000000e+00  1.50000000e+00  1.41888750e+00 
 1.50000000e+00  0.00000000e+00  1.50000000e+00  0.00000000e+00  0.00000000e+00  1.50000000e+00  1.50000000e+00  1.50000000e+00  1.50000000e+00  1.42477500e+00 
 1.50000000e+00  1.50000000e+00  1.50000000e+00  0.00000000e+00  0.00000000e+00  1.50000000e+00  1.50000000e+00  1.50000000e+00  1.50000000e+00  1.43066250e+00 
 1.50000000e+00  0.00000000e+00  0.00000000e+00  1.50000000e+00  0.00000000e+00  1.50000000e+00  1.50000000e+00  1.50000000e+00  1.50000000e+00  1.43655000e+00 
 1.50000000e+00  1.50000000e+00  0.00000000e+00  1.50000000e+00  0.00000000e+00  1.50000000e+00  1.50000000e+00  1.50000000e+00  1.50000000e+00  1.44243750e+00 
 1.50000000e+00  0.00000000e+00  1.50000000e+00  1.50000000e+00  0.00000000e+00  1.50000000e+00  1.50000000e+00  1.50000000e+00  1.50000000e+00  1.44832500e+00 
 1.50000000e+00  1.50000000e+00  1.50000000e+00  1.50000000e+00  0.00000000e+00  1.50000000e+00  1.50000000e+00  1.50000000e+00  1.50000000e+00  1.45421250e+00 
 1.50000000e+00  0.00000000e+00  0.00000000e+00  0.00000000e+00  1.50000000e+00  1.50000000e+00  1.50000000e+00  1.50000000e+00  1.50000000e+00  1.46010000e+00 
 1.50000000e+00  1.50000000e+00  0.00000000e+00  0.00000000e+00  1.50000000e+00  1.50000000e+00  1.50000000e+00  1.50000000e+00  1.50000000e+00  1.46598750e+00 
 1.50000000e+00  0.00000000e+00  1.50000000e+00  0.00000000e+00  1.50000000e+00  1.50000000e+00  1.50000000e+00  1.50000000e+00  1.50000000e+00  1.47187500e+00 
 1.50000000e+00  1.50000000e+00  1.50000000e+00  0.00000000e+00  1.50000000e+00  1.50000000e+00  1.50000000e+00  1.50000000e+00  1.50000000e+00  1.47776250e+00 
 1.50000000e+00  0.00000000e+00  0.00000000e+00  1.50000000e+00  1.50000000e+00  1.50000000e+00  1.50000000e+00  1.50000000e+00  1.50000000e+00  1.48365000e+00 
 1.50000000e+00  1.50000000e+00  0.00000000e+00  1.50000000e+00  1.50000000e+00  1.50000000e+00  1.50000000e+00  1.50000000e+00  1.50000000e+00  1.48953750e+00 
 1.50000000e+00  0.00000000e+00  1.50000000e+00  1.50000000e+00  1.50000000e+00  1.50000000e+00  1.50000000e+00  1.50000000e+00  1.50000000e+00  1.49542500e+00 
 1.50000000e+00  1.50000000e+00  1.50000000e+00  1.50000000e+00  1.50000000e+00  1.50000000e+00  1.50000000e+00  1.50000000e+00  1.50000000e+00  1.50131250e+00 
