 frequency       v(Cinp)         v(Cinp)         v(Cinn)         v(Cinn)        
 1.00000000e+00  1.80526448e-13  0.00000000e+00  2.58009943e-12  0.00000000e+00 
 1.02305973e+00  1.76454150e-13  0.00000000e+00  2.52196235e-12  0.00000000e+00 
 1.04665121e+00  1.72473186e-13  0.00000000e+00  2.46513572e-12  0.00000000e+00 
 1.07078670e+00  1.68582036e-13  0.00000000e+00  2.40959028e-12  0.00000000e+00 
 1.09547876e+00  1.64778169e-13  0.00000000e+00  2.35529763e-12  0.00000000e+00 
 1.12074020e+00  1.61060626e-13  0.00000000e+00  2.30222902e-12  0.00000000e+00 
 1.14658417e+00  1.57426231e-13  0.00000000e+00  2.25035706e-12  0.00000000e+00 
 1.17302409e+00  1.53873847e-13  0.00000000e+00  2.19965455e-12  0.00000000e+00 
 1.20007371e+00  1.50401164e-13  0.00000000e+00  2.15009556e-12  0.00000000e+00 
 1.22774708e+00  1.47007079e-13  0.00000000e+00  2.10165407e-12  0.00000000e+00 
 1.25605860e+00  1.43689147e-13  0.00000000e+00  2.05430509e-12  0.00000000e+00 
 1.28502297e+00  1.40445886e-13  0.00000000e+00  2.00802353e-12  0.00000000e+00 
 1.31465525e+00  1.37275830e-13  0.00000000e+00  1.96278595e-12  0.00000000e+00 
 1.34497085e+00  1.34177121e-13  0.00000000e+00  1.91856860e-12  0.00000000e+00 
 1.37598551e+00  1.31147957e-13  0.00000000e+00  1.87534823e-12  0.00000000e+00 
 1.40771537e+00  1.28187179e-13  0.00000000e+00  1.83310257e-12  0.00000000e+00 
 1.44017690e+00  1.25292860e-13  0.00000000e+00  1.79180999e-12  0.00000000e+00 
 1.47338699e+00  1.22463890e-13  0.00000000e+00  1.75144843e-12  0.00000000e+00 
 1.50736290e+00  1.19698430e-13  0.00000000e+00  1.71199743e-12  0.00000000e+00 
 1.54212228e+00  1.16995060e-13  0.00000000e+00  1.67343607e-12  0.00000000e+00 
 1.57768320e+00  1.14352745e-13  0.00000000e+00  1.63574463e-12  0.00000000e+00 
 1.61406415e+00  1.11769764e-13  0.00000000e+00  1.59890330e-12  0.00000000e+00 
 1.65128404e+00  1.09244792e-13  0.00000000e+00  1.56289322e-12  0.00000000e+00 
 1.68936220e+00  1.06776698e-13  0.00000000e+00  1.52769531e-12  0.00000000e+00 
 1.72831844e+00  1.04364204e-13  0.00000000e+00  1.49329154e-12  0.00000000e+00 
 1.76817299e+00  1.02005748e-13  0.00000000e+00  1.45966382e-12  0.00000000e+00 
 1.80894658e+00  9.97005901e-14  0.00000000e+00  1.42679495e-12  0.00000000e+00 
 1.85066040e+00  9.74470765e-14  0.00000000e+00  1.39466747e-12  0.00000000e+00 
 1.89333613e+00  9.52443525e-14  0.00000000e+00  1.36326496e-12  0.00000000e+00 
 1.93699595e+00  9.30911343e-14  0.00000000e+00  1.33257102e-12  0.00000000e+00 
 1.98166255e+00  9.09861761e-14  0.00000000e+00  1.30256980e-12  0.00000000e+00 
 2.02735916e+00  8.89285422e-14  0.00000000e+00  1.27324550e-12  0.00000000e+00 
 2.07410951e+00  8.69173078e-14  0.00000000e+00  1.24458296e-12  0.00000000e+00 
 2.12193792e+00  8.49510392e-14  0.00000000e+00  1.21656751e-12  0.00000000e+00 
 2.17086923e+00  8.30291246e-14  0.00000000e+00  1.18918412e-12  0.00000000e+00 
 2.22092889e+00  8.11503177e-14  0.00000000e+00  1.16241902e-12  0.00000000e+00 
 2.27214291e+00  7.93137815e-14  0.00000000e+00  1.13625785e-12  0.00000000e+00 
 2.32453791e+00  7.75184518e-14  0.00000000e+00  1.11068746e-12  0.00000000e+00 
 2.37814113e+00  7.57635281e-14  0.00000000e+00  1.08569447e-12  0.00000000e+00 
 2.43298042e+00  7.40478794e-14  0.00000000e+00  1.06126560e-12  0.00000000e+00 
 2.48908429e+00  7.23707480e-14  0.00000000e+00  1.03738844e-12  0.00000000e+00 
 2.54648190e+00  7.07312766e-14  0.00000000e+00  1.01405027e-12  0.00000000e+00 
 2.60520309e+00  6.91286270e-14  0.00000000e+00  9.91239335e-13  0.00000000e+00 
 2.66527837e+00  6.75619794e-14  0.00000000e+00  9.68943601e-13  0.00000000e+00 
 2.72673897e+00  6.60303296e-14  0.00000000e+00  9.47151403e-13  0.00000000e+00 
 2.78961683e+00  6.45331052e-14  0.00000000e+00  9.25851547e-13  0.00000000e+00 
 2.85394464e+00  6.30695394e-14  0.00000000e+00  9.05032881e-13  0.00000000e+00 
 2.91975583e+00  6.16386927e-14  0.00000000e+00  8.84684702e-13  0.00000000e+00 
 2.98708461e+00  6.02401221e-14  0.00000000e+00  8.64796254e-13  0.00000000e+00 
 3.05596598e+00  5.88727420e-14  0.00000000e+00  8.45357218e-13  0.00000000e+00 
 3.12643573e+00  5.75360459e-14  0.00000000e+00  8.26357766e-13  0.00000000e+00 
 3.19853049e+00  5.62292671e-14  0.00000000e+00  8.07787666e-13  0.00000000e+00 
 3.27228774e+00  5.49518303e-14  0.00000000e+00  7.89637443e-13  0.00000000e+00 
 3.34774581e+00  5.37030016e-14  0.00000000e+00  7.71897574e-13  0.00000000e+00 
 3.42494392e+00  5.24821501e-14  0.00000000e+00  7.54558914e-13  0.00000000e+00 
 3.50392221e+00  5.12886580e-14  0.00000000e+00  7.37612438e-13  0.00000000e+00 
 3.58472171e+00  5.01219213e-14  0.00000000e+00  7.21049397e-13  0.00000000e+00 
 3.66738442e+00  4.89812738e-14  0.00000000e+00  7.04861082e-13  0.00000000e+00 
 3.75195331e+00  4.78661424e-14  0.00000000e+00  6.89039056e-13  0.00000000e+00 
 3.83847234e+00  4.67760384e-14  0.00000000e+00  6.73575216e-13  0.00000000e+00 
 3.92698648e+00  4.57102678e-14  0.00000000e+00  6.58461346e-13  0.00000000e+00 
 4.01754173e+00  4.46683675e-14  0.00000000e+00  6.43689838e-13  0.00000000e+00 
 4.11018515e+00  4.36498124e-14  0.00000000e+00  6.29252761e-13  0.00000000e+00 
 4.20496491e+00  4.26540231e-14  0.00000000e+00  6.15142773e-13  0.00000000e+00 
 4.30193027e+00  4.16805656e-14  0.00000000e+00  6.01352489e-13  0.00000000e+00 
 4.40113162e+00  4.07288224e-14  0.00000000e+00  5.87874688e-13  0.00000000e+00 
 4.50262052e+00  3.97985050e-14  0.00000000e+00  5.74702435e-13  0.00000000e+00 
 4.60644974e+00  3.88888383e-14  0.00000000e+00  5.61828882e-13  0.00000000e+00 
 4.71267322e+00  3.79996711e-14  0.00000000e+00  5.49247273e-13  0.00000000e+00 
 4.82134619e+00  3.71303764e-14  0.00000000e+00  5.36951058e-13  0.00000000e+00 
 4.93252513e+00  3.62804648e-14  0.00000000e+00  5.24933946e-13  0.00000000e+00 
 5.04626783e+00  3.54496255e-14  0.00000000e+00  5.13189610e-13  0.00000000e+00 
 5.16263340e+00  3.46373861e-14  0.00000000e+00  5.01711974e-13  0.00000000e+00 
 5.28168234e+00  3.38432881e-14  0.00000000e+00  4.90495038e-13  0.00000000e+00 
 5.40347650e+00  3.30670907e-14  0.00000000e+00  4.79532935e-13  0.00000000e+00 
 5.52807921e+00  3.23081480e-14  0.00000000e+00  4.68820077e-13  0.00000000e+00 
 5.65555523e+00  3.15662851e-14  0.00000000e+00  4.58350795e-13  0.00000000e+00 
 5.78597080e+00  3.08409825e-14  0.00000000e+00  4.48119689e-13  0.00000000e+00 
 5.91939372e+00  3.01319755e-14  0.00000000e+00  4.38121429e-13  0.00000000e+00 
 6.05589334e+00  2.94389072e-14  0.00000000e+00  4.28350750e-13  0.00000000e+00 
 6.19554061e+00  2.87613389e-14  0.00000000e+00  4.18802687e-13  0.00000000e+00 
 6.33840810e+00  2.80990222e-14  0.00000000e+00  4.09472151e-13  0.00000000e+00 
 6.48457008e+00  2.74515374e-14  0.00000000e+00  4.00354385e-13  0.00000000e+00 
 6.63410251e+00  2.68186461e-14  0.00000000e+00  3.91444600e-13  0.00000000e+00 
 6.78708313e+00  2.61999466e-14  0.00000000e+00  3.82738114e-13  0.00000000e+00 
 6.94359143e+00  2.55952104e-14  0.00000000e+00  3.74230463e-13  0.00000000e+00 
 7.10370877e+00  2.50040919e-14  0.00000000e+00  3.65917158e-13  0.00000000e+00 
 7.26751838e+00  2.44262555e-14  0.00000000e+00  3.57793921e-13  0.00000000e+00 
 7.43510539e+00  2.38615241e-14  0.00000000e+00  3.49856523e-13  0.00000000e+00 
 7.60655691e+00  2.33095351e-14  0.00000000e+00  3.42100751e-13  0.00000000e+00 
 7.78196206e+00  2.27700097e-14  0.00000000e+00  3.34522628e-13  0.00000000e+00 
 7.96141200e+00  2.22426752e-14  0.00000000e+00  3.27118217e-13  0.00000000e+00 
 8.14500001e+00  2.17272988e-14  0.00000000e+00  3.19883629e-13  0.00000000e+00 
 8.33282151e+00  2.12236170e-14  0.00000000e+00  3.12815059e-13  0.00000000e+00 
 8.52497412e+00  2.07314046e-14  0.00000000e+00  3.05908876e-13  0.00000000e+00 
 8.72155772e+00  2.02503758e-14  0.00000000e+00  2.99161425e-13  0.00000000e+00 
 8.92267449e+00  1.97802839e-14  0.00000000e+00  2.92569221e-13  0.00000000e+00 
 9.12842895e+00  1.93209183e-14  0.00000000e+00  2.86128819e-13  0.00000000e+00 
 9.33892805e+00  1.88720705e-14  0.00000000e+00  2.79836840e-13  0.00000000e+00 
 9.55428121e+00  1.84334771e-14  0.00000000e+00  2.73689974e-13  0.00000000e+00 
 9.77460036e+00  1.80049389e-14  0.00000000e+00  2.67685009e-13  0.00000000e+00 
 1.00000000e+01  1.75862038e-14  0.00000000e+00  2.61818875e-13  0.00000000e+00 
 1.02305973e+01  1.71771353e-14  0.00000000e+00  2.56088398e-13  0.00000000e+00 
 1.04665121e+01  1.67774889e-14  0.00000000e+00  2.50490630e-13  0.00000000e+00 
 1.07078670e+01  1.63870532e-14  0.00000000e+00  2.45022625e-13  0.00000000e+00 
 1.09547876e+01  1.60056214e-14  0.00000000e+00  2.39681520e-13  0.00000000e+00 
 1.12074020e+01  1.56330407e-14  0.00000000e+00  2.34464481e-13  0.00000000e+00 
 1.14658417e+01  1.52690861e-14  0.00000000e+00  2.29368801e-13  0.00000000e+00 
 1.17302409e+01  1.49136101e-14  0.00000000e+00  2.24391753e-13  0.00000000e+00 
 1.20007371e+01  1.45663963e-14  0.00000000e+00  2.19530754e-13  0.00000000e+00 
 1.22774708e+01  1.42272795e-14  0.00000000e+00  2.14783222e-13  0.00000000e+00 
 1.25605860e+01  1.38960751e-14  0.00000000e+00  2.10146667e-13  0.00000000e+00 
 1.28502297e+01  1.35726241e-14  0.00000000e+00  2.05618580e-13  0.00000000e+00 
 1.31465525e+01  1.32567488e-14  0.00000000e+00  2.01196646e-13  0.00000000e+00 
 1.34497085e+01  1.29482958e-14  0.00000000e+00  1.96878443e-13  0.00000000e+00 
 1.37598551e+01  1.26470941e-14  0.00000000e+00  1.92661697e-13  0.00000000e+00 
 1.40771537e+01  1.23529962e-14  0.00000000e+00  1.88544192e-13  0.00000000e+00 
 1.44017690e+01  1.20658184e-14  0.00000000e+00  1.84523691e-13  0.00000000e+00 
 1.47338699e+01  1.17854387e-14  0.00000000e+00  1.80598055e-13  0.00000000e+00 
 1.50736290e+01  1.15116622e-14  0.00000000e+00  1.76765179e-13  0.00000000e+00 
 1.54212228e+01  1.12444084e-14  0.00000000e+00  1.73023031e-13  0.00000000e+00 
 1.57768320e+01  1.09834714e-14  0.00000000e+00  1.69369521e-13  0.00000000e+00 
 1.61406415e+01  1.07287392e-14  0.00000000e+00  1.65802754e-13  0.00000000e+00 
 1.65128404e+01  1.04800668e-14  0.00000000e+00  1.62320744e-13  0.00000000e+00 
 1.68936220e+01  1.02373124e-14  0.00000000e+00  1.58921603e-13  0.00000000e+00 
 1.72831844e+01  1.00003377e-14  0.00000000e+00  1.55603493e-13  0.00000000e+00 
 1.76817299e+01  9.76902337e-15  0.00000000e+00  1.52364568e-13  0.00000000e+00 
 1.80894658e+01  9.54323636e-15  0.00000000e+00  1.49203063e-13  0.00000000e+00 
 1.85066040e+01  9.32283208e-15  0.00000000e+00  1.46117219e-13  0.00000000e+00 
 1.89333613e+01  9.10769945e-15  0.00000000e+00  1.43105340e-13  0.00000000e+00 
 1.93699595e+01  8.89772901e-15  0.00000000e+00  1.40165707e-13  0.00000000e+00 
 1.98166255e+01  8.69277133e-15  0.00000000e+00  1.37296702e-13  0.00000000e+00 
 2.02735916e+01  8.49273669e-15  0.00000000e+00  1.34496688e-13  0.00000000e+00 
 2.07410951e+01  8.29749591e-15  0.00000000e+00  1.31764093e-13  0.00000000e+00 
 2.12193792e+01  8.10693676e-15  0.00000000e+00  1.29097355e-13  0.00000000e+00 
 2.17086923e+01  7.92094970e-15  0.00000000e+00  1.26494899e-13  0.00000000e+00 
 2.22092889e+01  7.73942782e-15  0.00000000e+00  1.23955274e-13  0.00000000e+00 
 2.27214291e+01  7.56226677e-15  0.00000000e+00  1.21476950e-13  0.00000000e+00 
 2.32453791e+01  7.38935292e-15  0.00000000e+00  1.19058508e-13  0.00000000e+00 
 2.37814113e+01  7.22058770e-15  0.00000000e+00  1.16698502e-13  0.00000000e+00 
 2.43298042e+01  7.05590873e-15  0.00000000e+00  1.14395509e-13  0.00000000e+00 
 2.48908429e+01  6.89516471e-15  0.00000000e+00  1.12148173e-13  0.00000000e+00 
 2.54648190e+01  6.73828709e-15  0.00000000e+00  1.09955105e-13  0.00000000e+00 
 2.60520309e+01  6.58517597e-15  0.00000000e+00  1.07814962e-13  0.00000000e+00 
 2.66527837e+01  6.43576535e-15  0.00000000e+00  1.05726431e-13  0.00000000e+00 
 2.72673897e+01  6.28992925e-15  0.00000000e+00  1.03688213e-13  0.00000000e+00 
 2.78961683e+01  6.14761607e-15  0.00000000e+00  1.01699003e-13  0.00000000e+00 
 2.85394464e+01  6.00871601e-15  0.00000000e+00  9.97575475e-14  0.00000000e+00 
 2.91975583e+01  5.87317063e-15  0.00000000e+00  9.78625993e-14  0.00000000e+00 
 2.98708461e+01  5.74088509e-15  0.00000000e+00  9.60129340e-14  0.00000000e+00 
 3.05596598e+01  5.61178594e-15  0.00000000e+00  9.42073165e-14  0.00000000e+00 
 3.12643573e+01  5.48580150e-15  0.00000000e+00  9.24445739e-14  0.00000000e+00 
 3.19853049e+01  5.36284479e-15  0.00000000e+00  9.07235063e-14  0.00000000e+00 
 3.27228774e+01  5.24285706e-15  0.00000000e+00  8.90429510e-14  0.00000000e+00 
 3.34774581e+01  5.12576414e-15  0.00000000e+00  8.74017809e-14  0.00000000e+00 
 3.42494392e+01  5.01150215e-15  0.00000000e+00  8.57988485e-14  0.00000000e+00 
 3.50392221e+01  4.90000872e-15  0.00000000e+00  8.42330447e-14  0.00000000e+00 
 3.58472171e+01  4.79120035e-15  0.00000000e+00  8.27032528e-14  0.00000000e+00 
 3.66738442e+01  4.68503401e-15  0.00000000e+00  8.12084184e-14  0.00000000e+00 
 3.75195331e+01  4.58143065e-15  0.00000000e+00  7.97474522e-14  0.00000000e+00 
 3.83847234e+01  4.48034980e-15  0.00000000e+00  7.83193145e-14  0.00000000e+00 
 3.92698648e+01  4.38172349e-15  0.00000000e+00  7.69229646e-14  0.00000000e+00 
 4.01754173e+01  4.28549976e-15  0.00000000e+00  7.55573982e-14  0.00000000e+00 
 4.11018515e+01  4.19162137e-15  0.00000000e+00  7.42215937e-14  0.00000000e+00 
 4.20496491e+01  4.10003291e-15  0.00000000e+00  7.29145949e-14  0.00000000e+00 
 4.30193027e+01  4.01068695e-15  0.00000000e+00  7.16354193e-14  0.00000000e+00 
 4.40113162e+01  3.92353723e-15  0.00000000e+00  7.03831376e-14  0.00000000e+00 
 4.50262052e+01  3.83852669e-15  0.00000000e+00  6.91568061e-14  0.00000000e+00 
 4.60644974e+01  3.75560631e-15  0.00000000e+00  6.79555412e-14  0.00000000e+00 
 4.71267322e+01  3.67474557e-15  0.00000000e+00  6.67784484e-14  0.00000000e+00 
 4.82134619e+01  3.59588629e-15  0.00000000e+00  6.56246598e-14  0.00000000e+00 
 4.93252513e+01  3.51898902e-15  0.00000000e+00  6.44933402e-14  0.00000000e+00 
 5.04626783e+01  3.44401000e-15  0.00000000e+00  6.33836765e-14  0.00000000e+00 
 5.16263340e+01  3.37091709e-15  0.00000000e+00  6.22948732e-14  0.00000000e+00 
 5.28168234e+01  3.29965859e-15  0.00000000e+00  6.12261485e-14  0.00000000e+00 
 5.40347650e+01  3.23019971e-15  0.00000000e+00  6.01767561e-14  0.00000000e+00 
 5.52807921e+01  3.16251121e-15  0.00000000e+00  5.91459891e-14  0.00000000e+00 
 5.65555523e+01  3.09654565e-15  0.00000000e+00  5.81331363e-14  0.00000000e+00 
 5.78597080e+01  3.03227578e-15  0.00000000e+00  5.71375317e-14  0.00000000e+00 
 5.91939372e+01  2.96967022e-15  0.00000000e+00  5.61585385e-14  0.00000000e+00 
 6.05589334e+01  2.90868547e-15  0.00000000e+00  5.51955317e-14  0.00000000e+00 
 6.19554061e+01  2.84929666e-15  0.00000000e+00  5.42479288e-14  0.00000000e+00 
 6.33840810e+01  2.79147508e-15  0.00000000e+00  5.33151668e-14  0.00000000e+00 
 6.48457008e+01  2.73518473e-15  0.00000000e+00  5.23967065e-14  0.00000000e+00 
 6.63410251e+01  2.68040258e-15  0.00000000e+00  5.14920522e-14  0.00000000e+00 
 6.78708313e+01  2.62709075e-15  0.00000000e+00  5.06007212e-14  0.00000000e+00 
 6.94359143e+01  2.57523134e-15  0.00000000e+00  4.97222673e-14  0.00000000e+00 
 7.10370877e+01  2.52479905e-15  0.00000000e+00  4.88562635e-14  0.00000000e+00 
 7.26751838e+01  2.47575871e-15  0.00000000e+00  4.80023234e-14  0.00000000e+00 
 7.43510539e+01  2.42808682e-15  0.00000000e+00  4.71600768e-14  0.00000000e+00 
 7.60655691e+01  2.38176680e-15  0.00000000e+00  4.63291828e-14  0.00000000e+00 
 7.78196206e+01  2.33676907e-15  0.00000000e+00  4.55093310e-14  0.00000000e+00 
 7.96141200e+01  2.29306819e-15  0.00000000e+00  4.47002331e-14  0.00000000e+00 
 8.14500001e+01  2.25064842e-15  0.00000000e+00  4.39016267e-14  0.00000000e+00 
 8.33282151e+01  2.20948199e-15  0.00000000e+00  4.31132740e-14  0.00000000e+00 
 8.52497412e+01  2.16954774e-15  0.00000000e+00  4.23349592e-14  0.00000000e+00 
 8.72155772e+01  2.13082751e-15  0.00000000e+00  4.15664895e-14  0.00000000e+00 
 8.92267449e+01  2.09329773e-15  0.00000000e+00  4.08076959e-14  0.00000000e+00 
 9.12842895e+01  2.05694051e-15  0.00000000e+00  4.00584248e-14  0.00000000e+00 
 9.33892805e+01  2.02173030e-15  0.00000000e+00  3.93185451e-14  0.00000000e+00 
 9.55428121e+01  1.98765692e-15  0.00000000e+00  3.85879486e-14  0.00000000e+00 
 9.77460036e+01  1.95469022e-15  0.00000000e+00  3.78665304e-14  0.00000000e+00 
 1.00000000e+02  1.92281736e-15  0.00000000e+00  3.71542212e-14  0.00000000e+00 
 1.02305973e+02  1.89201585e-15  0.00000000e+00  3.64509431e-14  0.00000000e+00 
 1.04665121e+02  1.86226781e-15  0.00000000e+00  3.57566520e-14  0.00000000e+00 
 1.07078670e+02  1.83355723e-15  0.00000000e+00  3.50713002e-14  0.00000000e+00 
 1.09547876e+02  1.80585951e-15  0.00000000e+00  3.43948590e-14  0.00000000e+00 
 1.12074020e+02  1.77915838e-15  0.00000000e+00  3.37273111e-14  0.00000000e+00 
 1.14658417e+02  1.75343517e-15  0.00000000e+00  3.30686373e-14  0.00000000e+00 
 1.17302409e+02  1.72866909e-15  0.00000000e+00  3.24188345e-14  0.00000000e+00 
 1.20007371e+02  1.70483934e-15  0.00000000e+00  3.17779020e-14  0.00000000e+00 
 1.22774708e+02  1.68193189e-15  0.00000000e+00  3.11458435e-14  0.00000000e+00 
 1.25605860e+02  1.65992351e-15  0.00000000e+00  3.05226698e-14  0.00000000e+00 
 1.28502297e+02  1.63879275e-15  0.00000000e+00  2.99083871e-14  0.00000000e+00 
 1.31465525e+02  1.61852119e-15  0.00000000e+00  2.93030097e-14  0.00000000e+00 
 1.34497085e+02  1.59909143e-15  0.00000000e+00  2.87065521e-14  0.00000000e+00 
 1.37598551e+02  1.58047970e-15  0.00000000e+00  2.81190248e-14  0.00000000e+00 
 1.40771537e+02  1.56266659e-15  0.00000000e+00  2.75404361e-14  0.00000000e+00 
 1.44017690e+02  1.54563095e-15  0.00000000e+00  2.69707994e-14  0.00000000e+00 
 1.47338699e+02  1.52935277e-15  0.00000000e+00  2.64101247e-14  0.00000000e+00 
 1.50736290e+02  1.51381170e-15  0.00000000e+00  2.58584116e-14  0.00000000e+00 
 1.54212228e+02  1.49898476e-15  0.00000000e+00  2.53156619e-14  0.00000000e+00 
 1.57768320e+02  1.48485137e-15  0.00000000e+00  2.47818726e-14  0.00000000e+00 
 1.61406415e+02  1.47138965e-15  0.00000000e+00  2.42570356e-14  0.00000000e+00 
 1.65128404e+02  1.45857983e-15  0.00000000e+00  2.37411397e-14  0.00000000e+00 
 1.68936220e+02  1.44639782e-15  0.00000000e+00  2.32341641e-14  0.00000000e+00 
 1.72831844e+02  1.43482480e-15  0.00000000e+00  2.27360887e-14  0.00000000e+00 
 1.76817299e+02  1.42383697e-15  0.00000000e+00  2.22468844e-14  0.00000000e+00 
 1.80894658e+02  1.41341545e-15  0.00000000e+00  2.17665138e-14  0.00000000e+00 
 1.85066040e+02  1.40353858e-15  0.00000000e+00  2.12949407e-14  0.00000000e+00 
 1.89333613e+02  1.39418332e-15  0.00000000e+00  2.08321166e-14  0.00000000e+00 
 1.93699595e+02  1.38533034e-15  0.00000000e+00  2.03779950e-14  0.00000000e+00 
 1.98166255e+02  1.37696037e-15  0.00000000e+00  1.99325140e-14  0.00000000e+00 
 2.02735916e+02  1.36905136e-15  0.00000000e+00  1.94956126e-14  0.00000000e+00 
 2.07410951e+02  1.36158398e-15  0.00000000e+00  1.90672232e-14  0.00000000e+00 
 2.12193792e+02  1.35453855e-15  0.00000000e+00  1.86472739e-14  0.00000000e+00 
 2.17086923e+02  1.34789522e-15  0.00000000e+00  1.82356857e-14  0.00000000e+00 
 2.22092889e+02  1.34163652e-15  0.00000000e+00  1.78323767e-14  0.00000000e+00 
 2.27214291e+02  1.33574412e-15  0.00000000e+00  1.74372600e-14  0.00000000e+00 
 2.32453791e+02  1.33020020e-15  0.00000000e+00  1.70502430e-14  0.00000000e+00 
 2.37814113e+02  1.32498644e-15  0.00000000e+00  1.66712291e-14  0.00000000e+00 
 2.43298042e+02  1.32008673e-15  0.00000000e+00  1.63001226e-14  0.00000000e+00 
 2.48908429e+02  1.31548498e-15  0.00000000e+00  1.59368191e-14  0.00000000e+00 
 2.54648190e+02  1.31116517e-15  0.00000000e+00  1.55812124e-14  0.00000000e+00 
 2.60520309e+02  1.30711236e-15  0.00000000e+00  1.52331950e-14  0.00000000e+00 
 2.66527837e+02  1.30331221e-15  0.00000000e+00  1.48926555e-14  0.00000000e+00 
 2.72673897e+02  1.29975049e-15  0.00000000e+00  1.45594816e-14  0.00000000e+00 
 2.78961683e+02  1.29641402e-15  0.00000000e+00  1.42335566e-14  0.00000000e+00 
 2.85394464e+02  1.29328941e-15  0.00000000e+00  1.39147649e-14  0.00000000e+00 
 2.91975583e+02  1.29036467e-15  0.00000000e+00  1.36029900e-14  0.00000000e+00 
 2.98708461e+02  1.28762833e-15  0.00000000e+00  1.32981094e-14  0.00000000e+00 
 3.05596598e+02  1.28506912e-15  0.00000000e+00  1.30000066e-14  0.00000000e+00 
 3.12643573e+02  1.28267571e-15  0.00000000e+00  1.27085580e-14  0.00000000e+00 
 3.19853049e+02  1.28043863e-15  0.00000000e+00  1.24236446e-14  0.00000000e+00 
 3.27228774e+02  1.27834825e-15  0.00000000e+00  1.21451453e-14  0.00000000e+00 
 3.34774581e+02  1.27639546e-15  0.00000000e+00  1.18729392e-14  0.00000000e+00 
 3.42494392e+02  1.27457113e-15  0.00000000e+00  1.16069056e-14  0.00000000e+00 
 3.50392221e+02  1.27286768e-15  0.00000000e+00  1.13469246e-14  0.00000000e+00 
 3.58472171e+02  1.27127718e-15  0.00000000e+00  1.10928764e-14  0.00000000e+00 
 3.66738442e+02  1.26979220e-15  0.00000000e+00  1.08446432e-14  0.00000000e+00 
 3.75195331e+02  1.26840640e-15  0.00000000e+00  1.06021069e-14  0.00000000e+00 
 3.83847234e+02  1.26711272e-15  0.00000000e+00  1.03651512e-14  0.00000000e+00 
 3.92698648e+02  1.26590558e-15  0.00000000e+00  1.01336613e-14  0.00000000e+00 
 4.01754173e+02  1.26477877e-15  0.00000000e+00  9.90752191e-15  0.00000000e+00 
 4.11018515e+02  1.26372756e-15  0.00000000e+00  9.68662239e-15  0.00000000e+00 
 4.20496491e+02  1.26274627e-15  0.00000000e+00  9.47085037e-15  0.00000000e+00 
 4.30193027e+02  1.26183046e-15  0.00000000e+00  9.26009642e-15  0.00000000e+00 
 4.40113162e+02  1.26097596e-15  0.00000000e+00  9.05425397e-15  0.00000000e+00 
 4.50262052e+02  1.26017837e-15  0.00000000e+00  8.85321676e-15  0.00000000e+00 
 4.60644974e+02  1.25943391e-15  0.00000000e+00  8.65687960e-15  0.00000000e+00 
 4.71267322e+02  1.25873890e-15  0.00000000e+00  8.46514021e-15  0.00000000e+00 
 4.82134619e+02  1.25809003e-15  0.00000000e+00  8.27789911e-15  0.00000000e+00 
 4.93252513e+02  1.25748420e-15  0.00000000e+00  8.09505726e-15  0.00000000e+00 
 5.04626783e+02  1.25691830e-15  0.00000000e+00  7.91651625e-15  0.00000000e+00 
 5.16263340e+02  1.25638976e-15  0.00000000e+00  7.74218262e-15  0.00000000e+00 
 5.28168234e+02  1.25589586e-15  0.00000000e+00  7.57196288e-15  0.00000000e+00 
 5.40347650e+02  1.25543438e-15  0.00000000e+00  7.40576572e-15  0.00000000e+00 
 5.52807921e+02  1.25500314e-15  0.00000000e+00  7.24350245e-15  0.00000000e+00 
 5.65555523e+02  1.25459982e-15  0.00000000e+00  7.08508447e-15  0.00000000e+00 
 5.78597080e+02  1.25422266e-15  0.00000000e+00  6.93042770e-15  0.00000000e+00 
 5.91939372e+02  1.25386989e-15  0.00000000e+00  6.77944717e-15  0.00000000e+00 
 6.05589334e+02  1.25353981e-15  0.00000000e+00  6.63206182e-15  0.00000000e+00 
 6.19554061e+02  1.25323082e-15  0.00000000e+00  6.48819072e-15  0.00000000e+00 
 6.33840810e+02  1.25294152e-15  0.00000000e+00  6.34775704e-15  0.00000000e+00 
 6.48457008e+02  1.25267059e-15  0.00000000e+00  6.21068323e-15  0.00000000e+00 
 6.63410251e+02  1.25241669e-15  0.00000000e+00  6.07689485e-15  0.00000000e+00 
 6.78708313e+02  1.25217882e-15  0.00000000e+00  5.94631888e-15  0.00000000e+00 
 6.94359143e+02  1.25195574e-15  0.00000000e+00  5.81888442e-15  0.00000000e+00 
 7.10370877e+02  1.25174652e-15  0.00000000e+00  5.69452188e-15  0.00000000e+00 
 7.26751838e+02  1.25155021e-15  0.00000000e+00  5.57316225e-15  0.00000000e+00 
 7.43510539e+02  1.25136602e-15  0.00000000e+00  5.45474002e-15  0.00000000e+00 
 7.60655691e+02  1.25119306e-15  0.00000000e+00  5.33919054e-15  0.00000000e+00 
 7.78196206e+02  1.25103059e-15  0.00000000e+00  5.22644965e-15  0.00000000e+00 
 7.96141200e+02  1.25087789e-15  0.00000000e+00  5.11645648e-15  0.00000000e+00 
 8.14500001e+02  1.25073444e-15  0.00000000e+00  5.00914991e-15  0.00000000e+00 
 8.33282151e+02  1.25059949e-15  0.00000000e+00  4.90447165e-15  0.00000000e+00 
 8.52497412e+02  1.25047257e-15  0.00000000e+00  4.80236349e-15  0.00000000e+00 
 8.72155772e+02  1.25035314e-15  0.00000000e+00  4.70276989e-15  0.00000000e+00 
 8.92267449e+02  1.25024068e-15  0.00000000e+00  4.60563601e-15  0.00000000e+00 
 9.12842895e+02  1.25013477e-15  0.00000000e+00  4.51090803e-15  0.00000000e+00 
 9.33892805e+02  1.25003500e-15  0.00000000e+00  4.41853368e-15  0.00000000e+00 
 9.55428121e+02  1.24994097e-15  0.00000000e+00  4.32846253e-15  0.00000000e+00 
 9.77460036e+02  1.24985232e-15  0.00000000e+00  4.24064391e-15  0.00000000e+00 
 1.00000000e+03  1.24976869e-15  0.00000000e+00  4.15503000e-15  0.00000000e+00 
 1.02305973e+03  1.24968979e-15  0.00000000e+00  4.07157275e-15  0.00000000e+00 
 1.04665121e+03  1.24961530e-15  0.00000000e+00  3.99022576e-15  0.00000000e+00 
 1.07078670e+03  1.24954499e-15  0.00000000e+00  3.91094396e-15  0.00000000e+00 
 1.09547876e+03  1.24947856e-15  0.00000000e+00  3.83368304e-15  0.00000000e+00 
 1.12074020e+03  1.24941578e-15  0.00000000e+00  3.75839971e-15  0.00000000e+00 
 1.14658417e+03  1.24935646e-15  0.00000000e+00  3.68505145e-15  0.00000000e+00 
 1.17302409e+03  1.24930037e-15  0.00000000e+00  3.61359714e-15  0.00000000e+00 
 1.20007371e+03  1.24924731e-15  0.00000000e+00  3.54399634e-15  0.00000000e+00 
 1.22774708e+03  1.24919711e-15  0.00000000e+00  3.47620951e-15  0.00000000e+00 
 1.25605860e+03  1.24914959e-15  0.00000000e+00  3.41019800e-15  0.00000000e+00 
 1.28502297e+03  1.24910461e-15  0.00000000e+00  3.34592416e-15  0.00000000e+00 
 1.31465525e+03  1.24906200e-15  0.00000000e+00  3.28335058e-15  0.00000000e+00 
 1.34497085e+03  1.24902163e-15  0.00000000e+00  3.22244143e-15  0.00000000e+00 
 1.37598551e+03  1.24898339e-15  0.00000000e+00  3.16316123e-15  0.00000000e+00 
 1.40771537e+03  1.24894713e-15  0.00000000e+00  3.10547522e-15  0.00000000e+00 
 1.44017690e+03  1.24891275e-15  0.00000000e+00  3.04934939e-15  0.00000000e+00 
 1.47338699e+03  1.24888015e-15  0.00000000e+00  2.99475056e-15  0.00000000e+00 
 1.50736290e+03  1.24884924e-15  0.00000000e+00  2.94164604e-15  0.00000000e+00 
 1.54212228e+03  1.24881989e-15  0.00000000e+00  2.89000363e-15  0.00000000e+00 
 1.57768320e+03  1.24879203e-15  0.00000000e+00  2.83979224e-15  0.00000000e+00 
 1.61406415e+03  1.24876558e-15  0.00000000e+00  2.79098117e-15  0.00000000e+00 
 1.65128404e+03  1.24874047e-15  0.00000000e+00  2.74353986e-15  0.00000000e+00 
 1.68936220e+03  1.24871662e-15  0.00000000e+00  2.69743892e-15  0.00000000e+00 
 1.72831844e+03  1.24869395e-15  0.00000000e+00  2.65264918e-15  0.00000000e+00 
 1.76817299e+03  1.24867242e-15  0.00000000e+00  2.60914186e-15  0.00000000e+00 
 1.80894658e+03  1.24865196e-15  0.00000000e+00  2.56688921e-15  0.00000000e+00 
 1.85066040e+03  1.24863250e-15  0.00000000e+00  2.52586356e-15  0.00000000e+00 
 1.89333613e+03  1.24861400e-15  0.00000000e+00  2.48603757e-15  0.00000000e+00 
 1.93699595e+03  1.24859641e-15  0.00000000e+00  2.44738473e-15  0.00000000e+00 
 1.98166255e+03  1.24857968e-15  0.00000000e+00  2.40987872e-15  0.00000000e+00 
 2.02735916e+03  1.24856376e-15  0.00000000e+00  2.37349363e-15  0.00000000e+00 
 2.07410951e+03  1.24854862e-15  0.00000000e+00  2.33820408e-15  0.00000000e+00 
 2.12193792e+03  1.24853420e-15  0.00000000e+00  2.30398507e-15  0.00000000e+00 
 2.17086923e+03  1.24852048e-15  0.00000000e+00  2.27081187e-15  0.00000000e+00 
 2.22092889e+03  1.24850742e-15  0.00000000e+00  2.23866013e-15  0.00000000e+00 
 2.27214291e+03  1.24849499e-15  0.00000000e+00  2.20750607e-15  0.00000000e+00 
 2.32453791e+03  1.24848315e-15  0.00000000e+00  2.17732613e-15  0.00000000e+00 
 2.37814113e+03  1.24847187e-15  0.00000000e+00  2.14809692e-15  0.00000000e+00 
 2.43298042e+03  1.24846113e-15  0.00000000e+00  2.11979566e-15  0.00000000e+00 
 2.48908429e+03  1.24845090e-15  0.00000000e+00  2.09239962e-15  0.00000000e+00 
 2.54648190e+03  1.24844115e-15  0.00000000e+00  2.06588668e-15  0.00000000e+00 
 2.60520309e+03  1.24843187e-15  0.00000000e+00  2.04023492e-15  0.00000000e+00 
 2.66527837e+03  1.24842301e-15  0.00000000e+00  2.01542267e-15  0.00000000e+00 
 2.72673897e+03  1.24841458e-15  0.00000000e+00  1.99142871e-15  0.00000000e+00 
 2.78961683e+03  1.24840654e-15  0.00000000e+00  1.96823191e-15  0.00000000e+00 
 2.85394464e+03  1.24839888e-15  0.00000000e+00  1.94581159e-15  0.00000000e+00 
 2.91975583e+03  1.24839157e-15  0.00000000e+00  1.92414746e-15  0.00000000e+00 
 2.98708461e+03  1.24838461e-15  0.00000000e+00  1.90321935e-15  0.00000000e+00 
 3.05596598e+03  1.24837797e-15  0.00000000e+00  1.88300744e-15  0.00000000e+00 
 3.12643573e+03  1.24837163e-15  0.00000000e+00  1.86349233e-15  0.00000000e+00 
 3.19853049e+03  1.24836559e-15  0.00000000e+00  1.84465483e-15  0.00000000e+00 
 3.27228774e+03  1.24835983e-15  0.00000000e+00  1.82647597e-15  0.00000000e+00 
 3.34774581e+03  1.24835434e-15  0.00000000e+00  1.80893729e-15  0.00000000e+00 
 3.42494392e+03  1.24834910e-15  0.00000000e+00  1.79202044e-15  0.00000000e+00 
 3.50392221e+03  1.24834410e-15  0.00000000e+00  1.77570752e-15  0.00000000e+00 
 3.58472171e+03  1.24833933e-15  0.00000000e+00  1.75998088e-15  0.00000000e+00 
 3.66738442e+03  1.24833478e-15  0.00000000e+00  1.74482316e-15  0.00000000e+00 
 3.75195331e+03  1.24833044e-15  0.00000000e+00  1.73021733e-15  0.00000000e+00 
 3.83847234e+03  1.24832629e-15  0.00000000e+00  1.71614672e-15  0.00000000e+00 
 3.92698648e+03  1.24832234e-15  0.00000000e+00  1.70259497e-15  0.00000000e+00 
 4.01754173e+03  1.24831857e-15  0.00000000e+00  1.68954594e-15  0.00000000e+00 
 4.11018515e+03  1.24831497e-15  0.00000000e+00  1.67698395e-15  0.00000000e+00 
 4.20496491e+03  1.24831153e-15  0.00000000e+00  1.66489353e-15  0.00000000e+00 
 4.30193027e+03  1.24830825e-15  0.00000000e+00  1.65325964e-15  0.00000000e+00 
 4.40113162e+03  1.24830512e-15  0.00000000e+00  1.64206748e-15  0.00000000e+00 
 4.50262052e+03  1.24830213e-15  0.00000000e+00  1.63130265e-15  0.00000000e+00 
 4.60644974e+03  1.24829928e-15  0.00000000e+00  1.62095097e-15  0.00000000e+00 
 4.71267322e+03  1.24829656e-15  0.00000000e+00  1.61099870e-15  0.00000000e+00 
 4.82134619e+03  1.24829396e-15  0.00000000e+00  1.60143242e-15  0.00000000e+00 
 4.93252513e+03  1.24829148e-15  0.00000000e+00  1.59223893e-15  0.00000000e+00 
 5.04626783e+03  1.24828911e-15  0.00000000e+00  1.58340550e-15  0.00000000e+00 
 5.16263340e+03  1.24828685e-15  0.00000000e+00  1.57491962e-15  0.00000000e+00 
 5.28168234e+03  1.24828469e-15  0.00000000e+00  1.56676910e-15  0.00000000e+00 
 5.40347650e+03  1.24828263e-15  0.00000000e+00  1.55894215e-15  0.00000000e+00 
 5.52807921e+03  1.24828066e-15  0.00000000e+00  1.55142725e-15  0.00000000e+00 
 5.65555523e+03  1.24827878e-15  0.00000000e+00  1.54421325e-15  0.00000000e+00 
 5.78597080e+03  1.24827699e-15  0.00000000e+00  1.53728921e-15  0.00000000e+00 
 5.91939372e+03  1.24827527e-15  0.00000000e+00  1.53064461e-15  0.00000000e+00 
 6.05589334e+03  1.24827364e-15  0.00000000e+00  1.52426916e-15  0.00000000e+00 
 6.19554061e+03  1.24827207e-15  0.00000000e+00  1.51815294e-15  0.00000000e+00 
 6.33840810e+03  1.24827058e-15  0.00000000e+00  1.51228625e-15  0.00000000e+00 
 6.48457008e+03  1.24826916e-15  0.00000000e+00  1.50665975e-15  0.00000000e+00 
 6.63410251e+03  1.24826779e-15  0.00000000e+00  1.50126440e-15  0.00000000e+00 
 6.78708313e+03  1.24826650e-15  0.00000000e+00  1.49609137e-15  0.00000000e+00 
 6.94359143e+03  1.24826525e-15  0.00000000e+00  1.49113220e-15  0.00000000e+00 
 7.10370877e+03  1.24826407e-15  0.00000000e+00  1.48637863e-15  0.00000000e+00 
 7.26751838e+03  1.24826294e-15  0.00000000e+00  1.48182274e-15  0.00000000e+00 
 7.43510539e+03  1.24826185e-15  0.00000000e+00  1.47745680e-15  0.00000000e+00 
 7.60655691e+03  1.24826082e-15  0.00000000e+00  1.47327340e-15  0.00000000e+00 
 7.78196206e+03  1.24825984e-15  0.00000000e+00  1.46926535e-15  0.00000000e+00 
 7.96141200e+03  1.24825889e-15  0.00000000e+00  1.46542573e-15  0.00000000e+00 
 8.14500001e+03  1.24825799e-15  0.00000000e+00  1.46174786e-15  0.00000000e+00 
 8.33282151e+03  1.24825713e-15  0.00000000e+00  1.45822527e-15  0.00000000e+00 
 8.52497412e+03  1.24825631e-15  0.00000000e+00  1.45485172e-15  0.00000000e+00 
 8.72155772e+03  1.24825553e-15  0.00000000e+00  1.45162124e-15  0.00000000e+00 
 8.92267449e+03  1.24825478e-15  0.00000000e+00  1.44852803e-15  0.00000000e+00 
 9.12842895e+03  1.24825406e-15  0.00000000e+00  1.44556651e-15  0.00000000e+00 
 9.33892805e+03  1.24825338e-15  0.00000000e+00  1.44273132e-15  0.00000000e+00 
 9.55428121e+03  1.24825273e-15  0.00000000e+00  1.44001730e-15  0.00000000e+00 
 9.77460036e+03  1.24825210e-15  0.00000000e+00  1.43741949e-15  0.00000000e+00 
 1.00000000e+04  1.24825151e-15  0.00000000e+00  1.43493306e-15  0.00000000e+00 
 1.02305973e+04  1.24825094e-15  0.00000000e+00  1.43255344e-15  0.00000000e+00 
 1.04665121e+04  1.24825039e-15  0.00000000e+00  1.43027619e-15  0.00000000e+00 
 1.07078670e+04  1.24824988e-15  0.00000000e+00  1.42809706e-15  0.00000000e+00 
 1.09547876e+04  1.24824938e-15  0.00000000e+00  1.42601195e-15  0.00000000e+00 
 1.12074020e+04  1.24824891e-15  0.00000000e+00  1.42401693e-15  0.00000000e+00 
 1.14658417e+04  1.24824845e-15  0.00000000e+00  1.42210823e-15  0.00000000e+00 
 1.17302409e+04  1.24824802e-15  0.00000000e+00  1.42028220e-15  0.00000000e+00 
 1.20007371e+04  1.24824761e-15  0.00000000e+00  1.41853537e-15  0.00000000e+00 
 1.22774708e+04  1.24824721e-15  0.00000000e+00  1.41686440e-15  0.00000000e+00 
 1.25605860e+04  1.24824684e-15  0.00000000e+00  1.41526606e-15  0.00000000e+00 
 1.28502297e+04  1.24824648e-15  0.00000000e+00  1.41373728e-15  0.00000000e+00 
 1.31465525e+04  1.24824613e-15  0.00000000e+00  1.41227510e-15  0.00000000e+00 
 1.34497085e+04  1.24824580e-15  0.00000000e+00  1.41087668e-15  0.00000000e+00 
 1.37598551e+04  1.24824549e-15  0.00000000e+00  1.40953929e-15  0.00000000e+00 
 1.40771537e+04  1.24824519e-15  0.00000000e+00  1.40826033e-15  0.00000000e+00 
 1.44017690e+04  1.24824490e-15  0.00000000e+00  1.40703729e-15  0.00000000e+00 
 1.47338699e+04  1.24824463e-15  0.00000000e+00  1.40586777e-15  0.00000000e+00 
 1.50736290e+04  1.24824437e-15  0.00000000e+00  1.40474947e-15  0.00000000e+00 
 1.54212228e+04  1.24824412e-15  0.00000000e+00  1.40368019e-15  0.00000000e+00 
 1.57768320e+04  1.24824388e-15  0.00000000e+00  1.40265780e-15  0.00000000e+00 
 1.61406415e+04  1.24824365e-15  0.00000000e+00  1.40168029e-15  0.00000000e+00 
 1.65128404e+04  1.24824343e-15  0.00000000e+00  1.40074571e-15  0.00000000e+00 
 1.68936220e+04  1.24824322e-15  0.00000000e+00  1.39985221e-15  0.00000000e+00 
 1.72831844e+04  1.24824302e-15  0.00000000e+00  1.39899800e-15  0.00000000e+00 
 1.76817299e+04  1.24824283e-15  0.00000000e+00  1.39818138e-15  0.00000000e+00 
 1.80894658e+04  1.24824265e-15  0.00000000e+00  1.39740071e-15  0.00000000e+00 
 1.85066040e+04  1.24824248e-15  0.00000000e+00  1.39665443e-15  0.00000000e+00 
 1.89333613e+04  1.24824231e-15  0.00000000e+00  1.39594104e-15  0.00000000e+00 
 1.93699595e+04  1.24824216e-15  0.00000000e+00  1.39525911e-15  0.00000000e+00 
 1.98166255e+04  1.24824200e-15  0.00000000e+00  1.39460726e-15  0.00000000e+00 
 2.02735916e+04  1.24824186e-15  0.00000000e+00  1.39398418e-15  0.00000000e+00 
 2.07410951e+04  1.24824172e-15  0.00000000e+00  1.39338861e-15  0.00000000e+00 
 2.12193792e+04  1.24824159e-15  0.00000000e+00  1.39281935e-15  0.00000000e+00 
 2.17086923e+04  1.24824146e-15  0.00000000e+00  1.39227525e-15  0.00000000e+00 
 2.22092889e+04  1.24824134e-15  0.00000000e+00  1.39175520e-15  0.00000000e+00 
 2.27214291e+04  1.24824123e-15  0.00000000e+00  1.39125815e-15  0.00000000e+00 
 2.32453791e+04  1.24824112e-15  0.00000000e+00  1.39078309e-15  0.00000000e+00 
 2.37814113e+04  1.24824101e-15  0.00000000e+00  1.39032905e-15  0.00000000e+00 
 2.43298042e+04  1.24824091e-15  0.00000000e+00  1.38989511e-15  0.00000000e+00 
 2.48908429e+04  1.24824082e-15  0.00000000e+00  1.38948039e-15  0.00000000e+00 
 2.54648190e+04  1.24824073e-15  0.00000000e+00  1.38908403e-15  0.00000000e+00 
 2.60520309e+04  1.24824064e-15  0.00000000e+00  1.38870524e-15  0.00000000e+00 
 2.66527837e+04  1.24824056e-15  0.00000000e+00  1.38834323e-15  0.00000000e+00 
 2.72673897e+04  1.24824048e-15  0.00000000e+00  1.38799727e-15  0.00000000e+00 
 2.78961683e+04  1.24824040e-15  0.00000000e+00  1.38766665e-15  0.00000000e+00 
 2.85394464e+04  1.24824033e-15  0.00000000e+00  1.38735069e-15  0.00000000e+00 
 2.91975583e+04  1.24824026e-15  0.00000000e+00  1.38704875e-15  0.00000000e+00 
 2.98708461e+04  1.24824019e-15  0.00000000e+00  1.38676020e-15  0.00000000e+00 
 3.05596598e+04  1.24824013e-15  0.00000000e+00  1.38648446e-15  0.00000000e+00 
 3.12643573e+04  1.24824007e-15  0.00000000e+00  1.38622096e-15  0.00000000e+00 
 3.19853049e+04  1.24824001e-15  0.00000000e+00  1.38596916e-15  0.00000000e+00 
 3.27228774e+04  1.24823995e-15  0.00000000e+00  1.38572854e-15  0.00000000e+00 
 3.34774581e+04  1.24823990e-15  0.00000000e+00  1.38549860e-15  0.00000000e+00 
 3.42494392e+04  1.24823985e-15  0.00000000e+00  1.38527888e-15  0.00000000e+00 
 3.50392221e+04  1.24823980e-15  0.00000000e+00  1.38506892e-15  0.00000000e+00 
 3.58472171e+04  1.24823975e-15  0.00000000e+00  1.38486828e-15  0.00000000e+00 
 3.66738442e+04  1.24823971e-15  0.00000000e+00  1.38467657e-15  0.00000000e+00 
 3.75195331e+04  1.24823967e-15  0.00000000e+00  1.38449337e-15  0.00000000e+00 
 3.83847234e+04  1.24823963e-15  0.00000000e+00  1.38431831e-15  0.00000000e+00 
 3.92698648e+04  1.24823959e-15  0.00000000e+00  1.38415104e-15  0.00000000e+00 
 4.01754173e+04  1.24823955e-15  0.00000000e+00  1.38399121e-15  0.00000000e+00 
 4.11018515e+04  1.24823952e-15  0.00000000e+00  1.38383848e-15  0.00000000e+00 
 4.20496491e+04  1.24823948e-15  0.00000000e+00  1.38369254e-15  0.00000000e+00 
 4.30193027e+04  1.24823945e-15  0.00000000e+00  1.38355309e-15  0.00000000e+00 
 4.40113162e+04  1.24823942e-15  0.00000000e+00  1.38341985e-15  0.00000000e+00 
 4.50262052e+04  1.24823939e-15  0.00000000e+00  1.38329253e-15  0.00000000e+00 
 4.60644974e+04  1.24823936e-15  0.00000000e+00  1.38317088e-15  0.00000000e+00 
 4.71267322e+04  1.24823934e-15  0.00000000e+00  1.38305464e-15  0.00000000e+00 
 4.82134619e+04  1.24823931e-15  0.00000000e+00  1.38294357e-15  0.00000000e+00 
 4.93252513e+04  1.24823929e-15  0.00000000e+00  1.38283744e-15  0.00000000e+00 
 5.04626783e+04  1.24823926e-15  0.00000000e+00  1.38273603e-15  0.00000000e+00 
 5.16263340e+04  1.24823924e-15  0.00000000e+00  1.38263914e-15  0.00000000e+00 
 5.28168234e+04  1.24823922e-15  0.00000000e+00  1.38254656e-15  0.00000000e+00 
 5.40347650e+04  1.24823920e-15  0.00000000e+00  1.38245811e-15  0.00000000e+00 
 5.52807921e+04  1.24823918e-15  0.00000000e+00  1.38237358e-15  0.00000000e+00 
 5.65555523e+04  1.24823916e-15  0.00000000e+00  1.38229283e-15  0.00000000e+00 
 5.78597080e+04  1.24823914e-15  0.00000000e+00  1.38221566e-15  0.00000000e+00 
 5.91939372e+04  1.24823913e-15  0.00000000e+00  1.38214193e-15  0.00000000e+00 
 6.05589334e+04  1.24823911e-15  0.00000000e+00  1.38207149e-15  0.00000000e+00 
 6.19554061e+04  1.24823910e-15  0.00000000e+00  1.38200418e-15  0.00000000e+00 
 6.33840810e+04  1.24823908e-15  0.00000000e+00  1.38193987e-15  0.00000000e+00 
 6.48457008e+04  1.24823907e-15  0.00000000e+00  1.38187842e-15  0.00000000e+00 
 6.63410251e+04  1.24823905e-15  0.00000000e+00  1.38181971e-15  0.00000000e+00 
 6.78708313e+04  1.24823904e-15  0.00000000e+00  1.38176361e-15  0.00000000e+00 
 6.94359143e+04  1.24823903e-15  0.00000000e+00  1.38171001e-15  0.00000000e+00 
 7.10370877e+04  1.24823902e-15  0.00000000e+00  1.38165880e-15  0.00000000e+00 
 7.26751838e+04  1.24823901e-15  0.00000000e+00  1.38160987e-15  0.00000000e+00 
 7.43510539e+04  1.24823899e-15  0.00000000e+00  1.38156311e-15  0.00000000e+00 
 7.60655691e+04  1.24823898e-15  0.00000000e+00  1.38151845e-15  0.00000000e+00 
 7.78196206e+04  1.24823897e-15  0.00000000e+00  1.38147577e-15  0.00000000e+00 
 7.96141200e+04  1.24823897e-15  0.00000000e+00  1.38143499e-15  0.00000000e+00 
 8.14500001e+04  1.24823896e-15  0.00000000e+00  1.38139602e-15  0.00000000e+00 
 8.33282151e+04  1.24823895e-15  0.00000000e+00  1.38135880e-15  0.00000000e+00 
 8.52497412e+04  1.24823894e-15  0.00000000e+00  1.38132323e-15  0.00000000e+00 
 8.72155772e+04  1.24823893e-15  0.00000000e+00  1.38128925e-15  0.00000000e+00 
 8.92267449e+04  1.24823892e-15  0.00000000e+00  1.38125677e-15  0.00000000e+00 
 9.12842895e+04  1.24823892e-15  0.00000000e+00  1.38122575e-15  0.00000000e+00 
 9.33892805e+04  1.24823891e-15  0.00000000e+00  1.38119611e-15  0.00000000e+00 
 9.55428121e+04  1.24823890e-15  0.00000000e+00  1.38116779e-15  0.00000000e+00 
 9.77460036e+04  1.24823890e-15  0.00000000e+00  1.38114073e-15  0.00000000e+00 
 1.00000000e+05  1.24823889e-15  0.00000000e+00  1.38111488e-15  0.00000000e+00 
 1.02305973e+05  1.24823889e-15  0.00000000e+00  1.38109018e-15  0.00000000e+00 
 1.04665121e+05  1.24823888e-15  0.00000000e+00  1.38106657e-15  0.00000000e+00 
 1.07078670e+05  1.24823888e-15  0.00000000e+00  1.38104403e-15  0.00000000e+00 
 1.09547876e+05  1.24823887e-15  0.00000000e+00  1.38102248e-15  0.00000000e+00 
 1.12074020e+05  1.24823887e-15  0.00000000e+00  1.38100190e-15  0.00000000e+00 
 1.14658417e+05  1.24823886e-15  0.00000000e+00  1.38098223e-15  0.00000000e+00 
 1.17302409e+05  1.24823886e-15  0.00000000e+00  1.38096344e-15  0.00000000e+00 
 1.20007371e+05  1.24823885e-15  0.00000000e+00  1.38094548e-15  0.00000000e+00 
 1.22774708e+05  1.24823885e-15  0.00000000e+00  1.38092833e-15  0.00000000e+00 
 1.25605860e+05  1.24823885e-15  0.00000000e+00  1.38091194e-15  0.00000000e+00 
 1.28502297e+05  1.24823884e-15  0.00000000e+00  1.38089628e-15  0.00000000e+00 
 1.31465525e+05  1.24823884e-15  0.00000000e+00  1.38088132e-15  0.00000000e+00 
 1.34497085e+05  1.24823884e-15  0.00000000e+00  1.38086703e-15  0.00000000e+00 
 1.37598551e+05  1.24823883e-15  0.00000000e+00  1.38085337e-15  0.00000000e+00 
 1.40771537e+05  1.24823883e-15  0.00000000e+00  1.38084032e-15  0.00000000e+00 
 1.44017690e+05  1.24823883e-15  0.00000000e+00  1.38082785e-15  0.00000000e+00 
 1.47338699e+05  1.24823882e-15  0.00000000e+00  1.38081594e-15  0.00000000e+00 
 1.50736290e+05  1.24823882e-15  0.00000000e+00  1.38080456e-15  0.00000000e+00 
 1.54212228e+05  1.24823882e-15  0.00000000e+00  1.38079369e-15  0.00000000e+00 
 1.57768320e+05  1.24823882e-15  0.00000000e+00  1.38078330e-15  0.00000000e+00 
 1.61406415e+05  1.24823881e-15  0.00000000e+00  1.38077337e-15  0.00000000e+00 
 1.65128404e+05  1.24823881e-15  0.00000000e+00  1.38076389e-15  0.00000000e+00 
 1.68936220e+05  1.24823881e-15  0.00000000e+00  1.38075483e-15  0.00000000e+00 
 1.72831844e+05  1.24823881e-15  0.00000000e+00  1.38074617e-15  0.00000000e+00 
 1.76817299e+05  1.24823881e-15  0.00000000e+00  1.38073790e-15  0.00000000e+00 
 1.80894658e+05  1.24823880e-15  0.00000000e+00  1.38072999e-15  0.00000000e+00 
 1.85066040e+05  1.24823880e-15  0.00000000e+00  1.38072244e-15  0.00000000e+00 
 1.89333613e+05  1.24823880e-15  0.00000000e+00  1.38071523e-15  0.00000000e+00 
 1.93699595e+05  1.24823880e-15  0.00000000e+00  1.38070834e-15  0.00000000e+00 
 1.98166255e+05  1.24823880e-15  0.00000000e+00  1.38070175e-15  0.00000000e+00 
 2.02735916e+05  1.24823880e-15  0.00000000e+00  1.38069546e-15  0.00000000e+00 
 2.07410951e+05  1.24823880e-15  0.00000000e+00  1.38068945e-15  0.00000000e+00 
 2.12193792e+05  1.24823879e-15  0.00000000e+00  1.38068371e-15  0.00000000e+00 
 2.17086923e+05  1.24823879e-15  0.00000000e+00  1.38067822e-15  0.00000000e+00 
 2.22092889e+05  1.24823879e-15  0.00000000e+00  1.38067297e-15  0.00000000e+00 
 2.27214291e+05  1.24823879e-15  0.00000000e+00  1.38066797e-15  0.00000000e+00 
 2.32453791e+05  1.24823879e-15  0.00000000e+00  1.38066318e-15  0.00000000e+00 
 2.37814113e+05  1.24823879e-15  0.00000000e+00  1.38065861e-15  0.00000000e+00 
 2.43298042e+05  1.24823879e-15  0.00000000e+00  1.38065424e-15  0.00000000e+00 
 2.48908429e+05  1.24823879e-15  0.00000000e+00  1.38065006e-15  0.00000000e+00 
 2.54648190e+05  1.24823879e-15  0.00000000e+00  1.38064608e-15  0.00000000e+00 
 2.60520309e+05  1.24823878e-15  0.00000000e+00  1.38064227e-15  0.00000000e+00 
 2.66527837e+05  1.24823878e-15  0.00000000e+00  1.38063863e-15  0.00000000e+00 
 2.72673897e+05  1.24823878e-15  0.00000000e+00  1.38063515e-15  0.00000000e+00 
 2.78961683e+05  1.24823878e-15  0.00000000e+00  1.38063182e-15  0.00000000e+00 
 2.85394464e+05  1.24823878e-15  0.00000000e+00  1.38062865e-15  0.00000000e+00 
 2.91975583e+05  1.24823878e-15  0.00000000e+00  1.38062562e-15  0.00000000e+00 
 2.98708461e+05  1.24823878e-15  0.00000000e+00  1.38062272e-15  0.00000000e+00 
 3.05596598e+05  1.24823878e-15  0.00000000e+00  1.38061995e-15  0.00000000e+00 
 3.12643573e+05  1.24823878e-15  0.00000000e+00  1.38061730e-15  0.00000000e+00 
 3.19853049e+05  1.24823878e-15  0.00000000e+00  1.38061478e-15  0.00000000e+00 
 3.27228774e+05  1.24823878e-15  0.00000000e+00  1.38061236e-15  0.00000000e+00 
 3.34774581e+05  1.24823878e-15  0.00000000e+00  1.38061005e-15  0.00000000e+00 
 3.42494392e+05  1.24823878e-15  0.00000000e+00  1.38060785e-15  0.00000000e+00 
 3.50392221e+05  1.24823878e-15  0.00000000e+00  1.38060574e-15  0.00000000e+00 
 3.58472171e+05  1.24823878e-15  0.00000000e+00  1.38060373e-15  0.00000000e+00 
 3.66738442e+05  1.24823878e-15  0.00000000e+00  1.38060181e-15  0.00000000e+00 
 3.75195331e+05  1.24823878e-15  0.00000000e+00  1.38059997e-15  0.00000000e+00 
 3.83847234e+05  1.24823878e-15  0.00000000e+00  1.38059822e-15  0.00000000e+00 
 3.92698648e+05  1.24823878e-15  0.00000000e+00  1.38059654e-15  0.00000000e+00 
 4.01754173e+05  1.24823878e-15  0.00000000e+00  1.38059494e-15  0.00000000e+00 
 4.11018515e+05  1.24823878e-15  0.00000000e+00  1.38059341e-15  0.00000000e+00 
 4.20496491e+05  1.24823878e-15  0.00000000e+00  1.38059195e-15  0.00000000e+00 
 4.30193027e+05  1.24823878e-15  0.00000000e+00  1.38059055e-15  0.00000000e+00 
 4.40113162e+05  1.24823878e-15  0.00000000e+00  1.38058922e-15  0.00000000e+00 
 4.50262052e+05  1.24823878e-15  0.00000000e+00  1.38058794e-15  0.00000000e+00 
 4.60644974e+05  1.24823878e-15  0.00000000e+00  1.38058673e-15  0.00000000e+00 
 4.71267322e+05  1.24823878e-15  0.00000000e+00  1.38058556e-15  0.00000000e+00 
 4.82134619e+05  1.24823878e-15  0.00000000e+00  1.38058445e-15  0.00000000e+00 
 4.93252513e+05  1.24823878e-15  0.00000000e+00  1.38058339e-15  0.00000000e+00 
 5.04626783e+05  1.24823878e-15  0.00000000e+00  1.38058237e-15  0.00000000e+00 
 5.16263340e+05  1.24823878e-15  0.00000000e+00  1.38058140e-15  0.00000000e+00 
 5.28168234e+05  1.24823878e-15  0.00000000e+00  1.38058048e-15  0.00000000e+00 
 5.40347650e+05  1.24823878e-15  0.00000000e+00  1.38057959e-15  0.00000000e+00 
 5.52807921e+05  1.24823878e-15  0.00000000e+00  1.38057875e-15  0.00000000e+00 
 5.65555523e+05  1.24823878e-15  0.00000000e+00  1.38057794e-15  0.00000000e+00 
 5.78597080e+05  1.24823878e-15  0.00000000e+00  1.38057717e-15  0.00000000e+00 
 5.91939372e+05  1.24823878e-15  0.00000000e+00  1.38057644e-15  0.00000000e+00 
 6.05589334e+05  1.24823878e-15  0.00000000e+00  1.38057573e-15  0.00000000e+00 
 6.19554061e+05  1.24823878e-15  0.00000000e+00  1.38057506e-15  0.00000000e+00 
 6.33840810e+05  1.24823878e-15  0.00000000e+00  1.38057442e-15  0.00000000e+00 
 6.48457008e+05  1.24823878e-15  0.00000000e+00  1.38057381e-15  0.00000000e+00 
 6.63410251e+05  1.24823878e-15  0.00000000e+00  1.38057322e-15  0.00000000e+00 
 6.78708313e+05  1.24823878e-15  0.00000000e+00  1.38057266e-15  0.00000000e+00 
 6.94359143e+05  1.24823878e-15  0.00000000e+00  1.38057213e-15  0.00000000e+00 
 7.10370877e+05  1.24823878e-15  0.00000000e+00  1.38057162e-15  0.00000000e+00 
 7.26751838e+05  1.24823878e-15  0.00000000e+00  1.38057113e-15  0.00000000e+00 
 7.43510539e+05  1.24823878e-15  0.00000000e+00  1.38057066e-15  0.00000000e+00 
 7.60655691e+05  1.24823878e-15  0.00000000e+00  1.38057022e-15  0.00000000e+00 
 7.78196206e+05  1.24823878e-15  0.00000000e+00  1.38056980e-15  0.00000000e+00 
 7.96141200e+05  1.24823878e-15  0.00000000e+00  1.38056939e-15  0.00000000e+00 
 8.14500001e+05  1.24823878e-15  0.00000000e+00  1.38056900e-15  0.00000000e+00 
 8.33282151e+05  1.24823878e-15  0.00000000e+00  1.38056863e-15  0.00000000e+00 
 8.52497412e+05  1.24823878e-15  0.00000000e+00  1.38056828e-15  0.00000000e+00 
 8.72155772e+05  1.24823878e-15  0.00000000e+00  1.38056795e-15  0.00000000e+00 
 8.92267449e+05  1.24823878e-15  0.00000000e+00  1.38056762e-15  0.00000000e+00 
 9.12842895e+05  1.24823878e-15  0.00000000e+00  1.38056732e-15  0.00000000e+00 
 9.33892805e+05  1.24823878e-15  0.00000000e+00  1.38056703e-15  0.00000000e+00 
 9.55428121e+05  1.24823879e-15  0.00000000e+00  1.38056675e-15  0.00000000e+00 
 9.77460036e+05  1.24823879e-15  0.00000000e+00  1.38056648e-15  0.00000000e+00 
 1.00000000e+06  1.24823879e-15  0.00000000e+00  1.38056623e-15  0.00000000e+00 
 1.02305973e+06  1.24823879e-15  0.00000000e+00  1.38056598e-15  0.00000000e+00 
 1.04665121e+06  1.24823879e-15  0.00000000e+00  1.38056575e-15  0.00000000e+00 
 1.07078670e+06  1.24823879e-15  0.00000000e+00  1.38056553e-15  0.00000000e+00 
 1.09547876e+06  1.24823879e-15  0.00000000e+00  1.38056532e-15  0.00000000e+00 
 1.12074020e+06  1.24823879e-15  0.00000000e+00  1.38056512e-15  0.00000000e+00 
 1.14658417e+06  1.24823879e-15  0.00000000e+00  1.38056493e-15  0.00000000e+00 
 1.17302409e+06  1.24823879e-15  0.00000000e+00  1.38056475e-15  0.00000000e+00 
 1.20007371e+06  1.24823880e-15  0.00000000e+00  1.38056458e-15  0.00000000e+00 
 1.22774708e+06  1.24823880e-15  0.00000000e+00  1.38056441e-15  0.00000000e+00 
 1.25605860e+06  1.24823880e-15  0.00000000e+00  1.38056426e-15  0.00000000e+00 
 1.28502297e+06  1.24823880e-15  0.00000000e+00  1.38056411e-15  0.00000000e+00 
 1.31465525e+06  1.24823880e-15  0.00000000e+00  1.38056397e-15  0.00000000e+00 
 1.34497085e+06  1.24823880e-15  0.00000000e+00  1.38056383e-15  0.00000000e+00 
 1.37598551e+06  1.24823880e-15  0.00000000e+00  1.38056371e-15  0.00000000e+00 
 1.40771537e+06  1.24823881e-15  0.00000000e+00  1.38056358e-15  0.00000000e+00 
 1.44017690e+06  1.24823881e-15  0.00000000e+00  1.38056347e-15  0.00000000e+00 
 1.47338699e+06  1.24823881e-15  0.00000000e+00  1.38056336e-15  0.00000000e+00 
 1.50736290e+06  1.24823881e-15  0.00000000e+00  1.38056326e-15  0.00000000e+00 
 1.54212228e+06  1.24823881e-15  0.00000000e+00  1.38056316e-15  0.00000000e+00 
 1.57768320e+06  1.24823882e-15  0.00000000e+00  1.38056307e-15  0.00000000e+00 
 1.61406415e+06  1.24823882e-15  0.00000000e+00  1.38056298e-15  0.00000000e+00 
 1.65128404e+06  1.24823882e-15  0.00000000e+00  1.38056290e-15  0.00000000e+00 
 1.68936220e+06  1.24823882e-15  0.00000000e+00  1.38056282e-15  0.00000000e+00 
 1.72831844e+06  1.24823883e-15  0.00000000e+00  1.38056274e-15  0.00000000e+00 
 1.76817299e+06  1.24823883e-15  0.00000000e+00  1.38056268e-15  0.00000000e+00 
 1.80894658e+06  1.24823883e-15  0.00000000e+00  1.38056261e-15  0.00000000e+00 
 1.85066040e+06  1.24823883e-15  0.00000000e+00  1.38056255e-15  0.00000000e+00 
 1.89333613e+06  1.24823884e-15  0.00000000e+00  1.38056250e-15  0.00000000e+00 
 1.93699595e+06  1.24823884e-15  0.00000000e+00  1.38056244e-15  0.00000000e+00 
 1.98166255e+06  1.24823884e-15  0.00000000e+00  1.38056239e-15  0.00000000e+00 
 2.02735916e+06  1.24823885e-15  0.00000000e+00  1.38056235e-15  0.00000000e+00 
 2.07410951e+06  1.24823885e-15  0.00000000e+00  1.38056231e-15  0.00000000e+00 
 2.12193792e+06  1.24823885e-15  0.00000000e+00  1.38056227e-15  0.00000000e+00 
 2.17086923e+06  1.24823886e-15  0.00000000e+00  1.38056224e-15  0.00000000e+00 
 2.22092889e+06  1.24823886e-15  0.00000000e+00  1.38056220e-15  0.00000000e+00 
 2.27214291e+06  1.24823887e-15  0.00000000e+00  1.38056218e-15  0.00000000e+00 
 2.32453791e+06  1.24823887e-15  0.00000000e+00  1.38056215e-15  0.00000000e+00 
 2.37814113e+06  1.24823887e-15  0.00000000e+00  1.38056213e-15  0.00000000e+00 
 2.43298042e+06  1.24823888e-15  0.00000000e+00  1.38056211e-15  0.00000000e+00 
 2.48908429e+06  1.24823888e-15  0.00000000e+00  1.38056209e-15  0.00000000e+00 
 2.54648190e+06  1.24823889e-15  0.00000000e+00  1.38056208e-15  0.00000000e+00 
 2.60520309e+06  1.24823889e-15  0.00000000e+00  1.38056207e-15  0.00000000e+00 
 2.66527837e+06  1.24823890e-15  0.00000000e+00  1.38056206e-15  0.00000000e+00 
 2.72673897e+06  1.24823891e-15  0.00000000e+00  1.38056206e-15  0.00000000e+00 
 2.78961683e+06  1.24823891e-15  0.00000000e+00  1.38056206e-15  0.00000000e+00 
 2.85394464e+06  1.24823892e-15  0.00000000e+00  1.38056206e-15  0.00000000e+00 
 2.91975583e+06  1.24823892e-15  0.00000000e+00  1.38056206e-15  0.00000000e+00 
 2.98708461e+06  1.24823893e-15  0.00000000e+00  1.38056206e-15  0.00000000e+00 
 3.05596598e+06  1.24823894e-15  0.00000000e+00  1.38056207e-15  0.00000000e+00 
 3.12643573e+06  1.24823894e-15  0.00000000e+00  1.38056208e-15  0.00000000e+00 
 3.19853049e+06  1.24823895e-15  0.00000000e+00  1.38056210e-15  0.00000000e+00 
 3.27228774e+06  1.24823896e-15  0.00000000e+00  1.38056211e-15  0.00000000e+00 
 3.34774581e+06  1.24823897e-15  0.00000000e+00  1.38056213e-15  0.00000000e+00 
 3.42494392e+06  1.24823898e-15  0.00000000e+00  1.38056215e-15  0.00000000e+00 
 3.50392221e+06  1.24823898e-15  0.00000000e+00  1.38056217e-15  0.00000000e+00 
 3.58472171e+06  1.24823899e-15  0.00000000e+00  1.38056220e-15  0.00000000e+00 
 3.66738442e+06  1.24823900e-15  0.00000000e+00  1.38056222e-15  0.00000000e+00 
 3.75195331e+06  1.24823901e-15  0.00000000e+00  1.38056225e-15  0.00000000e+00 
 3.83847234e+06  1.24823902e-15  0.00000000e+00  1.38056229e-15  0.00000000e+00 
 3.92698648e+06  1.24823903e-15  0.00000000e+00  1.38056232e-15  0.00000000e+00 
 4.01754173e+06  1.24823904e-15  0.00000000e+00  1.38056236e-15  0.00000000e+00 
 4.11018515e+06  1.24823905e-15  0.00000000e+00  1.38056240e-15  0.00000000e+00 
 4.20496491e+06  1.24823906e-15  0.00000000e+00  1.38056244e-15  0.00000000e+00 
 4.30193027e+06  1.24823907e-15  0.00000000e+00  1.38056248e-15  0.00000000e+00 
 4.40113162e+06  1.24823908e-15  0.00000000e+00  1.38056252e-15  0.00000000e+00 
 4.50262052e+06  1.24823909e-15  0.00000000e+00  1.38056257e-15  0.00000000e+00 
 4.60644974e+06  1.24823911e-15  0.00000000e+00  1.38056262e-15  0.00000000e+00 
 4.71267322e+06  1.24823912e-15  0.00000000e+00  1.38056267e-15  0.00000000e+00 
 4.82134619e+06  1.24823913e-15  0.00000000e+00  1.38056273e-15  0.00000000e+00 
 4.93252513e+06  1.24823914e-15  0.00000000e+00  1.38056278e-15  0.00000000e+00 
 5.04626783e+06  1.24823916e-15  0.00000000e+00  1.38056284e-15  0.00000000e+00 
 5.16263340e+06  1.24823917e-15  0.00000000e+00  1.38056290e-15  0.00000000e+00 
 5.28168234e+06  1.24823918e-15  0.00000000e+00  1.38056296e-15  0.00000000e+00 
 5.40347650e+06  1.24823920e-15  0.00000000e+00  1.38056302e-15  0.00000000e+00 
 5.52807921e+06  1.24823921e-15  0.00000000e+00  1.38056309e-15  0.00000000e+00 
 5.65555523e+06  1.24823923e-15  0.00000000e+00  1.38056315e-15  0.00000000e+00 
 5.78597080e+06  1.24823924e-15  0.00000000e+00  1.38056322e-15  0.00000000e+00 
 5.91939372e+06  1.24823926e-15  0.00000000e+00  1.38056329e-15  0.00000000e+00 
 6.05589334e+06  1.24823927e-15  0.00000000e+00  1.38056336e-15  0.00000000e+00 
 6.19554061e+06  1.24823929e-15  0.00000000e+00  1.38056344e-15  0.00000000e+00 
 6.33840810e+06  1.24823930e-15  0.00000000e+00  1.38056351e-15  0.00000000e+00 
 6.48457008e+06  1.24823932e-15  0.00000000e+00  1.38056358e-15  0.00000000e+00 
 6.63410251e+06  1.24823933e-15  0.00000000e+00  1.38056366e-15  0.00000000e+00 
 6.78708313e+06  1.24823935e-15  0.00000000e+00  1.38056374e-15  0.00000000e+00 
 6.94359143e+06  1.24823937e-15  0.00000000e+00  1.38056382e-15  0.00000000e+00 
 7.10370877e+06  1.24823938e-15  0.00000000e+00  1.38056389e-15  0.00000000e+00 
 7.26751838e+06  1.24823940e-15  0.00000000e+00  1.38056397e-15  0.00000000e+00 
 7.43510539e+06  1.24823941e-15  0.00000000e+00  1.38056406e-15  0.00000000e+00 
 7.60655691e+06  1.24823943e-15  0.00000000e+00  1.38056414e-15  0.00000000e+00 
 7.78196206e+06  1.24823945e-15  0.00000000e+00  1.38056422e-15  0.00000000e+00 
 7.96141200e+06  1.24823947e-15  0.00000000e+00  1.38056430e-15  0.00000000e+00 
 8.14500001e+06  1.24823948e-15  0.00000000e+00  1.38056438e-15  0.00000000e+00 
 8.33282151e+06  1.24823950e-15  0.00000000e+00  1.38056447e-15  0.00000000e+00 
 8.52497412e+06  1.24823952e-15  0.00000000e+00  1.38056455e-15  0.00000000e+00 
 8.72155772e+06  1.24823953e-15  0.00000000e+00  1.38056463e-15  0.00000000e+00 
 8.92267449e+06  1.24823955e-15  0.00000000e+00  1.38056471e-15  0.00000000e+00 
 9.12842895e+06  1.24823957e-15  0.00000000e+00  1.38056480e-15  0.00000000e+00 
 9.33892805e+06  1.24823958e-15  0.00000000e+00  1.38056488e-15  0.00000000e+00 
 9.55428121e+06  1.24823960e-15  0.00000000e+00  1.38056496e-15  0.00000000e+00 
 9.77460036e+06  1.24823962e-15  0.00000000e+00  1.38056504e-15  0.00000000e+00 
 1.00000000e+07  1.24823963e-15  0.00000000e+00  1.38056512e-15  0.00000000e+00 
 1.02305973e+07  1.24823965e-15  0.00000000e+00  1.38056520e-15  0.00000000e+00 
 1.04665121e+07  1.24823967e-15  0.00000000e+00  1.38056528e-15  0.00000000e+00 
 1.07078670e+07  1.24823968e-15  0.00000000e+00  1.38056536e-15  0.00000000e+00 
 1.09547876e+07  1.24823970e-15  0.00000000e+00  1.38056544e-15  0.00000000e+00 
 1.12074020e+07  1.24823971e-15  0.00000000e+00  1.38056551e-15  0.00000000e+00 
 1.14658417e+07  1.24823973e-15  0.00000000e+00  1.38056559e-15  0.00000000e+00 
 1.17302409e+07  1.24823975e-15  0.00000000e+00  1.38056566e-15  0.00000000e+00 
 1.20007371e+07  1.24823976e-15  0.00000000e+00  1.38056574e-15  0.00000000e+00 
 1.22774708e+07  1.24823978e-15  0.00000000e+00  1.38056581e-15  0.00000000e+00 
 1.25605860e+07  1.24823979e-15  0.00000000e+00  1.38056588e-15  0.00000000e+00 
 1.28502297e+07  1.24823981e-15  0.00000000e+00  1.38056595e-15  0.00000000e+00 
 1.31465525e+07  1.24823982e-15  0.00000000e+00  1.38056601e-15  0.00000000e+00 
 1.34497085e+07  1.24823983e-15  0.00000000e+00  1.38056608e-15  0.00000000e+00 
 1.37598551e+07  1.24823985e-15  0.00000000e+00  1.38056614e-15  0.00000000e+00 
 1.40771537e+07  1.24823986e-15  0.00000000e+00  1.38056621e-15  0.00000000e+00 
 1.44017690e+07  1.24823988e-15  0.00000000e+00  1.38056627e-15  0.00000000e+00 
 1.47338699e+07  1.24823989e-15  0.00000000e+00  1.38056633e-15  0.00000000e+00 
 1.50736290e+07  1.24823990e-15  0.00000000e+00  1.38056638e-15  0.00000000e+00 
 1.54212228e+07  1.24823991e-15  0.00000000e+00  1.38056644e-15  0.00000000e+00 
 1.57768320e+07  1.24823993e-15  0.00000000e+00  1.38056649e-15  0.00000000e+00 
 1.61406415e+07  1.24823994e-15  0.00000000e+00  1.38056654e-15  0.00000000e+00 
 1.65128404e+07  1.24823995e-15  0.00000000e+00  1.38056659e-15  0.00000000e+00 
 1.68936220e+07  1.24823996e-15  0.00000000e+00  1.38056664e-15  0.00000000e+00 
 1.72831844e+07  1.24823997e-15  0.00000000e+00  1.38056669e-15  0.00000000e+00 
 1.76817299e+07  1.24823999e-15  0.00000000e+00  1.38056673e-15  0.00000000e+00 
 1.80894658e+07  1.24824000e-15  0.00000000e+00  1.38056678e-15  0.00000000e+00 
 1.85066040e+07  1.24824001e-15  0.00000000e+00  1.38056682e-15  0.00000000e+00 
 1.89333613e+07  1.24824002e-15  0.00000000e+00  1.38056686e-15  0.00000000e+00 
 1.93699595e+07  1.24824003e-15  0.00000000e+00  1.38056689e-15  0.00000000e+00 
 1.98166255e+07  1.24824004e-15  0.00000000e+00  1.38056693e-15  0.00000000e+00 
 2.02735916e+07  1.24824005e-15  0.00000000e+00  1.38056696e-15  0.00000000e+00 
 2.07410951e+07  1.24824006e-15  0.00000000e+00  1.38056699e-15  0.00000000e+00 
 2.12193792e+07  1.24824007e-15  0.00000000e+00  1.38056702e-15  0.00000000e+00 
 2.17086923e+07  1.24824008e-15  0.00000000e+00  1.38056705e-15  0.00000000e+00 
 2.22092889e+07  1.24824008e-15  0.00000000e+00  1.38056708e-15  0.00000000e+00 
 2.27214291e+07  1.24824009e-15  0.00000000e+00  1.38056710e-15  0.00000000e+00 
 2.32453791e+07  1.24824010e-15  0.00000000e+00  1.38056712e-15  0.00000000e+00 
 2.37814113e+07  1.24824011e-15  0.00000000e+00  1.38056715e-15  0.00000000e+00 
 2.43298042e+07  1.24824012e-15  0.00000000e+00  1.38056716e-15  0.00000000e+00 
 2.48908429e+07  1.24824013e-15  0.00000000e+00  1.38056718e-15  0.00000000e+00 
 2.54648190e+07  1.24824013e-15  0.00000000e+00  1.38056720e-15  0.00000000e+00 
 2.60520309e+07  1.24824014e-15  0.00000000e+00  1.38056721e-15  0.00000000e+00 
 2.66527837e+07  1.24824015e-15  0.00000000e+00  1.38056722e-15  0.00000000e+00 
 2.72673897e+07  1.24824016e-15  0.00000000e+00  1.38056723e-15  0.00000000e+00 
 2.78961683e+07  1.24824016e-15  0.00000000e+00  1.38056724e-15  0.00000000e+00 
 2.85394464e+07  1.24824017e-15  0.00000000e+00  1.38056725e-15  0.00000000e+00 
 2.91975583e+07  1.24824018e-15  0.00000000e+00  1.38056725e-15  0.00000000e+00 
 2.98708461e+07  1.24824018e-15  0.00000000e+00  1.38056725e-15  0.00000000e+00 
 3.05596598e+07  1.24824019e-15  0.00000000e+00  1.38056726e-15  0.00000000e+00 
 3.12643573e+07  1.24824020e-15  0.00000000e+00  1.38056726e-15  0.00000000e+00 
 3.19853049e+07  1.24824021e-15  0.00000000e+00  1.38056725e-15  0.00000000e+00 
 3.27228774e+07  1.24824021e-15  0.00000000e+00  1.38056725e-15  0.00000000e+00 
 3.34774581e+07  1.24824022e-15  0.00000000e+00  1.38056725e-15  0.00000000e+00 
 3.42494392e+07  1.24824022e-15  0.00000000e+00  1.38056724e-15  0.00000000e+00 
 3.50392221e+07  1.24824023e-15  0.00000000e+00  1.38056723e-15  0.00000000e+00 
 3.58472171e+07  1.24824024e-15  0.00000000e+00  1.38056722e-15  0.00000000e+00 
 3.66738442e+07  1.24824024e-15  0.00000000e+00  1.38056721e-15  0.00000000e+00 
 3.75195331e+07  1.24824025e-15  0.00000000e+00  1.38056719e-15  0.00000000e+00 
 3.83847234e+07  1.24824026e-15  0.00000000e+00  1.38056718e-15  0.00000000e+00 
 3.92698648e+07  1.24824026e-15  0.00000000e+00  1.38056716e-15  0.00000000e+00 
 4.01754173e+07  1.24824027e-15  0.00000000e+00  1.38056714e-15  0.00000000e+00 
 4.11018515e+07  1.24824027e-15  0.00000000e+00  1.38056712e-15  0.00000000e+00 
 4.20496491e+07  1.24824028e-15  0.00000000e+00  1.38056710e-15  0.00000000e+00 
 4.30193027e+07  1.24824029e-15  0.00000000e+00  1.38056708e-15  0.00000000e+00 
 4.40113162e+07  1.24824029e-15  0.00000000e+00  1.38056706e-15  0.00000000e+00 
 4.50262052e+07  1.24824030e-15  0.00000000e+00  1.38056703e-15  0.00000000e+00 
 4.60644974e+07  1.24824030e-15  0.00000000e+00  1.38056700e-15  0.00000000e+00 
 4.71267322e+07  1.24824031e-15  0.00000000e+00  1.38056697e-15  0.00000000e+00 
 4.82134619e+07  1.24824031e-15  0.00000000e+00  1.38056694e-15  0.00000000e+00 
 4.93252513e+07  1.24824032e-15  0.00000000e+00  1.38056691e-15  0.00000000e+00 
 5.04626783e+07  1.24824033e-15  0.00000000e+00  1.38056688e-15  0.00000000e+00 
 5.16263340e+07  1.24824033e-15  0.00000000e+00  1.38056684e-15  0.00000000e+00 
 5.28168234e+07  1.24824034e-15  0.00000000e+00  1.38056681e-15  0.00000000e+00 
 5.40347650e+07  1.24824034e-15  0.00000000e+00  1.38056677e-15  0.00000000e+00 
 5.52807921e+07  1.24824035e-15  0.00000000e+00  1.38056673e-15  0.00000000e+00 
 5.65555523e+07  1.24824035e-15  0.00000000e+00  1.38056669e-15  0.00000000e+00 
 5.78597080e+07  1.24824036e-15  0.00000000e+00  1.38056665e-15  0.00000000e+00 
 5.91939372e+07  1.24824036e-15  0.00000000e+00  1.38056661e-15  0.00000000e+00 
 6.05589334e+07  1.24824037e-15  0.00000000e+00  1.38056656e-15  0.00000000e+00 
 6.19554061e+07  1.24824037e-15  0.00000000e+00  1.38056652e-15  0.00000000e+00 
 6.33840810e+07  1.24824038e-15  0.00000000e+00  1.38056647e-15  0.00000000e+00 
 6.48457008e+07  1.24824038e-15  0.00000000e+00  1.38056643e-15  0.00000000e+00 
 6.63410251e+07  1.24824038e-15  0.00000000e+00  1.38056638e-15  0.00000000e+00 
 6.78708313e+07  1.24824039e-15  0.00000000e+00  1.38056633e-15  0.00000000e+00 
 6.94359143e+07  1.24824039e-15  0.00000000e+00  1.38056628e-15  0.00000000e+00 
 7.10370877e+07  1.24824040e-15  0.00000000e+00  1.38056623e-15  0.00000000e+00 
 7.26751838e+07  1.24824040e-15  0.00000000e+00  1.38056618e-15  0.00000000e+00 
 7.43510539e+07  1.24824040e-15  0.00000000e+00  1.38056613e-15  0.00000000e+00 
 7.60655691e+07  1.24824040e-15  0.00000000e+00  1.38056608e-15  0.00000000e+00 
 7.78196206e+07  1.24824041e-15  0.00000000e+00  1.38056603e-15  0.00000000e+00 
 7.96141200e+07  1.24824041e-15  0.00000000e+00  1.38056598e-15  0.00000000e+00 
 8.14500001e+07  1.24824041e-15  0.00000000e+00  1.38056593e-15  0.00000000e+00 
 8.33282151e+07  1.24824041e-15  0.00000000e+00  1.38056588e-15  0.00000000e+00 
 8.52497412e+07  1.24824041e-15  0.00000000e+00  1.38056582e-15  0.00000000e+00 
 8.72155772e+07  1.24824041e-15  0.00000000e+00  1.38056577e-15  0.00000000e+00 
 8.92267449e+07  1.24824041e-15  0.00000000e+00  1.38056572e-15  0.00000000e+00 
 9.12842895e+07  1.24824041e-15  0.00000000e+00  1.38056567e-15  0.00000000e+00 
 9.33892805e+07  1.24824041e-15  0.00000000e+00  1.38056562e-15  0.00000000e+00 
 9.55428121e+07  1.24824041e-15  0.00000000e+00  1.38056557e-15  0.00000000e+00 
 9.77460036e+07  1.24824040e-15  0.00000000e+00  1.38056551e-15  0.00000000e+00 
 1.00000000e+08  1.24824040e-15  0.00000000e+00  1.38056546e-15  0.00000000e+00 
 1.02305973e+08  1.24824039e-15  0.00000000e+00  1.38056542e-15  0.00000000e+00 
 1.04665121e+08  1.24824039e-15  0.00000000e+00  1.38056537e-15  0.00000000e+00 
 1.07078670e+08  1.24824038e-15  0.00000000e+00  1.38056532e-15  0.00000000e+00 
 1.09547876e+08  1.24824038e-15  0.00000000e+00  1.38056527e-15  0.00000000e+00 
 1.12074020e+08  1.24824037e-15  0.00000000e+00  1.38056523e-15  0.00000000e+00 
 1.14658417e+08  1.24824036e-15  0.00000000e+00  1.38056518e-15  0.00000000e+00 
 1.17302409e+08  1.24824035e-15  0.00000000e+00  1.38056514e-15  0.00000000e+00 
 1.20007371e+08  1.24824034e-15  0.00000000e+00  1.38056510e-15  0.00000000e+00 
 1.22774708e+08  1.24824033e-15  0.00000000e+00  1.38056506e-15  0.00000000e+00 
 1.25605860e+08  1.24824031e-15  0.00000000e+00  1.38056502e-15  0.00000000e+00 
 1.28502297e+08  1.24824030e-15  0.00000000e+00  1.38056498e-15  0.00000000e+00 
 1.31465525e+08  1.24824028e-15  0.00000000e+00  1.38056495e-15  0.00000000e+00 
 1.34497085e+08  1.24824027e-15  0.00000000e+00  1.38056492e-15  0.00000000e+00 
 1.37598551e+08  1.24824025e-15  0.00000000e+00  1.38056488e-15  0.00000000e+00 
 1.40771537e+08  1.24824023e-15  0.00000000e+00  1.38056486e-15  0.00000000e+00 
 1.44017690e+08  1.24824021e-15  0.00000000e+00  1.38056483e-15  0.00000000e+00 
 1.47338699e+08  1.24824018e-15  0.00000000e+00  1.38056480e-15  0.00000000e+00 
 1.50736290e+08  1.24824016e-15  0.00000000e+00  1.38056478e-15  0.00000000e+00 
 1.54212228e+08  1.24824013e-15  0.00000000e+00  1.38056476e-15  0.00000000e+00 
 1.57768320e+08  1.24824010e-15  0.00000000e+00  1.38056474e-15  0.00000000e+00 
 1.61406415e+08  1.24824007e-15  0.00000000e+00  1.38056473e-15  0.00000000e+00 
 1.65128404e+08  1.24824004e-15  0.00000000e+00  1.38056471e-15  0.00000000e+00 
 1.68936220e+08  1.24824001e-15  0.00000000e+00  1.38056470e-15  0.00000000e+00 
 1.72831844e+08  1.24823997e-15  0.00000000e+00  1.38056469e-15  0.00000000e+00 
 1.76817299e+08  1.24823993e-15  0.00000000e+00  1.38056469e-15  0.00000000e+00 
 1.80894658e+08  1.24823989e-15  0.00000000e+00  1.38056469e-15  0.00000000e+00 
 1.85066040e+08  1.24823985e-15  0.00000000e+00  1.38056469e-15  0.00000000e+00 
 1.89333613e+08  1.24823980e-15  0.00000000e+00  1.38056469e-15  0.00000000e+00 
 1.93699595e+08  1.24823975e-15  0.00000000e+00  1.38056470e-15  0.00000000e+00 
 1.98166255e+08  1.24823970e-15  0.00000000e+00  1.38056471e-15  0.00000000e+00 
 2.02735916e+08  1.24823965e-15  0.00000000e+00  1.38056472e-15  0.00000000e+00 
 2.07410951e+08  1.24823959e-15  0.00000000e+00  1.38056474e-15  0.00000000e+00 
 2.12193792e+08  1.24823953e-15  0.00000000e+00  1.38056476e-15  0.00000000e+00 
 2.17086923e+08  1.24823947e-15  0.00000000e+00  1.38056478e-15  0.00000000e+00 
 2.22092889e+08  1.24823940e-15  0.00000000e+00  1.38056481e-15  0.00000000e+00 
 2.27214291e+08  1.24823933e-15  0.00000000e+00  1.38056484e-15  0.00000000e+00 
 2.32453791e+08  1.24823925e-15  0.00000000e+00  1.38056488e-15  0.00000000e+00 
 2.37814113e+08  1.24823918e-15  0.00000000e+00  1.38056492e-15  0.00000000e+00 
 2.43298042e+08  1.24823909e-15  0.00000000e+00  1.38056496e-15  0.00000000e+00 
 2.48908429e+08  1.24823901e-15  0.00000000e+00  1.38056501e-15  0.00000000e+00 
 2.54648190e+08  1.24823892e-15  0.00000000e+00  1.38056506e-15  0.00000000e+00 
 2.60520309e+08  1.24823882e-15  0.00000000e+00  1.38056512e-15  0.00000000e+00 
 2.66527837e+08  1.24823872e-15  0.00000000e+00  1.38056518e-15  0.00000000e+00 
 2.72673897e+08  1.24823862e-15  0.00000000e+00  1.38056525e-15  0.00000000e+00 
 2.78961683e+08  1.24823850e-15  0.00000000e+00  1.38056532e-15  0.00000000e+00 
 2.85394464e+08  1.24823839e-15  0.00000000e+00  1.38056540e-15  0.00000000e+00 
 2.91975583e+08  1.24823827e-15  0.00000000e+00  1.38056548e-15  0.00000000e+00 
 2.98708461e+08  1.24823814e-15  0.00000000e+00  1.38056557e-15  0.00000000e+00 
 3.05596598e+08  1.24823800e-15  0.00000000e+00  1.38056566e-15  0.00000000e+00 
 3.12643573e+08  1.24823786e-15  0.00000000e+00  1.38056576e-15  0.00000000e+00 
 3.19853049e+08  1.24823772e-15  0.00000000e+00  1.38056587e-15  0.00000000e+00 
 3.27228774e+08  1.24823756e-15  0.00000000e+00  1.38056598e-15  0.00000000e+00 
 3.34774581e+08  1.24823740e-15  0.00000000e+00  1.38056610e-15  0.00000000e+00 
 3.42494392e+08  1.24823723e-15  0.00000000e+00  1.38056623e-15  0.00000000e+00 
 3.50392221e+08  1.24823705e-15  0.00000000e+00  1.38056636e-15  0.00000000e+00 
 3.58472171e+08  1.24823686e-15  0.00000000e+00  1.38056651e-15  0.00000000e+00 
 3.66738442e+08  1.24823667e-15  0.00000000e+00  1.38056666e-15  0.00000000e+00 
 3.75195331e+08  1.24823646e-15  0.00000000e+00  1.38056681e-15  0.00000000e+00 
 3.83847234e+08  1.24823625e-15  0.00000000e+00  1.38056698e-15  0.00000000e+00 
 3.92698648e+08  1.24823603e-15  0.00000000e+00  1.38056715e-15  0.00000000e+00 
 4.01754173e+08  1.24823579e-15  0.00000000e+00  1.38056734e-15  0.00000000e+00 
 4.11018515e+08  1.24823554e-15  0.00000000e+00  1.38056753e-15  0.00000000e+00 
 4.20496491e+08  1.24823528e-15  0.00000000e+00  1.38056774e-15  0.00000000e+00 
 4.30193027e+08  1.24823501e-15  0.00000000e+00  1.38056795e-15  0.00000000e+00 
 4.40113162e+08  1.24823473e-15  0.00000000e+00  1.38056818e-15  0.00000000e+00 
 4.50262052e+08  1.24823443e-15  0.00000000e+00  1.38056842e-15  0.00000000e+00 
 4.60644974e+08  1.24823412e-15  0.00000000e+00  1.38056866e-15  0.00000000e+00 
 4.71267322e+08  1.24823380e-15  0.00000000e+00  1.38056893e-15  0.00000000e+00 
 4.82134619e+08  1.24823346e-15  0.00000000e+00  1.38056920e-15  0.00000000e+00 
 4.93252513e+08  1.24823310e-15  0.00000000e+00  1.38056949e-15  0.00000000e+00 
 5.04626783e+08  1.24823273e-15  0.00000000e+00  1.38056979e-15  0.00000000e+00 
 5.16263340e+08  1.24823234e-15  0.00000000e+00  1.38057011e-15  0.00000000e+00 
 5.28168234e+08  1.24823193e-15  0.00000000e+00  1.38057044e-15  0.00000000e+00 
 5.40347650e+08  1.24823150e-15  0.00000000e+00  1.38057079e-15  0.00000000e+00 
 5.52807921e+08  1.24823105e-15  0.00000000e+00  1.38057116e-15  0.00000000e+00 
 5.65555523e+08  1.24823058e-15  0.00000000e+00  1.38057154e-15  0.00000000e+00 
 5.78597080e+08  1.24823009e-15  0.00000000e+00  1.38057194e-15  0.00000000e+00 
 5.91939372e+08  1.24822958e-15  0.00000000e+00  1.38057236e-15  0.00000000e+00 
 6.05589334e+08  1.24822904e-15  0.00000000e+00  1.38057280e-15  0.00000000e+00 
 6.19554061e+08  1.24822847e-15  0.00000000e+00  1.38057327e-15  0.00000000e+00 
 6.33840810e+08  1.24822788e-15  0.00000000e+00  1.38057375e-15  0.00000000e+00 
 6.48457008e+08  1.24822727e-15  0.00000000e+00  1.38057426e-15  0.00000000e+00 
 6.63410251e+08  1.24822662e-15  0.00000000e+00  1.38057479e-15  0.00000000e+00 
 6.78708313e+08  1.24822594e-15  0.00000000e+00  1.38057535e-15  0.00000000e+00 
 6.94359143e+08  1.24822524e-15  0.00000000e+00  1.38057593e-15  0.00000000e+00 
 7.10370877e+08  1.24822450e-15  0.00000000e+00  1.38057654e-15  0.00000000e+00 
 7.26751838e+08  1.24822372e-15  0.00000000e+00  1.38057718e-15  0.00000000e+00 
 7.43510539e+08  1.24822291e-15  0.00000000e+00  1.38057785e-15  0.00000000e+00 
 7.60655691e+08  1.24822206e-15  0.00000000e+00  1.38057855e-15  0.00000000e+00 
 7.78196206e+08  1.24822117e-15  0.00000000e+00  1.38057928e-15  0.00000000e+00 
 7.96141200e+08  1.24822024e-15  0.00000000e+00  1.38058005e-15  0.00000000e+00 
 8.14500001e+08  1.24821926e-15  0.00000000e+00  1.38058086e-15  0.00000000e+00 
 8.33282151e+08  1.24821824e-15  0.00000000e+00  1.38058170e-15  0.00000000e+00 
 8.52497412e+08  1.24821718e-15  0.00000000e+00  1.38058258e-15  0.00000000e+00 
 8.72155772e+08  1.24821606e-15  0.00000000e+00  1.38058350e-15  0.00000000e+00 
 8.92267449e+08  1.24821489e-15  0.00000000e+00  1.38058447e-15  0.00000000e+00 
 9.12842895e+08  1.24821367e-15  0.00000000e+00  1.38058548e-15  0.00000000e+00 
 9.33892805e+08  1.24821239e-15  0.00000000e+00  1.38058654e-15  0.00000000e+00 
 9.55428121e+08  1.24821105e-15  0.00000000e+00  1.38058765e-15  0.00000000e+00 
 9.77460036e+08  1.24820965e-15  0.00000000e+00  1.38058881e-15  0.00000000e+00 
 1.00000000e+09  1.24820818e-15  0.00000000e+00  1.38059002e-15  0.00000000e+00 
