 frequency       v(Cinp)         v(Cinp)         v(Cinn)         v(Cinn)        
 1.00000000e+00  2.00184156e-13  0.00000000e+00  2.52560270e-12  0.00000000e+00 
 1.02305973e+00  1.95671835e-13  0.00000000e+00  2.46869613e-12  0.00000000e+00 
 1.04665121e+00  1.91261494e-13  0.00000000e+00  2.41307282e-12  0.00000000e+00 
 1.07078670e+00  1.86950306e-13  0.00000000e+00  2.35870380e-12  0.00000000e+00 
 1.09547876e+00  1.82736552e-13  0.00000000e+00  2.30556052e-12  0.00000000e+00 
 1.12074020e+00  1.78617532e-13  0.00000000e+00  2.25361585e-12  0.00000000e+00 
 1.14658417e+00  1.74591604e-13  0.00000000e+00  2.20284224e-12  0.00000000e+00 
 1.17302409e+00  1.70656186e-13  0.00000000e+00  2.15321401e-12  0.00000000e+00 
 1.20007371e+00  1.66809711e-13  0.00000000e+00  2.10470460e-12  0.00000000e+00 
 1.22774708e+00  1.63049713e-13  0.00000000e+00  2.05728923e-12  0.00000000e+00 
 1.25605860e+00  1.59374472e-13  0.00000000e+00  2.01094299e-12  0.00000000e+00 
 1.28502297e+00  1.55782294e-13  0.00000000e+00  1.96564221e-12  0.00000000e+00 
 1.31465525e+00  1.52270666e-13  0.00000000e+00  1.92136307e-12  0.00000000e+00 
 1.34497085e+00  1.48838613e-13  0.00000000e+00  1.87808272e-12  0.00000000e+00 
 1.37598551e+00  1.45483720e-13  0.00000000e+00  1.83577821e-12  0.00000000e+00 
 1.40771537e+00  1.42204454e-13  0.00000000e+00  1.79442794e-12  0.00000000e+00 
 1.44017690e+00  1.38999110e-13  0.00000000e+00  1.75401055e-12  0.00000000e+00 
 1.47338699e+00  1.35866209e-13  0.00000000e+00  1.71450479e-12  0.00000000e+00 
 1.50736290e+00  1.32803743e-13  0.00000000e+00  1.67588991e-12  0.00000000e+00 
 1.54212228e+00  1.29810312e-13  0.00000000e+00  1.63814651e-12  0.00000000e+00 
 1.57768320e+00  1.26884361e-13  0.00000000e+00  1.60125422e-12  0.00000000e+00 
 1.61406415e+00  1.24024368e-13  0.00000000e+00  1.56519433e-12  0.00000000e+00 
 1.65128404e+00  1.21228678e-13  0.00000000e+00  1.52994789e-12  0.00000000e+00 
 1.68936220e+00  1.18496178e-13  0.00000000e+00  1.49549686e-12  0.00000000e+00 
 1.72831844e+00  1.15825276e-13  0.00000000e+00  1.46182310e-12  0.00000000e+00 
 1.76817299e+00  1.13214583e-13  0.00000000e+00  1.42890891e-12  0.00000000e+00 
 1.80894658e+00  1.10662589e-13  0.00000000e+00  1.39673760e-12  0.00000000e+00 
 1.85066040e+00  1.08168128e-13  0.00000000e+00  1.36529224e-12  0.00000000e+00 
 1.89333613e+00  1.05730049e-13  0.00000000e+00  1.33455642e-12  0.00000000e+00 
 1.93699595e+00  1.03346788e-13  0.00000000e+00  1.30451440e-12  0.00000000e+00 
 1.98166255e+00  1.01017536e-13  0.00000000e+00  1.27515036e-12  0.00000000e+00 
 2.02735916e+00  9.87405158e-14  0.00000000e+00  1.24644899e-12  0.00000000e+00 
 2.07410951e+00  9.65148304e-14  0.00000000e+00  1.21839570e-12  0.00000000e+00 
 2.12193792e+00  9.43393222e-14  0.00000000e+00  1.19097546e-12  0.00000000e+00 
 2.17086923e+00  9.22128602e-14  0.00000000e+00  1.16417434e-12  0.00000000e+00 
 2.22092889e+00  9.01342145e-14  0.00000000e+00  1.13797834e-12  0.00000000e+00 
 2.27214291e+00  8.81025561e-14  0.00000000e+00  1.11237377e-12  0.00000000e+00 
 2.32453791e+00  8.61168202e-14  0.00000000e+00  1.08734726e-12  0.00000000e+00 
 2.37814113e+00  8.41756181e-14  0.00000000e+00  1.06288610e-12  0.00000000e+00 
 2.43298042e+00  8.22781834e-14  0.00000000e+00  1.03897736e-12  0.00000000e+00 
 2.48908429e+00  8.04236406e-14  0.00000000e+00  1.01560854e-12  0.00000000e+00 
 2.54648190e+00  7.86108009e-14  0.00000000e+00  9.92767554e-13  0.00000000e+00 
 2.60520309e+00  7.68388353e-14  0.00000000e+00  9.70442652e-13  0.00000000e+00 
 2.66527837e+00  7.51069259e-14  0.00000000e+00  9.48622253e-13  0.00000000e+00 
 2.72673897e+00  7.34138615e-14  0.00000000e+00  9.27294726e-13  0.00000000e+00 
 2.78961683e+00  7.17590725e-14  0.00000000e+00  9.06449311e-13  0.00000000e+00 
 2.85394464e+00  7.01414982e-14  0.00000000e+00  8.86074887e-13  0.00000000e+00 
 2.91975583e+00  6.85604933e-14  0.00000000e+00  8.66161070e-13  0.00000000e+00 
 2.98708461e+00  6.70150443e-14  0.00000000e+00  8.46697418e-13  0.00000000e+00 
 3.05596598e+00  6.55044443e-14  0.00000000e+00  8.27673907e-13  0.00000000e+00 
 3.12643573e+00  6.40279961e-14  0.00000000e+00  8.09080552e-13  0.00000000e+00 
 3.19853049e+00  6.25846668e-14  0.00000000e+00  7.90907682e-13  0.00000000e+00 
 3.27228774e+00  6.11739711e-14  0.00000000e+00  7.73145844e-13  0.00000000e+00 
 3.34774581e+00  5.97950043e-14  0.00000000e+00  7.55785872e-13  0.00000000e+00 
 3.42494392e+00  5.84471358e-14  0.00000000e+00  7.38818724e-13  0.00000000e+00 
 3.50392221e+00  5.71297434e-14  0.00000000e+00  7.22235554e-13  0.00000000e+00 
 3.58472171e+00  5.58419053e-14  0.00000000e+00  7.06027794e-13  0.00000000e+00 
 3.66738442e+00  5.45831884e-14  0.00000000e+00  6.90186983e-13  0.00000000e+00 
 3.75195331e+00  5.33527119e-14  0.00000000e+00  6.74704852e-13  0.00000000e+00 
 3.83847234e+00  5.21501337e-14  0.00000000e+00  6.59573314e-13  0.00000000e+00 
 3.92698648e+00  5.09745372e-14  0.00000000e+00  6.44784676e-13  0.00000000e+00 
 4.01754173e+00  4.98254580e-14  0.00000000e+00  6.30331126e-13  0.00000000e+00 
 4.11018515e+00  4.87023656e-14  0.00000000e+00  6.16205099e-13  0.00000000e+00 
 4.20496491e+00  4.76045397e-14  0.00000000e+00  6.02399397e-13  0.00000000e+00 
 4.30193027e+00  4.65314139e-14  0.00000000e+00  5.88906713e-13  0.00000000e+00 
 4.40113162e+00  4.54824969e-14  0.00000000e+00  5.75720097e-13  0.00000000e+00 
 4.50262052e+00  4.44572432e-14  0.00000000e+00  5.62832745e-13  0.00000000e+00 
 4.60644974e+00  4.34550593e-14  0.00000000e+00  5.50237760e-13  0.00000000e+00 
 4.71267322e+00  4.24754866e-14  0.00000000e+00  5.37928817e-13  0.00000000e+00 
 4.82134619e+00  4.15180152e-14  0.00000000e+00  5.25899371e-13  0.00000000e+00 
 4.93252513e+00  4.05820911e-14  0.00000000e+00  5.14143253e-13  0.00000000e+00 
 5.04626783e+00  3.96672311e-14  0.00000000e+00  5.02654256e-13  0.00000000e+00 
 5.16263340e+00  3.87730163e-14  0.00000000e+00  4.91426475e-13  0.00000000e+00 
 5.28168234e+00  3.78990337e-14  0.00000000e+00  4.80454076e-13  0.00000000e+00 
 5.40347650e+00  3.70446713e-14  0.00000000e+00  4.69731298e-13  0.00000000e+00 
 5.52807921e+00  3.62095417e-14  0.00000000e+00  4.59252609e-13  0.00000000e+00 
 5.65555523e+00  3.53933111e-14  0.00000000e+00  4.49012493e-13  0.00000000e+00 
 5.78597080e+00  3.45954558e-14  0.00000000e+00  4.39005700e-13  0.00000000e+00 
 5.91939372e+00  3.38155639e-14  0.00000000e+00  4.29226996e-13  0.00000000e+00 
 6.05589334e+00  3.30532324e-14  0.00000000e+00  4.19671302e-13  0.00000000e+00 
 6.19554061e+00  3.23081123e-14  0.00000000e+00  4.10333560e-13  0.00000000e+00 
 6.33840810e+00  3.15797719e-14  0.00000000e+00  4.01209041e-13  0.00000000e+00 
 6.48457008e+00  3.08678349e-14  0.00000000e+00  3.92292895e-13  0.00000000e+00 
 6.63410251e+00  3.01719752e-14  0.00000000e+00  3.83580548e-13  0.00000000e+00 
 6.78708313e+00  2.94917897e-14  0.00000000e+00  3.75067393e-13  0.00000000e+00 
 6.94359143e+00  2.88269268e-14  0.00000000e+00  3.66749085e-13  0.00000000e+00 
 7.10370877e+00  2.81770818e-14  0.00000000e+00  3.58621168e-13  0.00000000e+00 
 7.26751838e+00  2.75418403e-14  0.00000000e+00  3.50679517e-13  0.00000000e+00 
 7.43510539e+00  2.69209506e-14  0.00000000e+00  3.42919896e-13  0.00000000e+00 
 7.60655691e+00  2.63140168e-14  0.00000000e+00  3.35338383e-13  0.00000000e+00 
 7.78196206e+00  2.57207985e-14  0.00000000e+00  3.27930879e-13  0.00000000e+00 
 7.96141200e+00  2.51409518e-14  0.00000000e+00  3.20693621e-13  0.00000000e+00 
 8.14500001e+00  2.45741430e-14  0.00000000e+00  3.13622814e-13  0.00000000e+00 
 8.33282151e+00  2.40201143e-14  0.00000000e+00  3.06714708e-13  0.00000000e+00 
 8.52497412e+00  2.34786116e-14  0.00000000e+00  2.99965795e-13  0.00000000e+00 
 8.72155772e+00  2.29492892e-14  0.00000000e+00  2.93372472e-13  0.00000000e+00 
 8.92267449e+00  2.24319064e-14  0.00000000e+00  2.86931305e-13  0.00000000e+00 
 9.12842895e+00  2.19261954e-14  0.00000000e+00  2.80638958e-13  0.00000000e+00 
 9.33892805e+00  2.14318649e-14  0.00000000e+00  2.74492069e-13  0.00000000e+00 
 9.55428121e+00  2.09486900e-14  0.00000000e+00  2.68487493e-13  0.00000000e+00 
 9.77460036e+00  2.04764205e-14  0.00000000e+00  2.62622025e-13  0.00000000e+00 
 1.00000000e+01  2.00147844e-14  0.00000000e+00  2.56892639e-13  0.00000000e+00 
 1.02305973e+01  1.95635443e-14  0.00000000e+00  2.51296309e-13  0.00000000e+00 
 1.04665121e+01  1.91224685e-14  0.00000000e+00  2.45830067e-13  0.00000000e+00 
 1.07078670e+01  1.86913818e-14  0.00000000e+00  2.40491081e-13  0.00000000e+00 
 1.09547876e+01  1.82699834e-14  0.00000000e+00  2.35276518e-13  0.00000000e+00 
 1.12074020e+01  1.78581076e-14  0.00000000e+00  2.30183601e-13  0.00000000e+00 
 1.14658417e+01  1.74554929e-14  0.00000000e+00  2.25209700e-13  0.00000000e+00 
 1.17302409e+01  1.70619572e-14  0.00000000e+00  2.20352184e-13  0.00000000e+00 
 1.20007371e+01  1.66772982e-14  0.00000000e+00  2.15608423e-13  0.00000000e+00 
 1.22774708e+01  1.63013177e-14  0.00000000e+00  2.10975974e-13  0.00000000e+00 
 1.25605860e+01  1.59338223e-14  0.00000000e+00  2.06452322e-13  0.00000000e+00 
 1.28502297e+01  1.55746013e-14  0.00000000e+00  2.02035106e-13  0.00000000e+00 
 1.31465525e+01  1.52234711e-14  0.00000000e+00  1.97721922e-13  0.00000000e+00 
 1.34497085e+01  1.48802933e-14  0.00000000e+00  1.93510512e-13  0.00000000e+00 
 1.37598551e+01  1.45448294e-14  0.00000000e+00  1.89398613e-13  0.00000000e+00 
 1.40771537e+01  1.42169485e-14  0.00000000e+00  1.85384001e-13  0.00000000e+00 
 1.44017690e+01  1.38964432e-14  0.00000000e+00  1.81464549e-13  0.00000000e+00 
 1.47338699e+01  1.35831882e-14  0.00000000e+00  1.77638123e-13  0.00000000e+00 
 1.50736290e+01  1.32769853e-14  0.00000000e+00  1.73902664e-13  0.00000000e+00 
 1.54212228e+01  1.29776967e-14  0.00000000e+00  1.70256145e-13  0.00000000e+00 
 1.57768320e+01  1.26851518e-14  0.00000000e+00  1.66696552e-13  0.00000000e+00 
 1.61406415e+01  1.23992189e-14  0.00000000e+00  1.63221993e-13  0.00000000e+00 
 1.65128404e+01  1.21197346e-14  0.00000000e+00  1.59830533e-13  0.00000000e+00 
 1.68936220e+01  1.18465568e-14  0.00000000e+00  1.56520303e-13  0.00000000e+00 
 1.72831844e+01  1.15795464e-14  0.00000000e+00  1.53289460e-13  0.00000000e+00 
 1.76817299e+01  1.13185519e-14  0.00000000e+00  1.50136240e-13  0.00000000e+00 
 1.80894658e+01  1.10634565e-14  0.00000000e+00  1.47058869e-13  0.00000000e+00 
 1.85066040e+01  1.08141154e-14  0.00000000e+00  1.44055619e-13  0.00000000e+00 
 1.89333613e+01  1.05704024e-14  0.00000000e+00  1.41124770e-13  0.00000000e+00 
 1.93699595e+01  1.03321942e-14  0.00000000e+00  1.38264702e-13  0.00000000e+00 
 1.98166255e+01  1.00993561e-14  0.00000000e+00  1.35473772e-13  0.00000000e+00 
 2.02735916e+01  9.87178482e-15  0.00000000e+00  1.32750349e-13  0.00000000e+00 
 2.07410951e+01  9.64935161e-15  0.00000000e+00  1.30092868e-13  0.00000000e+00 
 2.12193792e+01  9.43193160e-15  0.00000000e+00  1.27499786e-13  0.00000000e+00 
 2.17086923e+01  9.21944151e-15  0.00000000e+00  1.24969568e-13  0.00000000e+00 
 2.22092889e+01  9.01173627e-15  0.00000000e+00  1.22500716e-13  0.00000000e+00 
 2.27214291e+01  8.80873702e-15  0.00000000e+00  1.20091777e-13  0.00000000e+00 
 2.32453791e+01  8.61032950e-15  0.00000000e+00  1.17741275e-13  0.00000000e+00 
 2.37814113e+01  8.41639126e-15  0.00000000e+00  1.15447788e-13  0.00000000e+00 
 2.43298042e+01  8.22684924e-15  0.00000000e+00  1.13209920e-13  0.00000000e+00 
 2.48908429e+01  8.04159732e-15  0.00000000e+00  1.11026282e-13  0.00000000e+00 
 2.54648190e+01  7.86053248e-15  0.00000000e+00  1.08895499e-13  0.00000000e+00 
 2.60520309e+01  7.68356523e-15  0.00000000e+00  1.06816231e-13  0.00000000e+00 
 2.66527837e+01  7.51059775e-15  0.00000000e+00  1.04787149e-13  0.00000000e+00 
 2.72673897e+01  7.34156519e-15  0.00000000e+00  1.02806948e-13  0.00000000e+00 
 2.78961683e+01  7.17634382e-15  0.00000000e+00  1.00874338e-13  0.00000000e+00 
 2.85394464e+01  7.01487289e-15  0.00000000e+00  9.89880532e-14  0.00000000e+00 
 2.91975583e+01  6.85707290e-15  0.00000000e+00  9.71468440e-14  0.00000000e+00 
 2.98708461e+01  6.70283858e-15  0.00000000e+00  9.53494495e-14  0.00000000e+00 
 3.05596598e+01  6.55211362e-15  0.00000000e+00  9.35946733e-14  0.00000000e+00 
 3.12643573e+01  6.40480671e-15  0.00000000e+00  9.18812929e-14  0.00000000e+00 
 3.19853049e+01  6.26084683e-15  0.00000000e+00  9.02081410e-14  0.00000000e+00 
 3.27228774e+01  6.12016448e-15  0.00000000e+00  8.85740288e-14  0.00000000e+00 
 3.34774581e+01  5.98268352e-15  0.00000000e+00  8.69777995e-14  0.00000000e+00 
 3.42494392e+01  5.84833004e-15  0.00000000e+00  8.54183280e-14  0.00000000e+00 
 3.50392221e+01  5.71704007e-15  0.00000000e+00  8.38944822e-14  0.00000000e+00 
 3.58472171e+01  5.58875100e-15  0.00000000e+00  8.24051649e-14  0.00000000e+00 
 3.66738442e+01  5.46338676e-15  0.00000000e+00  8.09492761e-14  0.00000000e+00 
 3.75195331e+01  5.34089570e-15  0.00000000e+00  7.95257529e-14  0.00000000e+00 
 3.83847234e+01  5.22120555e-15  0.00000000e+00  7.81335342e-14  0.00000000e+00 
 3.92698648e+01  5.10425352e-15  0.00000000e+00  7.67715839e-14  0.00000000e+00 
 4.01754173e+01  4.98999218e-15  0.00000000e+00  7.54388921e-14  0.00000000e+00 
 4.11018515e+01  4.87835484e-15  0.00000000e+00  7.41344497e-14  0.00000000e+00 
 4.20496491e+01  4.76929009e-15  0.00000000e+00  7.28572839e-14  0.00000000e+00 
 4.30193027e+01  4.66274766e-15  0.00000000e+00  7.16064328e-14  0.00000000e+00 
 4.40113162e+01  4.55865988e-15  0.00000000e+00  7.03809600e-14  0.00000000e+00 
 4.50262052e+01  4.45698594e-15  0.00000000e+00  6.91799438e-14  0.00000000e+00 
 4.60644974e+01  4.35767959e-15  0.00000000e+00  6.80024907e-14  0.00000000e+00 
 4.71267322e+01  4.26067843e-15  0.00000000e+00  6.68477359e-14  0.00000000e+00 
 4.82134619e+01  4.16594502e-15  0.00000000e+00  6.57148272e-14  0.00000000e+00 
 4.93252513e+01  4.07342595e-15  0.00000000e+00  6.46029274e-14  0.00000000e+00 
 5.04626783e+01  3.98308577e-15  0.00000000e+00  6.35112525e-14  0.00000000e+00 
 5.16263340e+01  3.89486863e-15  0.00000000e+00  6.24390286e-14  0.00000000e+00 
 5.28168234e+01  3.80874132e-15  0.00000000e+00  6.13854990e-14  0.00000000e+00 
 5.40347650e+01  3.72465616e-15  0.00000000e+00  6.03499548e-14  0.00000000e+00 
 5.52807921e+01  3.64257690e-15  0.00000000e+00  5.93316947e-14  0.00000000e+00 
 5.65555523e+01  3.56246339e-15  0.00000000e+00  5.83300503e-14  0.00000000e+00 
 5.78597080e+01  3.48427673e-15  0.00000000e+00  5.73443950e-14  0.00000000e+00 
 5.91939372e+01  3.40798368e-15  0.00000000e+00  5.63741191e-14  0.00000000e+00 
 6.05589334e+01  3.33354303e-15  0.00000000e+00  5.54186352e-14  0.00000000e+00 
 6.19554061e+01  3.26092365e-15  0.00000000e+00  5.44774047e-14  0.00000000e+00 
 6.33840810e+01  3.19009513e-15  0.00000000e+00  5.35498997e-14  0.00000000e+00 
 6.48457008e+01  3.12101959e-15  0.00000000e+00  5.26356377e-14  0.00000000e+00 
 6.63410251e+01  3.05367250e-15  0.00000000e+00  5.17341543e-14  0.00000000e+00 
 6.78708313e+01  2.98801416e-15  0.00000000e+00  5.08450108e-14  0.00000000e+00 
 6.94359143e+01  2.92402541e-15  0.00000000e+00  4.99678159e-14  0.00000000e+00 
 7.10370877e+01  2.86166862e-15  0.00000000e+00  4.91021884e-14  0.00000000e+00 
 7.26751838e+01  2.80092212e-15  0.00000000e+00  4.82477901e-14  0.00000000e+00 
 7.43510539e+01  2.74175746e-15  0.00000000e+00  4.74042973e-14  0.00000000e+00 
 7.60655691e+01  2.68415386e-15  0.00000000e+00  4.65714223e-14  0.00000000e+00 
 7.78196206e+01  2.62807746e-15  0.00000000e+00  4.57489052e-14  0.00000000e+00 
 7.96141200e+01  2.57351202e-15  0.00000000e+00  4.49365024e-14  0.00000000e+00 
 8.14500001e+01  2.52042852e-15  0.00000000e+00  4.41339996e-14  0.00000000e+00 
 8.33282151e+01  2.46881123e-15  0.00000000e+00  4.33412106e-14  0.00000000e+00 
 8.52497412e+01  2.41863229e-15  0.00000000e+00  4.25579681e-14  0.00000000e+00 
 8.72155772e+01  2.36987353e-15  0.00000000e+00  4.17841247e-14  0.00000000e+00 
 8.92267449e+01  2.32251117e-15  0.00000000e+00  4.10195575e-14  0.00000000e+00 
 9.12842895e+01  2.27652752e-15  0.00000000e+00  4.02641593e-14  0.00000000e+00 
 9.33892805e+01  2.23190220e-15  0.00000000e+00  3.95178385e-14  0.00000000e+00 
 9.55428121e+01  2.18862023e-15  0.00000000e+00  3.87805309e-14  0.00000000e+00 
 9.77460036e+01  2.14665628e-15  0.00000000e+00  3.80521754e-14  0.00000000e+00 
 1.00000000e+02  2.10599303e-15  0.00000000e+00  3.73327342e-14  0.00000000e+00 
 1.02305973e+02  2.06661544e-15  0.00000000e+00  3.66221746e-14  0.00000000e+00 
 1.04665121e+02  2.02850110e-15  0.00000000e+00  3.59204754e-14  0.00000000e+00 
 1.07078670e+02  1.99163690e-15  0.00000000e+00  3.52276352e-14  0.00000000e+00 
 1.09547876e+02  1.95600032e-15  0.00000000e+00  3.45436560e-14  0.00000000e+00 
 1.12074020e+02  1.92157751e-15  0.00000000e+00  3.38685358e-14  0.00000000e+00 
 1.14658417e+02  1.88834573e-15  0.00000000e+00  3.32022980e-14  0.00000000e+00 
 1.17302409e+02  1.85629028e-15  0.00000000e+00  3.25449591e-14  0.00000000e+00 
 1.20007371e+02  1.82539186e-15  0.00000000e+00  3.18965441e-14  0.00000000e+00 
 1.22774708e+02  1.79563086e-15  0.00000000e+00  3.12570783e-14  0.00000000e+00 
 1.25605860e+02  1.76698726e-15  0.00000000e+00  3.06265878e-14  0.00000000e+00 
 1.28502297e+02  1.73944589e-15  0.00000000e+00  3.00051021e-14  0.00000000e+00 
 1.31465525e+02  1.71298380e-15  0.00000000e+00  2.93926510e-14  0.00000000e+00 
 1.34497085e+02  1.68758275e-15  0.00000000e+00  2.87892625e-14  0.00000000e+00 
 1.37598551e+02  1.66321899e-15  0.00000000e+00  2.81949589e-14  0.00000000e+00 
 1.40771537e+02  1.63987610e-15  0.00000000e+00  2.76097673e-14  0.00000000e+00 
 1.44017690e+02  1.61752775e-15  0.00000000e+00  2.70337031e-14  0.00000000e+00 
 1.47338699e+02  1.59615465e-15  0.00000000e+00  2.64667830e-14  0.00000000e+00 
 1.50736290e+02  1.57573387e-15  0.00000000e+00  2.59090204e-14  0.00000000e+00 
 1.54212228e+02  1.55624196e-15  0.00000000e+00  2.53604231e-14  0.00000000e+00 
 1.57768320e+02  1.53765622e-15  0.00000000e+00  2.48209869e-14  0.00000000e+00 
 1.61406415e+02  1.51995217e-15  0.00000000e+00  2.42907114e-14  0.00000000e+00 
 1.65128404e+02  1.50310372e-15  0.00000000e+00  2.37695869e-14  0.00000000e+00 
 1.68936220e+02  1.48708688e-15  0.00000000e+00  2.32575955e-14  0.00000000e+00 
 1.72831844e+02  1.47187828e-15  0.00000000e+00  2.27547174e-14  0.00000000e+00 
 1.76817299e+02  1.45744879e-15  0.00000000e+00  2.22609187e-14  0.00000000e+00 
 1.80894658e+02  1.44377658e-15  0.00000000e+00  2.17761696e-14  0.00000000e+00 
 1.85066040e+02  1.43083332e-15  0.00000000e+00  2.13004255e-14  0.00000000e+00 
 1.89333613e+02  1.41859466e-15  0.00000000e+00  2.08336402e-14  0.00000000e+00 
 1.93699595e+02  1.40703243e-15  0.00000000e+00  2.03757561e-14  0.00000000e+00 
 1.98166255e+02  1.39612055e-15  0.00000000e+00  1.99267201e-14  0.00000000e+00 
 2.02735916e+02  1.38583470e-15  0.00000000e+00  1.94864589e-14  0.00000000e+00 
 2.07410951e+02  1.37614818e-15  0.00000000e+00  1.90549045e-14  0.00000000e+00 
 2.12193792e+02  1.36703546e-15  0.00000000e+00  1.86319761e-14  0.00000000e+00 
 2.17086923e+02  1.35847064e-15  0.00000000e+00  1.82175959e-14  0.00000000e+00 
 2.22092889e+02  1.35042899e-15  0.00000000e+00  1.78116741e-14  0.00000000e+00 
 2.27214291e+02  1.34288692e-15  0.00000000e+00  1.74141165e-14  0.00000000e+00 
 2.32453791e+02  1.33581930e-15  0.00000000e+00  1.70248267e-14  0.00000000e+00 
 2.37814113e+02  1.32920299e-15  0.00000000e+00  1.66437069e-14  0.00000000e+00 
 2.43298042e+02  1.32301482e-15  0.00000000e+00  1.62706488e-14  0.00000000e+00 
 2.48908429e+02  1.31723288e-15  0.00000000e+00  1.59055457e-14  0.00000000e+00 
 2.54648190e+02  1.31183432e-15  0.00000000e+00  1.55482862e-14  0.00000000e+00 
 2.60520309e+02  1.30679922e-15  0.00000000e+00  1.51987565e-14  0.00000000e+00 
 2.66527837e+02  1.30210680e-15  0.00000000e+00  1.48568391e-14  0.00000000e+00 
 2.72673897e+02  1.29773759e-15  0.00000000e+00  1.45224149e-14  0.00000000e+00 
 2.78961683e+02  1.29367289e-15  0.00000000e+00  1.41953639e-14  0.00000000e+00 
 2.85394464e+02  1.28989393e-15  0.00000000e+00  1.38755631e-14  0.00000000e+00 
 2.91975583e+02  1.28638447e-15  0.00000000e+00  1.35628901e-14  0.00000000e+00 
 2.98708461e+02  1.28312695e-15  0.00000000e+00  1.32572201e-14  0.00000000e+00 
 3.05596598e+02  1.28010624e-15  0.00000000e+00  1.29584267e-14  0.00000000e+00 
 3.12643573e+02  1.27730647e-15  0.00000000e+00  1.26663846e-14  0.00000000e+00 
 3.19853049e+02  1.27471403e-15  0.00000000e+00  1.23809688e-14  0.00000000e+00 
 3.27228774e+02  1.27231528e-15  0.00000000e+00  1.21020524e-14  0.00000000e+00 
 3.34774581e+02  1.27009705e-15  0.00000000e+00  1.18295110e-14  0.00000000e+00 
 3.42494392e+02  1.26804692e-15  0.00000000e+00  1.15632178e-14  0.00000000e+00 
 3.50392221e+02  1.26615401e-15  0.00000000e+00  1.13030495e-14  0.00000000e+00 
 3.58472171e+02  1.26440700e-15  0.00000000e+00  1.10488815e-14  0.00000000e+00 
 3.66738442e+02  1.26279600e-15  0.00000000e+00  1.08005917e-14  0.00000000e+00 
 3.75195331e+02  1.26131075e-15  0.00000000e+00  1.05580582e-14  0.00000000e+00 
 3.83847234e+02  1.25994308e-15  0.00000000e+00  1.03211607e-14  0.00000000e+00 
 3.92698648e+02  1.25868389e-15  0.00000000e+00  1.00897799e-14  0.00000000e+00 
 4.01754173e+02  1.25752540e-15  0.00000000e+00  9.86379875e-15  0.00000000e+00 
 4.11018515e+02  1.25646029e-15  0.00000000e+00  9.64310043e-15  0.00000000e+00 
 4.20496491e+02  1.25548173e-15  0.00000000e+00  9.42757257e-15  0.00000000e+00 
 4.30193027e+02  1.25458278e-15  0.00000000e+00  9.21710120e-15  0.00000000e+00 
 4.40113162e+02  1.25375771e-15  0.00000000e+00  9.01157608e-15  0.00000000e+00 
 4.50262052e+02  1.25300083e-15  0.00000000e+00  8.81088814e-15  0.00000000e+00 
 4.60644974e+02  1.25230685e-15  0.00000000e+00  8.61493071e-15  0.00000000e+00 
 4.71267322e+02  1.25167085e-15  0.00000000e+00  8.42359832e-15  0.00000000e+00 
 4.82134619e+02  1.25108841e-15  0.00000000e+00  8.23678905e-15  0.00000000e+00 
 4.93252513e+02  1.25055542e-15  0.00000000e+00  8.05439991e-15  0.00000000e+00 
 5.04626783e+02  1.25006753e-15  0.00000000e+00  7.87633365e-15  0.00000000e+00 
 5.16263340e+02  1.24962164e-15  0.00000000e+00  7.70249257e-15  0.00000000e+00 
 5.28168234e+02  1.24921420e-15  0.00000000e+00  7.53278230e-15  0.00000000e+00 
 5.40347650e+02  1.24884198e-15  0.00000000e+00  7.36710865e-15  0.00000000e+00 
 5.52807921e+02  1.24850221e-15  0.00000000e+00  7.20538124e-15  0.00000000e+00 
 5.65555523e+02  1.24819219e-15  0.00000000e+00  7.04751133e-15  0.00000000e+00 
 5.78597080e+02  1.24790958e-15  0.00000000e+00  6.89341137e-15  0.00000000e+00 
 5.91939372e+02  1.24765207e-15  0.00000000e+00  6.74299686e-15  0.00000000e+00 
 6.05589334e+02  1.24741755e-15  0.00000000e+00  6.59618396e-15  0.00000000e+00 
 6.19554061e+02  1.24720407e-15  0.00000000e+00  6.45289140e-15  0.00000000e+00 
 6.33840810e+02  1.24700994e-15  0.00000000e+00  6.31304070e-15  0.00000000e+00 
 6.48457008e+02  1.24683341e-15  0.00000000e+00  6.17655401e-15  0.00000000e+00 
 6.63410251e+02  1.24667304e-15  0.00000000e+00  6.04335502e-15  0.00000000e+00 
 6.78708313e+02  1.24652758e-15  0.00000000e+00  5.91337050e-15  0.00000000e+00 
 6.94359143e+02  1.24639551e-15  0.00000000e+00  5.78652783e-15  0.00000000e+00 
 7.10370877e+02  1.24627585e-15  0.00000000e+00  5.66275694e-15  0.00000000e+00 
 7.26751838e+02  1.24616750e-15  0.00000000e+00  5.54198876e-15  0.00000000e+00 
 7.43510539e+02  1.24606941e-15  0.00000000e+00  5.42415626e-15  0.00000000e+00 
 7.60655691e+02  1.24598075e-15  0.00000000e+00  5.30919444e-15  0.00000000e+00 
 7.78196206e+02  1.24590062e-15  0.00000000e+00  5.19703915e-15  0.00000000e+00 
 7.96141200e+02  1.24582830e-15  0.00000000e+00  5.08762818e-15  0.00000000e+00 
 8.14500001e+02  1.24576312e-15  0.00000000e+00  4.98090051e-15  0.00000000e+00 
 8.33282151e+02  1.24570442e-15  0.00000000e+00  4.87679661e-15  0.00000000e+00 
 8.52497412e+02  1.24565160e-15  0.00000000e+00  4.77525906e-15  0.00000000e+00 
 8.72155772e+02  1.24560418e-15  0.00000000e+00  4.67623118e-15  0.00000000e+00 
 8.92267449e+02  1.24556158e-15  0.00000000e+00  4.57965738e-15  0.00000000e+00 
 9.12842895e+02  1.24552340e-15  0.00000000e+00  4.48548459e-15  0.00000000e+00 
 9.33892805e+02  1.24548931e-15  0.00000000e+00  4.39365988e-15  0.00000000e+00 
 9.55428121e+02  1.24545879e-15  0.00000000e+00  4.30413211e-15  0.00000000e+00 
 9.77460036e+02  1.24543167e-15  0.00000000e+00  4.21685140e-15  0.00000000e+00 
 1.00000000e+03  1.24540746e-15  0.00000000e+00  4.13176851e-15  0.00000000e+00 
 1.02305973e+03  1.24538602e-15  0.00000000e+00  4.04883614e-15  0.00000000e+00 
 1.04665121e+03  1.24536701e-15  0.00000000e+00  3.96800759e-15  0.00000000e+00 
 1.07078670e+03  1.24535025e-15  0.00000000e+00  3.88923728e-15  0.00000000e+00 
 1.09547876e+03  1.24533546e-15  0.00000000e+00  3.81248090e-15  0.00000000e+00 
 1.12074020e+03  1.24532249e-15  0.00000000e+00  3.73769540e-15  0.00000000e+00 
 1.14658417e+03  1.24531116e-15  0.00000000e+00  3.66483803e-15  0.00000000e+00 
 1.17302409e+03  1.24530130e-15  0.00000000e+00  3.59386746e-15  0.00000000e+00 
 1.20007371e+03  1.24529274e-15  0.00000000e+00  3.52474329e-15  0.00000000e+00 
 1.22774708e+03  1.24528539e-15  0.00000000e+00  3.45742602e-15  0.00000000e+00 
 1.25605860e+03  1.24527911e-15  0.00000000e+00  3.39187681e-15  0.00000000e+00 
 1.28502297e+03  1.24527380e-15  0.00000000e+00  3.32805787e-15  0.00000000e+00 
 1.31465525e+03  1.24526931e-15  0.00000000e+00  3.26593244e-15  0.00000000e+00 
 1.34497085e+03  1.24526560e-15  0.00000000e+00  3.20546413e-15  0.00000000e+00 
 1.37598551e+03  1.24526260e-15  0.00000000e+00  3.14661752e-15  0.00000000e+00 
 1.40771537e+03  1.24526018e-15  0.00000000e+00  3.08935793e-15  0.00000000e+00 
 1.44017690e+03  1.24525830e-15  0.00000000e+00  3.03365139e-15  0.00000000e+00 
 1.47338699e+03  1.24525690e-15  0.00000000e+00  2.97946462e-15  0.00000000e+00 
 1.50736290e+03  1.24525595e-15  0.00000000e+00  2.92676500e-15  0.00000000e+00 
 1.54212228e+03  1.24525534e-15  0.00000000e+00  2.87552055e-15  0.00000000e+00 
 1.57768320e+03  1.24525509e-15  0.00000000e+00  2.82569992e-15  0.00000000e+00 
 1.61406415e+03  1.24525512e-15  0.00000000e+00  2.77727249e-15  0.00000000e+00 
 1.65128404e+03  1.24525539e-15  0.00000000e+00  2.73020794e-15  0.00000000e+00 
 1.68936220e+03  1.24525589e-15  0.00000000e+00  2.68447676e-15  0.00000000e+00 
 1.72831844e+03  1.24525658e-15  0.00000000e+00  2.64005001e-15  0.00000000e+00 
 1.76817299e+03  1.24525742e-15  0.00000000e+00  2.59689883e-15  0.00000000e+00 
 1.80894658e+03  1.24525840e-15  0.00000000e+00  2.55499540e-15  0.00000000e+00 
 1.85066040e+03  1.24525952e-15  0.00000000e+00  2.51431200e-15  0.00000000e+00 
 1.89333613e+03  1.24526072e-15  0.00000000e+00  2.47482174e-15  0.00000000e+00 
 1.93699595e+03  1.24526199e-15  0.00000000e+00  2.43649791e-15  0.00000000e+00 
 1.98166255e+03  1.24526335e-15  0.00000000e+00  2.39931439e-15  0.00000000e+00 
 2.02735916e+03  1.24526475e-15  0.00000000e+00  2.36324498e-15  0.00000000e+00 
 2.07410951e+03  1.24526620e-15  0.00000000e+00  2.32826471e-15  0.00000000e+00 
 2.12193792e+03  1.24526767e-15  0.00000000e+00  2.29434842e-15  0.00000000e+00 
 2.17086923e+03  1.24526916e-15  0.00000000e+00  2.26147166e-15  0.00000000e+00 
 2.22092889e+03  1.24527066e-15  0.00000000e+00  2.22960993e-15  0.00000000e+00 
 2.27214291e+03  1.24527218e-15  0.00000000e+00  2.19873951e-15  0.00000000e+00 
 2.32453791e+03  1.24527368e-15  0.00000000e+00  2.16883692e-15  0.00000000e+00 
 2.37814113e+03  1.24527518e-15  0.00000000e+00  2.13987882e-15  0.00000000e+00 
 2.43298042e+03  1.24527667e-15  0.00000000e+00  2.11184250e-15  0.00000000e+00 
 2.48908429e+03  1.24527814e-15  0.00000000e+00  2.08470539e-15  0.00000000e+00 
 2.54648190e+03  1.24527959e-15  0.00000000e+00  2.05844534e-15  0.00000000e+00 
 2.60520309e+03  1.24528102e-15  0.00000000e+00  2.03304033e-15  0.00000000e+00 
 2.66527837e+03  1.24528242e-15  0.00000000e+00  2.00846907e-15  0.00000000e+00 
 2.72673897e+03  1.24528380e-15  0.00000000e+00  1.98471010e-15  0.00000000e+00 
 2.78961683e+03  1.24528514e-15  0.00000000e+00  1.96174252e-15  0.00000000e+00 
 2.85394464e+03  1.24528645e-15  0.00000000e+00  1.93954570e-15  0.00000000e+00 
 2.91975583e+03  1.24528774e-15  0.00000000e+00  1.91809929e-15  0.00000000e+00 
 2.98708461e+03  1.24528899e-15  0.00000000e+00  1.89738334e-15  0.00000000e+00 
 3.05596598e+03  1.24529020e-15  0.00000000e+00  1.87737808e-15  0.00000000e+00 
 3.12643573e+03  1.24529138e-15  0.00000000e+00  1.85806412e-15  0.00000000e+00 
 3.19853049e+03  1.24529253e-15  0.00000000e+00  1.83942240e-15  0.00000000e+00 
 3.27228774e+03  1.24529364e-15  0.00000000e+00  1.82143393e-15  0.00000000e+00 
 3.34774581e+03  1.24529472e-15  0.00000000e+00  1.80408037e-15  0.00000000e+00 
 3.42494392e+03  1.24529577e-15  0.00000000e+00  1.78734350e-15  0.00000000e+00 
 3.50392221e+03  1.24529678e-15  0.00000000e+00  1.77120545e-15  0.00000000e+00 
 3.58472171e+03  1.24529775e-15  0.00000000e+00  1.75564860e-15  0.00000000e+00 
 3.66738442e+03  1.24529870e-15  0.00000000e+00  1.74065573e-15  0.00000000e+00 
 3.75195331e+03  1.24529961e-15  0.00000000e+00  1.72620993e-15  0.00000000e+00 
 3.83847234e+03  1.24530049e-15  0.00000000e+00  1.71229452e-15  0.00000000e+00 
 3.92698648e+03  1.24530134e-15  0.00000000e+00  1.69889325e-15  0.00000000e+00 
 4.01754173e+03  1.24530216e-15  0.00000000e+00  1.68599013e-15  0.00000000e+00 
 4.11018515e+03  1.24530295e-15  0.00000000e+00  1.67356949e-15  0.00000000e+00 
 4.20496491e+03  1.24530371e-15  0.00000000e+00  1.66161604e-15  0.00000000e+00 
 4.30193027e+03  1.24530444e-15  0.00000000e+00  1.65011471e-15  0.00000000e+00 
 4.40113162e+03  1.24530514e-15  0.00000000e+00  1.63905086e-15  0.00000000e+00 
 4.50262052e+03  1.24530582e-15  0.00000000e+00  1.62841018e-15  0.00000000e+00 
 4.60644974e+03  1.24530647e-15  0.00000000e+00  1.61817859e-15  0.00000000e+00 
 4.71267322e+03  1.24530710e-15  0.00000000e+00  1.60834244e-15  0.00000000e+00 
 4.82134619e+03  1.24530770e-15  0.00000000e+00  1.59888833e-15  0.00000000e+00 
 4.93252513e+03  1.24530828e-15  0.00000000e+00  1.58980326e-15  0.00000000e+00 
 5.04626783e+03  1.24530883e-15  0.00000000e+00  1.58107450e-15  0.00000000e+00 
 5.16263340e+03  1.24530937e-15  0.00000000e+00  1.57268966e-15  0.00000000e+00 
 5.28168234e+03  1.24530988e-15  0.00000000e+00  1.56463670e-15  0.00000000e+00 
 5.40347650e+03  1.24531037e-15  0.00000000e+00  1.55690387e-15  0.00000000e+00 
 5.52807921e+03  1.24531084e-15  0.00000000e+00  1.54947978e-15  0.00000000e+00 
 5.65555523e+03  1.24531130e-15  0.00000000e+00  1.54235329e-15  0.00000000e+00 
 5.78597080e+03  1.24531173e-15  0.00000000e+00  1.53551362e-15  0.00000000e+00 
 5.91939372e+03  1.24531215e-15  0.00000000e+00  1.52895032e-15  0.00000000e+00 
 6.05589334e+03  1.24531255e-15  0.00000000e+00  1.52265318e-15  0.00000000e+00 
 6.19554061e+03  1.24531293e-15  0.00000000e+00  1.51661238e-15  0.00000000e+00 
 6.33840810e+03  1.24531330e-15  0.00000000e+00  1.51081831e-15  0.00000000e+00 
 6.48457008e+03  1.24531365e-15  0.00000000e+00  1.50526174e-15  0.00000000e+00 
 6.63410251e+03  1.24531399e-15  0.00000000e+00  1.49993362e-15  0.00000000e+00 
 6.78708313e+03  1.24531431e-15  0.00000000e+00  1.49482531e-15  0.00000000e+00 
 6.94359143e+03  1.24531462e-15  0.00000000e+00  1.48992838e-15  0.00000000e+00 
 7.10370877e+03  1.24531491e-15  0.00000000e+00  1.48523466e-15  0.00000000e+00 
 7.26751838e+03  1.24531520e-15  0.00000000e+00  1.48073626e-15  0.00000000e+00 
 7.43510539e+03  1.24531547e-15  0.00000000e+00  1.47642562e-15  0.00000000e+00 
 7.60655691e+03  1.24531573e-15  0.00000000e+00  1.47229535e-15  0.00000000e+00 
 7.78196206e+03  1.24531598e-15  0.00000000e+00  1.46833834e-15  0.00000000e+00 
 7.96141200e+03  1.24531622e-15  0.00000000e+00  1.46454775e-15  0.00000000e+00 
 8.14500001e+03  1.24531645e-15  0.00000000e+00  1.46091694e-15  0.00000000e+00 
 8.33282151e+03  1.24531666e-15  0.00000000e+00  1.45743954e-15  0.00000000e+00 
 8.52497412e+03  1.24531687e-15  0.00000000e+00  1.45410938e-15  0.00000000e+00 
 8.72155772e+03  1.24531707e-15  0.00000000e+00  1.45092053e-15  0.00000000e+00 
 8.92267449e+03  1.24531726e-15  0.00000000e+00  1.44786727e-15  0.00000000e+00 
 9.12842895e+03  1.24531745e-15  0.00000000e+00  1.44494408e-15  0.00000000e+00 
 9.33892805e+03  1.24531762e-15  0.00000000e+00  1.44214566e-15  0.00000000e+00 
 9.55428121e+03  1.24531779e-15  0.00000000e+00  1.43946691e-15  0.00000000e+00 
 9.77460036e+03  1.24531795e-15  0.00000000e+00  1.43690290e-15  0.00000000e+00 
 1.00000000e+04  1.24531810e-15  0.00000000e+00  1.43444890e-15  0.00000000e+00 
 1.02305973e+04  1.24531825e-15  0.00000000e+00  1.43210036e-15  0.00000000e+00 
 1.04665121e+04  1.24531839e-15  0.00000000e+00  1.42985291e-15  0.00000000e+00 
 1.07078670e+04  1.24531853e-15  0.00000000e+00  1.42770233e-15  0.00000000e+00 
 1.09547876e+04  1.24531865e-15  0.00000000e+00  1.42564458e-15  0.00000000e+00 
 1.12074020e+04  1.24531878e-15  0.00000000e+00  1.42367578e-15  0.00000000e+00 
 1.14658417e+04  1.24531889e-15  0.00000000e+00  1.42179220e-15  0.00000000e+00 
 1.17302409e+04  1.24531901e-15  0.00000000e+00  1.41999023e-15  0.00000000e+00 
 1.20007371e+04  1.24531911e-15  0.00000000e+00  1.41826645e-15  0.00000000e+00 
 1.22774708e+04  1.24531922e-15  0.00000000e+00  1.41661755e-15  0.00000000e+00 
 1.25605860e+04  1.24531931e-15  0.00000000e+00  1.41504035e-15  0.00000000e+00 
 1.28502297e+04  1.24531941e-15  0.00000000e+00  1.41353181e-15  0.00000000e+00 
 1.31465525e+04  1.24531950e-15  0.00000000e+00  1.41208900e-15  0.00000000e+00 
 1.34497085e+04  1.24531958e-15  0.00000000e+00  1.41070913e-15  0.00000000e+00 
 1.37598551e+04  1.24531966e-15  0.00000000e+00  1.40938951e-15  0.00000000e+00 
 1.40771537e+04  1.24531974e-15  0.00000000e+00  1.40812754e-15  0.00000000e+00 
 1.44017690e+04  1.24531982e-15  0.00000000e+00  1.40692077e-15  0.00000000e+00 
 1.47338699e+04  1.24531989e-15  0.00000000e+00  1.40576683e-15  0.00000000e+00 
 1.50736290e+04  1.24531996e-15  0.00000000e+00  1.40466343e-15  0.00000000e+00 
 1.54212228e+04  1.24532002e-15  0.00000000e+00  1.40360840e-15  0.00000000e+00 
 1.57768320e+04  1.24532008e-15  0.00000000e+00  1.40259966e-15  0.00000000e+00 
 1.61406415e+04  1.24532014e-15  0.00000000e+00  1.40163521e-15  0.00000000e+00 
 1.65128404e+04  1.24532020e-15  0.00000000e+00  1.40071312e-15  0.00000000e+00 
 1.68936220e+04  1.24532025e-15  0.00000000e+00  1.39983156e-15  0.00000000e+00 
 1.72831844e+04  1.24532030e-15  0.00000000e+00  1.39898878e-15  0.00000000e+00 
 1.76817299e+04  1.24532035e-15  0.00000000e+00  1.39818309e-15  0.00000000e+00 
 1.80894658e+04  1.24532040e-15  0.00000000e+00  1.39741288e-15  0.00000000e+00 
 1.85066040e+04  1.24532045e-15  0.00000000e+00  1.39667660e-15  0.00000000e+00 
 1.89333613e+04  1.24532049e-15  0.00000000e+00  1.39597278e-15  0.00000000e+00 
 1.93699595e+04  1.24532053e-15  0.00000000e+00  1.39530000e-15  0.00000000e+00 
 1.98166255e+04  1.24532057e-15  0.00000000e+00  1.39465690e-15  0.00000000e+00 
 2.02735916e+04  1.24532061e-15  0.00000000e+00  1.39404218e-15  0.00000000e+00 
 2.07410951e+04  1.24532064e-15  0.00000000e+00  1.39345462e-15  0.00000000e+00 
 2.12193792e+04  1.24532067e-15  0.00000000e+00  1.39289301e-15  0.00000000e+00 
 2.17086923e+04  1.24532071e-15  0.00000000e+00  1.39235622e-15  0.00000000e+00 
 2.22092889e+04  1.24532074e-15  0.00000000e+00  1.39184316e-15  0.00000000e+00 
 2.27214291e+04  1.24532077e-15  0.00000000e+00  1.39135280e-15  0.00000000e+00 
 2.32453791e+04  1.24532079e-15  0.00000000e+00  1.39088412e-15  0.00000000e+00 
 2.37814113e+04  1.24532082e-15  0.00000000e+00  1.39043619e-15  0.00000000e+00 
 2.43298042e+04  1.24532085e-15  0.00000000e+00  1.39000810e-15  0.00000000e+00 
 2.48908429e+04  1.24532087e-15  0.00000000e+00  1.38959896e-15  0.00000000e+00 
 2.54648190e+04  1.24532089e-15  0.00000000e+00  1.38920794e-15  0.00000000e+00 
 2.60520309e+04  1.24532091e-15  0.00000000e+00  1.38883425e-15  0.00000000e+00 
 2.66527837e+04  1.24532093e-15  0.00000000e+00  1.38847711e-15  0.00000000e+00 
 2.72673897e+04  1.24532095e-15  0.00000000e+00  1.38813581e-15  0.00000000e+00 
 2.78961683e+04  1.24532097e-15  0.00000000e+00  1.38780965e-15  0.00000000e+00 
 2.85394464e+04  1.24532099e-15  0.00000000e+00  1.38749795e-15  0.00000000e+00 
 2.91975583e+04  1.24532100e-15  0.00000000e+00  1.38720007e-15  0.00000000e+00 
 2.98708461e+04  1.24532102e-15  0.00000000e+00  1.38691542e-15  0.00000000e+00 
 3.05596598e+04  1.24532103e-15  0.00000000e+00  1.38664339e-15  0.00000000e+00 
 3.12643573e+04  1.24532105e-15  0.00000000e+00  1.38638344e-15  0.00000000e+00 
 3.19853049e+04  1.24532106e-15  0.00000000e+00  1.38613503e-15  0.00000000e+00 
 3.27228774e+04  1.24532107e-15  0.00000000e+00  1.38589765e-15  0.00000000e+00 
 3.34774581e+04  1.24532108e-15  0.00000000e+00  1.38567081e-15  0.00000000e+00 
 3.42494392e+04  1.24532109e-15  0.00000000e+00  1.38545405e-15  0.00000000e+00 
 3.50392221e+04  1.24532110e-15  0.00000000e+00  1.38524691e-15  0.00000000e+00 
 3.58472171e+04  1.24532111e-15  0.00000000e+00  1.38504898e-15  0.00000000e+00 
 3.66738442e+04  1.24532112e-15  0.00000000e+00  1.38485984e-15  0.00000000e+00 
 3.75195331e+04  1.24532113e-15  0.00000000e+00  1.38467911e-15  0.00000000e+00 
 3.83847234e+04  1.24532114e-15  0.00000000e+00  1.38450641e-15  0.00000000e+00 
 3.92698648e+04  1.24532114e-15  0.00000000e+00  1.38434139e-15  0.00000000e+00 
 4.01754173e+04  1.24532115e-15  0.00000000e+00  1.38418370e-15  0.00000000e+00 
 4.11018515e+04  1.24532115e-15  0.00000000e+00  1.38403303e-15  0.00000000e+00 
 4.20496491e+04  1.24532116e-15  0.00000000e+00  1.38388905e-15  0.00000000e+00 
 4.30193027e+04  1.24532116e-15  0.00000000e+00  1.38375147e-15  0.00000000e+00 
 4.40113162e+04  1.24532117e-15  0.00000000e+00  1.38362002e-15  0.00000000e+00 
 4.50262052e+04  1.24532117e-15  0.00000000e+00  1.38349441e-15  0.00000000e+00 
 4.60644974e+04  1.24532117e-15  0.00000000e+00  1.38337438e-15  0.00000000e+00 
 4.71267322e+04  1.24532118e-15  0.00000000e+00  1.38325970e-15  0.00000000e+00 
 4.82134619e+04  1.24532118e-15  0.00000000e+00  1.38315012e-15  0.00000000e+00 
 4.93252513e+04  1.24532118e-15  0.00000000e+00  1.38304541e-15  0.00000000e+00 
 5.04626783e+04  1.24532118e-15  0.00000000e+00  1.38294536e-15  0.00000000e+00 
 5.16263340e+04  1.24532118e-15  0.00000000e+00  1.38284976e-15  0.00000000e+00 
 5.28168234e+04  1.24532118e-15  0.00000000e+00  1.38275841e-15  0.00000000e+00 
 5.40347650e+04  1.24532118e-15  0.00000000e+00  1.38267113e-15  0.00000000e+00 
 5.52807921e+04  1.24532118e-15  0.00000000e+00  1.38258774e-15  0.00000000e+00 
 5.65555523e+04  1.24532117e-15  0.00000000e+00  1.38250805e-15  0.00000000e+00 
 5.78597080e+04  1.24532117e-15  0.00000000e+00  1.38243191e-15  0.00000000e+00 
 5.91939372e+04  1.24532117e-15  0.00000000e+00  1.38235916e-15  0.00000000e+00 
 6.05589334e+04  1.24532117e-15  0.00000000e+00  1.38228965e-15  0.00000000e+00 
 6.19554061e+04  1.24532116e-15  0.00000000e+00  1.38222323e-15  0.00000000e+00 
 6.33840810e+04  1.24532116e-15  0.00000000e+00  1.38215977e-15  0.00000000e+00 
 6.48457008e+04  1.24532116e-15  0.00000000e+00  1.38209913e-15  0.00000000e+00 
 6.63410251e+04  1.24532115e-15  0.00000000e+00  1.38204119e-15  0.00000000e+00 
 6.78708313e+04  1.24532115e-15  0.00000000e+00  1.38198583e-15  0.00000000e+00 
 6.94359143e+04  1.24532114e-15  0.00000000e+00  1.38193294e-15  0.00000000e+00 
 7.10370877e+04  1.24532113e-15  0.00000000e+00  1.38188239e-15  0.00000000e+00 
 7.26751838e+04  1.24532113e-15  0.00000000e+00  1.38183410e-15  0.00000000e+00 
 7.43510539e+04  1.24532112e-15  0.00000000e+00  1.38178796e-15  0.00000000e+00 
 7.60655691e+04  1.24532111e-15  0.00000000e+00  1.38174387e-15  0.00000000e+00 
 7.78196206e+04  1.24532111e-15  0.00000000e+00  1.38170175e-15  0.00000000e+00 
 7.96141200e+04  1.24532110e-15  0.00000000e+00  1.38166150e-15  0.00000000e+00 
 8.14500001e+04  1.24532109e-15  0.00000000e+00  1.38162304e-15  0.00000000e+00 
 8.33282151e+04  1.24532108e-15  0.00000000e+00  1.38158630e-15  0.00000000e+00 
 8.52497412e+04  1.24532107e-15  0.00000000e+00  1.38155119e-15  0.00000000e+00 
 8.72155772e+04  1.24532106e-15  0.00000000e+00  1.38151764e-15  0.00000000e+00 
 8.92267449e+04  1.24532105e-15  0.00000000e+00  1.38148559e-15  0.00000000e+00 
 9.12842895e+04  1.24532104e-15  0.00000000e+00  1.38145497e-15  0.00000000e+00 
 9.33892805e+04  1.24532103e-15  0.00000000e+00  1.38142571e-15  0.00000000e+00 
 9.55428121e+04  1.24532102e-15  0.00000000e+00  1.38139775e-15  0.00000000e+00 
 9.77460036e+04  1.24532101e-15  0.00000000e+00  1.38137103e-15  0.00000000e+00 
 1.00000000e+05  1.24532100e-15  0.00000000e+00  1.38134551e-15  0.00000000e+00 
 1.02305973e+05  1.24532099e-15  0.00000000e+00  1.38132112e-15  0.00000000e+00 
 1.04665121e+05  1.24532097e-15  0.00000000e+00  1.38129782e-15  0.00000000e+00 
 1.07078670e+05  1.24532096e-15  0.00000000e+00  1.38127556e-15  0.00000000e+00 
 1.09547876e+05  1.24532095e-15  0.00000000e+00  1.38125429e-15  0.00000000e+00 
 1.12074020e+05  1.24532093e-15  0.00000000e+00  1.38123397e-15  0.00000000e+00 
 1.14658417e+05  1.24532092e-15  0.00000000e+00  1.38121455e-15  0.00000000e+00 
 1.17302409e+05  1.24532090e-15  0.00000000e+00  1.38119600e-15  0.00000000e+00 
 1.20007371e+05  1.24532089e-15  0.00000000e+00  1.38117827e-15  0.00000000e+00 
 1.22774708e+05  1.24532088e-15  0.00000000e+00  1.38116134e-15  0.00000000e+00 
 1.25605860e+05  1.24532086e-15  0.00000000e+00  1.38114515e-15  0.00000000e+00 
 1.28502297e+05  1.24532085e-15  0.00000000e+00  1.38112969e-15  0.00000000e+00 
 1.31465525e+05  1.24532083e-15  0.00000000e+00  1.38111492e-15  0.00000000e+00 
 1.34497085e+05  1.24532081e-15  0.00000000e+00  1.38110081e-15  0.00000000e+00 
 1.37598551e+05  1.24532080e-15  0.00000000e+00  1.38108733e-15  0.00000000e+00 
 1.40771537e+05  1.24532078e-15  0.00000000e+00  1.38107444e-15  0.00000000e+00 
 1.44017690e+05  1.24532076e-15  0.00000000e+00  1.38106214e-15  0.00000000e+00 
 1.47338699e+05  1.24532075e-15  0.00000000e+00  1.38105038e-15  0.00000000e+00 
 1.50736290e+05  1.24532073e-15  0.00000000e+00  1.38103914e-15  0.00000000e+00 
 1.54212228e+05  1.24532071e-15  0.00000000e+00  1.38102841e-15  0.00000000e+00 
 1.57768320e+05  1.24532070e-15  0.00000000e+00  1.38101815e-15  0.00000000e+00 
 1.61406415e+05  1.24532068e-15  0.00000000e+00  1.38100835e-15  0.00000000e+00 
 1.65128404e+05  1.24532066e-15  0.00000000e+00  1.38099899e-15  0.00000000e+00 
 1.68936220e+05  1.24532064e-15  0.00000000e+00  1.38099005e-15  0.00000000e+00 
 1.72831844e+05  1.24532063e-15  0.00000000e+00  1.38098151e-15  0.00000000e+00 
 1.76817299e+05  1.24532061e-15  0.00000000e+00  1.38097335e-15  0.00000000e+00 
 1.80894658e+05  1.24532059e-15  0.00000000e+00  1.38096555e-15  0.00000000e+00 
 1.85066040e+05  1.24532057e-15  0.00000000e+00  1.38095810e-15  0.00000000e+00 
 1.89333613e+05  1.24532056e-15  0.00000000e+00  1.38095098e-15  0.00000000e+00 
 1.93699595e+05  1.24532054e-15  0.00000000e+00  1.38094418e-15  0.00000000e+00 
 1.98166255e+05  1.24532052e-15  0.00000000e+00  1.38093768e-15  0.00000000e+00 
 2.02735916e+05  1.24532050e-15  0.00000000e+00  1.38093148e-15  0.00000000e+00 
 2.07410951e+05  1.24532048e-15  0.00000000e+00  1.38092555e-15  0.00000000e+00 
 2.12193792e+05  1.24532047e-15  0.00000000e+00  1.38091988e-15  0.00000000e+00 
 2.17086923e+05  1.24532045e-15  0.00000000e+00  1.38091447e-15  0.00000000e+00 
 2.22092889e+05  1.24532043e-15  0.00000000e+00  1.38090930e-15  0.00000000e+00 
 2.27214291e+05  1.24532041e-15  0.00000000e+00  1.38090437e-15  0.00000000e+00 
 2.32453791e+05  1.24532040e-15  0.00000000e+00  1.38089965e-15  0.00000000e+00 
 2.37814113e+05  1.24532038e-15  0.00000000e+00  1.38089514e-15  0.00000000e+00 
 2.43298042e+05  1.24532036e-15  0.00000000e+00  1.38089083e-15  0.00000000e+00 
 2.48908429e+05  1.24532035e-15  0.00000000e+00  1.38088672e-15  0.00000000e+00 
 2.54648190e+05  1.24532033e-15  0.00000000e+00  1.38088279e-15  0.00000000e+00 
 2.60520309e+05  1.24532031e-15  0.00000000e+00  1.38087904e-15  0.00000000e+00 
 2.66527837e+05  1.24532030e-15  0.00000000e+00  1.38087545e-15  0.00000000e+00 
 2.72673897e+05  1.24532028e-15  0.00000000e+00  1.38087203e-15  0.00000000e+00 
 2.78961683e+05  1.24532027e-15  0.00000000e+00  1.38086875e-15  0.00000000e+00 
 2.85394464e+05  1.24532025e-15  0.00000000e+00  1.38086563e-15  0.00000000e+00 
 2.91975583e+05  1.24532024e-15  0.00000000e+00  1.38086264e-15  0.00000000e+00 
 2.98708461e+05  1.24532022e-15  0.00000000e+00  1.38085979e-15  0.00000000e+00 
 3.05596598e+05  1.24532021e-15  0.00000000e+00  1.38085706e-15  0.00000000e+00 
 3.12643573e+05  1.24532019e-15  0.00000000e+00  1.38085446e-15  0.00000000e+00 
 3.19853049e+05  1.24532018e-15  0.00000000e+00  1.38085197e-15  0.00000000e+00 
 3.27228774e+05  1.24532017e-15  0.00000000e+00  1.38084959e-15  0.00000000e+00 
 3.34774581e+05  1.24532015e-15  0.00000000e+00  1.38084732e-15  0.00000000e+00 
 3.42494392e+05  1.24532014e-15  0.00000000e+00  1.38084515e-15  0.00000000e+00 
 3.50392221e+05  1.24532013e-15  0.00000000e+00  1.38084308e-15  0.00000000e+00 
 3.58472171e+05  1.24532012e-15  0.00000000e+00  1.38084110e-15  0.00000000e+00 
 3.66738442e+05  1.24532010e-15  0.00000000e+00  1.38083921e-15  0.00000000e+00 
 3.75195331e+05  1.24532009e-15  0.00000000e+00  1.38083740e-15  0.00000000e+00 
 3.83847234e+05  1.24532008e-15  0.00000000e+00  1.38083568e-15  0.00000000e+00 
 3.92698648e+05  1.24532007e-15  0.00000000e+00  1.38083403e-15  0.00000000e+00 
 4.01754173e+05  1.24532006e-15  0.00000000e+00  1.38083246e-15  0.00000000e+00 
 4.11018515e+05  1.24532005e-15  0.00000000e+00  1.38083095e-15  0.00000000e+00 
 4.20496491e+05  1.24532004e-15  0.00000000e+00  1.38082951e-15  0.00000000e+00 
 4.30193027e+05  1.24532003e-15  0.00000000e+00  1.38082814e-15  0.00000000e+00 
 4.40113162e+05  1.24532002e-15  0.00000000e+00  1.38082683e-15  0.00000000e+00 
 4.50262052e+05  1.24532001e-15  0.00000000e+00  1.38082558e-15  0.00000000e+00 
 4.60644974e+05  1.24532000e-15  0.00000000e+00  1.38082438e-15  0.00000000e+00 
 4.71267322e+05  1.24531999e-15  0.00000000e+00  1.38082323e-15  0.00000000e+00 
 4.82134619e+05  1.24531999e-15  0.00000000e+00  1.38082214e-15  0.00000000e+00 
 4.93252513e+05  1.24531998e-15  0.00000000e+00  1.38082110e-15  0.00000000e+00 
 5.04626783e+05  1.24531997e-15  0.00000000e+00  1.38082010e-15  0.00000000e+00 
 5.16263340e+05  1.24531996e-15  0.00000000e+00  1.38081915e-15  0.00000000e+00 
 5.28168234e+05  1.24531996e-15  0.00000000e+00  1.38081824e-15  0.00000000e+00 
 5.40347650e+05  1.24531995e-15  0.00000000e+00  1.38081737e-15  0.00000000e+00 
 5.52807921e+05  1.24531994e-15  0.00000000e+00  1.38081654e-15  0.00000000e+00 
 5.65555523e+05  1.24531994e-15  0.00000000e+00  1.38081574e-15  0.00000000e+00 
 5.78597080e+05  1.24531993e-15  0.00000000e+00  1.38081499e-15  0.00000000e+00 
 5.91939372e+05  1.24531992e-15  0.00000000e+00  1.38081426e-15  0.00000000e+00 
 6.05589334e+05  1.24531992e-15  0.00000000e+00  1.38081357e-15  0.00000000e+00 
 6.19554061e+05  1.24531991e-15  0.00000000e+00  1.38081291e-15  0.00000000e+00 
 6.33840810e+05  1.24531991e-15  0.00000000e+00  1.38081228e-15  0.00000000e+00 
 6.48457008e+05  1.24531990e-15  0.00000000e+00  1.38081167e-15  0.00000000e+00 
 6.63410251e+05  1.24531990e-15  0.00000000e+00  1.38081110e-15  0.00000000e+00 
 6.78708313e+05  1.24531989e-15  0.00000000e+00  1.38081055e-15  0.00000000e+00 
 6.94359143e+05  1.24531989e-15  0.00000000e+00  1.38081002e-15  0.00000000e+00 
 7.10370877e+05  1.24531988e-15  0.00000000e+00  1.38080952e-15  0.00000000e+00 
 7.26751838e+05  1.24531988e-15  0.00000000e+00  1.38080904e-15  0.00000000e+00 
 7.43510539e+05  1.24531987e-15  0.00000000e+00  1.38080858e-15  0.00000000e+00 
 7.60655691e+05  1.24531987e-15  0.00000000e+00  1.38080814e-15  0.00000000e+00 
 7.78196206e+05  1.24531987e-15  0.00000000e+00  1.38080772e-15  0.00000000e+00 
 7.96141200e+05  1.24531986e-15  0.00000000e+00  1.38080732e-15  0.00000000e+00 
 8.14500001e+05  1.24531986e-15  0.00000000e+00  1.38080694e-15  0.00000000e+00 
 8.33282151e+05  1.24531986e-15  0.00000000e+00  1.38080657e-15  0.00000000e+00 
 8.52497412e+05  1.24531985e-15  0.00000000e+00  1.38080623e-15  0.00000000e+00 
 8.72155772e+05  1.24531985e-15  0.00000000e+00  1.38080589e-15  0.00000000e+00 
 8.92267449e+05  1.24531985e-15  0.00000000e+00  1.38080557e-15  0.00000000e+00 
 9.12842895e+05  1.24531984e-15  0.00000000e+00  1.38080527e-15  0.00000000e+00 
 9.33892805e+05  1.24531984e-15  0.00000000e+00  1.38080498e-15  0.00000000e+00 
 9.55428121e+05  1.24531984e-15  0.00000000e+00  1.38080470e-15  0.00000000e+00 
 9.77460036e+05  1.24531984e-15  0.00000000e+00  1.38080444e-15  0.00000000e+00 
 1.00000000e+06  1.24531983e-15  0.00000000e+00  1.38080418e-15  0.00000000e+00 
 1.02305973e+06  1.24531983e-15  0.00000000e+00  1.38080394e-15  0.00000000e+00 
 1.04665121e+06  1.24531983e-15  0.00000000e+00  1.38080371e-15  0.00000000e+00 
 1.07078670e+06  1.24531983e-15  0.00000000e+00  1.38080349e-15  0.00000000e+00 
 1.09547876e+06  1.24531982e-15  0.00000000e+00  1.38080328e-15  0.00000000e+00 
 1.12074020e+06  1.24531982e-15  0.00000000e+00  1.38080308e-15  0.00000000e+00 
 1.14658417e+06  1.24531982e-15  0.00000000e+00  1.38080288e-15  0.00000000e+00 
 1.17302409e+06  1.24531982e-15  0.00000000e+00  1.38080270e-15  0.00000000e+00 
 1.20007371e+06  1.24531982e-15  0.00000000e+00  1.38080252e-15  0.00000000e+00 
 1.22774708e+06  1.24531982e-15  0.00000000e+00  1.38080235e-15  0.00000000e+00 
 1.25605860e+06  1.24531981e-15  0.00000000e+00  1.38080219e-15  0.00000000e+00 
 1.28502297e+06  1.24531981e-15  0.00000000e+00  1.38080204e-15  0.00000000e+00 
 1.31465525e+06  1.24531981e-15  0.00000000e+00  1.38080189e-15  0.00000000e+00 
 1.34497085e+06  1.24531981e-15  0.00000000e+00  1.38080175e-15  0.00000000e+00 
 1.37598551e+06  1.24531981e-15  0.00000000e+00  1.38080162e-15  0.00000000e+00 
 1.40771537e+06  1.24531981e-15  0.00000000e+00  1.38080149e-15  0.00000000e+00 
 1.44017690e+06  1.24531981e-15  0.00000000e+00  1.38080137e-15  0.00000000e+00 
 1.47338699e+06  1.24531980e-15  0.00000000e+00  1.38080125e-15  0.00000000e+00 
 1.50736290e+06  1.24531980e-15  0.00000000e+00  1.38080114e-15  0.00000000e+00 
 1.54212228e+06  1.24531980e-15  0.00000000e+00  1.38080103e-15  0.00000000e+00 
 1.57768320e+06  1.24531980e-15  0.00000000e+00  1.38080093e-15  0.00000000e+00 
 1.61406415e+06  1.24531980e-15  0.00000000e+00  1.38080084e-15  0.00000000e+00 
 1.65128404e+06  1.24531980e-15  0.00000000e+00  1.38080074e-15  0.00000000e+00 
 1.68936220e+06  1.24531980e-15  0.00000000e+00  1.38080065e-15  0.00000000e+00 
 1.72831844e+06  1.24531980e-15  0.00000000e+00  1.38080057e-15  0.00000000e+00 
 1.76817299e+06  1.24531980e-15  0.00000000e+00  1.38080049e-15  0.00000000e+00 
 1.80894658e+06  1.24531980e-15  0.00000000e+00  1.38080041e-15  0.00000000e+00 
 1.85066040e+06  1.24531980e-15  0.00000000e+00  1.38080034e-15  0.00000000e+00 
 1.89333613e+06  1.24531979e-15  0.00000000e+00  1.38080027e-15  0.00000000e+00 
 1.93699595e+06  1.24531979e-15  0.00000000e+00  1.38080020e-15  0.00000000e+00 
 1.98166255e+06  1.24531979e-15  0.00000000e+00  1.38080013e-15  0.00000000e+00 
 2.02735916e+06  1.24531979e-15  0.00000000e+00  1.38080007e-15  0.00000000e+00 
 2.07410951e+06  1.24531979e-15  0.00000000e+00  1.38080001e-15  0.00000000e+00 
 2.12193792e+06  1.24531979e-15  0.00000000e+00  1.38079996e-15  0.00000000e+00 
 2.17086923e+06  1.24531979e-15  0.00000000e+00  1.38079990e-15  0.00000000e+00 
 2.22092889e+06  1.24531979e-15  0.00000000e+00  1.38079985e-15  0.00000000e+00 
 2.27214291e+06  1.24531979e-15  0.00000000e+00  1.38079980e-15  0.00000000e+00 
 2.32453791e+06  1.24531979e-15  0.00000000e+00  1.38079976e-15  0.00000000e+00 
 2.37814113e+06  1.24531979e-15  0.00000000e+00  1.38079971e-15  0.00000000e+00 
 2.43298042e+06  1.24531979e-15  0.00000000e+00  1.38079967e-15  0.00000000e+00 
 2.48908429e+06  1.24531979e-15  0.00000000e+00  1.38079963e-15  0.00000000e+00 
 2.54648190e+06  1.24531979e-15  0.00000000e+00  1.38079959e-15  0.00000000e+00 
 2.60520309e+06  1.24531979e-15  0.00000000e+00  1.38079955e-15  0.00000000e+00 
 2.66527837e+06  1.24531979e-15  0.00000000e+00  1.38079952e-15  0.00000000e+00 
 2.72673897e+06  1.24531979e-15  0.00000000e+00  1.38079948e-15  0.00000000e+00 
 2.78961683e+06  1.24531979e-15  0.00000000e+00  1.38079945e-15  0.00000000e+00 
 2.85394464e+06  1.24531979e-15  0.00000000e+00  1.38079942e-15  0.00000000e+00 
 2.91975583e+06  1.24531979e-15  0.00000000e+00  1.38079939e-15  0.00000000e+00 
 2.98708461e+06  1.24531979e-15  0.00000000e+00  1.38079936e-15  0.00000000e+00 
 3.05596598e+06  1.24531979e-15  0.00000000e+00  1.38079933e-15  0.00000000e+00 
 3.12643573e+06  1.24531978e-15  0.00000000e+00  1.38079931e-15  0.00000000e+00 
 3.19853049e+06  1.24531978e-15  0.00000000e+00  1.38079928e-15  0.00000000e+00 
 3.27228774e+06  1.24531978e-15  0.00000000e+00  1.38079926e-15  0.00000000e+00 
 3.34774581e+06  1.24531978e-15  0.00000000e+00  1.38079924e-15  0.00000000e+00 
 3.42494392e+06  1.24531978e-15  0.00000000e+00  1.38079921e-15  0.00000000e+00 
 3.50392221e+06  1.24531978e-15  0.00000000e+00  1.38079919e-15  0.00000000e+00 
 3.58472171e+06  1.24531978e-15  0.00000000e+00  1.38079917e-15  0.00000000e+00 
 3.66738442e+06  1.24531978e-15  0.00000000e+00  1.38079916e-15  0.00000000e+00 
 3.75195331e+06  1.24531978e-15  0.00000000e+00  1.38079914e-15  0.00000000e+00 
 3.83847234e+06  1.24531978e-15  0.00000000e+00  1.38079912e-15  0.00000000e+00 
 3.92698648e+06  1.24531978e-15  0.00000000e+00  1.38079910e-15  0.00000000e+00 
 4.01754173e+06  1.24531978e-15  0.00000000e+00  1.38079909e-15  0.00000000e+00 
 4.11018515e+06  1.24531978e-15  0.00000000e+00  1.38079907e-15  0.00000000e+00 
 4.20496491e+06  1.24531978e-15  0.00000000e+00  1.38079906e-15  0.00000000e+00 
 4.30193027e+06  1.24531978e-15  0.00000000e+00  1.38079905e-15  0.00000000e+00 
 4.40113162e+06  1.24531978e-15  0.00000000e+00  1.38079903e-15  0.00000000e+00 
 4.50262052e+06  1.24531978e-15  0.00000000e+00  1.38079902e-15  0.00000000e+00 
 4.60644974e+06  1.24531978e-15  0.00000000e+00  1.38079901e-15  0.00000000e+00 
 4.71267322e+06  1.24531978e-15  0.00000000e+00  1.38079900e-15  0.00000000e+00 
 4.82134619e+06  1.24531978e-15  0.00000000e+00  1.38079899e-15  0.00000000e+00 
 4.93252513e+06  1.24531978e-15  0.00000000e+00  1.38079898e-15  0.00000000e+00 
 5.04626783e+06  1.24531978e-15  0.00000000e+00  1.38079897e-15  0.00000000e+00 
 5.16263340e+06  1.24531978e-15  0.00000000e+00  1.38079896e-15  0.00000000e+00 
 5.28168234e+06  1.24531978e-15  0.00000000e+00  1.38079895e-15  0.00000000e+00 
 5.40347650e+06  1.24531978e-15  0.00000000e+00  1.38079894e-15  0.00000000e+00 
 5.52807921e+06  1.24531978e-15  0.00000000e+00  1.38079893e-15  0.00000000e+00 
 5.65555523e+06  1.24531978e-15  0.00000000e+00  1.38079892e-15  0.00000000e+00 
 5.78597080e+06  1.24531978e-15  0.00000000e+00  1.38079891e-15  0.00000000e+00 
 5.91939372e+06  1.24531978e-15  0.00000000e+00  1.38079891e-15  0.00000000e+00 
 6.05589334e+06  1.24531978e-15  0.00000000e+00  1.38079890e-15  0.00000000e+00 
 6.19554061e+06  1.24531978e-15  0.00000000e+00  1.38079889e-15  0.00000000e+00 
 6.33840810e+06  1.24531978e-15  0.00000000e+00  1.38079889e-15  0.00000000e+00 
 6.48457008e+06  1.24531978e-15  0.00000000e+00  1.38079888e-15  0.00000000e+00 
 6.63410251e+06  1.24531978e-15  0.00000000e+00  1.38079888e-15  0.00000000e+00 
 6.78708313e+06  1.24531978e-15  0.00000000e+00  1.38079887e-15  0.00000000e+00 
 6.94359143e+06  1.24531978e-15  0.00000000e+00  1.38079887e-15  0.00000000e+00 
 7.10370877e+06  1.24531978e-15  0.00000000e+00  1.38079886e-15  0.00000000e+00 
 7.26751838e+06  1.24531978e-15  0.00000000e+00  1.38079886e-15  0.00000000e+00 
 7.43510539e+06  1.24531978e-15  0.00000000e+00  1.38079885e-15  0.00000000e+00 
 7.60655691e+06  1.24531978e-15  0.00000000e+00  1.38079885e-15  0.00000000e+00 
 7.78196206e+06  1.24531978e-15  0.00000000e+00  1.38079884e-15  0.00000000e+00 
 7.96141200e+06  1.24531978e-15  0.00000000e+00  1.38079884e-15  0.00000000e+00 
 8.14500001e+06  1.24531978e-15  0.00000000e+00  1.38079884e-15  0.00000000e+00 
 8.33282151e+06  1.24531978e-15  0.00000000e+00  1.38079883e-15  0.00000000e+00 
 8.52497412e+06  1.24531978e-15  0.00000000e+00  1.38079883e-15  0.00000000e+00 
 8.72155772e+06  1.24531978e-15  0.00000000e+00  1.38079882e-15  0.00000000e+00 
 8.92267449e+06  1.24531978e-15  0.00000000e+00  1.38079882e-15  0.00000000e+00 
 9.12842895e+06  1.24531978e-15  0.00000000e+00  1.38079882e-15  0.00000000e+00 
 9.33892805e+06  1.24531978e-15  0.00000000e+00  1.38079882e-15  0.00000000e+00 
 9.55428121e+06  1.24531978e-15  0.00000000e+00  1.38079881e-15  0.00000000e+00 
 9.77460036e+06  1.24531978e-15  0.00000000e+00  1.38079881e-15  0.00000000e+00 
 1.00000000e+07  1.24531978e-15  0.00000000e+00  1.38079881e-15  0.00000000e+00 
 1.02305973e+07  1.24531978e-15  0.00000000e+00  1.38079881e-15  0.00000000e+00 
 1.04665121e+07  1.24531978e-15  0.00000000e+00  1.38079880e-15  0.00000000e+00 
 1.07078670e+07  1.24531978e-15  0.00000000e+00  1.38079880e-15  0.00000000e+00 
 1.09547876e+07  1.24531978e-15  0.00000000e+00  1.38079880e-15  0.00000000e+00 
 1.12074020e+07  1.24531978e-15  0.00000000e+00  1.38079880e-15  0.00000000e+00 
 1.14658417e+07  1.24531978e-15  0.00000000e+00  1.38079880e-15  0.00000000e+00 
 1.17302409e+07  1.24531978e-15  0.00000000e+00  1.38079879e-15  0.00000000e+00 
 1.20007371e+07  1.24531978e-15  0.00000000e+00  1.38079879e-15  0.00000000e+00 
 1.22774708e+07  1.24531977e-15  0.00000000e+00  1.38079879e-15  0.00000000e+00 
 1.25605860e+07  1.24531977e-15  0.00000000e+00  1.38079879e-15  0.00000000e+00 
 1.28502297e+07  1.24531977e-15  0.00000000e+00  1.38079879e-15  0.00000000e+00 
 1.31465525e+07  1.24531977e-15  0.00000000e+00  1.38079879e-15  0.00000000e+00 
 1.34497085e+07  1.24531977e-15  0.00000000e+00  1.38079879e-15  0.00000000e+00 
 1.37598551e+07  1.24531977e-15  0.00000000e+00  1.38079879e-15  0.00000000e+00 
 1.40771537e+07  1.24531977e-15  0.00000000e+00  1.38079878e-15  0.00000000e+00 
 1.44017690e+07  1.24531977e-15  0.00000000e+00  1.38079878e-15  0.00000000e+00 
 1.47338699e+07  1.24531977e-15  0.00000000e+00  1.38079878e-15  0.00000000e+00 
 1.50736290e+07  1.24531977e-15  0.00000000e+00  1.38079878e-15  0.00000000e+00 
 1.54212228e+07  1.24531977e-15  0.00000000e+00  1.38079878e-15  0.00000000e+00 
 1.57768320e+07  1.24531977e-15  0.00000000e+00  1.38079878e-15  0.00000000e+00 
 1.61406415e+07  1.24531977e-15  0.00000000e+00  1.38079878e-15  0.00000000e+00 
 1.65128404e+07  1.24531977e-15  0.00000000e+00  1.38079878e-15  0.00000000e+00 
 1.68936220e+07  1.24531977e-15  0.00000000e+00  1.38079878e-15  0.00000000e+00 
 1.72831844e+07  1.24531977e-15  0.00000000e+00  1.38079878e-15  0.00000000e+00 
 1.76817299e+07  1.24531977e-15  0.00000000e+00  1.38079878e-15  0.00000000e+00 
 1.80894658e+07  1.24531977e-15  0.00000000e+00  1.38079878e-15  0.00000000e+00 
 1.85066040e+07  1.24531977e-15  0.00000000e+00  1.38079878e-15  0.00000000e+00 
 1.89333613e+07  1.24531977e-15  0.00000000e+00  1.38079878e-15  0.00000000e+00 
 1.93699595e+07  1.24531977e-15  0.00000000e+00  1.38079878e-15  0.00000000e+00 
 1.98166255e+07  1.24531977e-15  0.00000000e+00  1.38079878e-15  0.00000000e+00 
 2.02735916e+07  1.24531977e-15  0.00000000e+00  1.38079878e-15  0.00000000e+00 
 2.07410951e+07  1.24531977e-15  0.00000000e+00  1.38079878e-15  0.00000000e+00 
 2.12193792e+07  1.24531976e-15  0.00000000e+00  1.38079878e-15  0.00000000e+00 
 2.17086923e+07  1.24531976e-15  0.00000000e+00  1.38079878e-15  0.00000000e+00 
 2.22092889e+07  1.24531976e-15  0.00000000e+00  1.38079878e-15  0.00000000e+00 
 2.27214291e+07  1.24531976e-15  0.00000000e+00  1.38079878e-15  0.00000000e+00 
 2.32453791e+07  1.24531976e-15  0.00000000e+00  1.38079878e-15  0.00000000e+00 
 2.37814113e+07  1.24531976e-15  0.00000000e+00  1.38079878e-15  0.00000000e+00 
 2.43298042e+07  1.24531976e-15  0.00000000e+00  1.38079878e-15  0.00000000e+00 
 2.48908429e+07  1.24531976e-15  0.00000000e+00  1.38079878e-15  0.00000000e+00 
 2.54648190e+07  1.24531976e-15  0.00000000e+00  1.38079878e-15  0.00000000e+00 
 2.60520309e+07  1.24531976e-15  0.00000000e+00  1.38079878e-15  0.00000000e+00 
 2.66527837e+07  1.24531976e-15  0.00000000e+00  1.38079878e-15  0.00000000e+00 
 2.72673897e+07  1.24531975e-15  0.00000000e+00  1.38079878e-15  0.00000000e+00 
 2.78961683e+07  1.24531975e-15  0.00000000e+00  1.38079878e-15  0.00000000e+00 
 2.85394464e+07  1.24531975e-15  0.00000000e+00  1.38079878e-15  0.00000000e+00 
 2.91975583e+07  1.24531975e-15  0.00000000e+00  1.38079878e-15  0.00000000e+00 
 2.98708461e+07  1.24531975e-15  0.00000000e+00  1.38079878e-15  0.00000000e+00 
 3.05596598e+07  1.24531975e-15  0.00000000e+00  1.38079878e-15  0.00000000e+00 
 3.12643573e+07  1.24531975e-15  0.00000000e+00  1.38079878e-15  0.00000000e+00 
 3.19853049e+07  1.24531975e-15  0.00000000e+00  1.38079879e-15  0.00000000e+00 
 3.27228774e+07  1.24531974e-15  0.00000000e+00  1.38079879e-15  0.00000000e+00 
 3.34774581e+07  1.24531974e-15  0.00000000e+00  1.38079879e-15  0.00000000e+00 
 3.42494392e+07  1.24531974e-15  0.00000000e+00  1.38079879e-15  0.00000000e+00 
 3.50392221e+07  1.24531974e-15  0.00000000e+00  1.38079879e-15  0.00000000e+00 
 3.58472171e+07  1.24531974e-15  0.00000000e+00  1.38079879e-15  0.00000000e+00 
 3.66738442e+07  1.24531973e-15  0.00000000e+00  1.38079879e-15  0.00000000e+00 
 3.75195331e+07  1.24531973e-15  0.00000000e+00  1.38079879e-15  0.00000000e+00 
 3.83847234e+07  1.24531973e-15  0.00000000e+00  1.38079880e-15  0.00000000e+00 
 3.92698648e+07  1.24531973e-15  0.00000000e+00  1.38079880e-15  0.00000000e+00 
 4.01754173e+07  1.24531973e-15  0.00000000e+00  1.38079880e-15  0.00000000e+00 
 4.11018515e+07  1.24531972e-15  0.00000000e+00  1.38079880e-15  0.00000000e+00 
 4.20496491e+07  1.24531972e-15  0.00000000e+00  1.38079880e-15  0.00000000e+00 
 4.30193027e+07  1.24531972e-15  0.00000000e+00  1.38079881e-15  0.00000000e+00 
 4.40113162e+07  1.24531971e-15  0.00000000e+00  1.38079881e-15  0.00000000e+00 
 4.50262052e+07  1.24531971e-15  0.00000000e+00  1.38079881e-15  0.00000000e+00 
 4.60644974e+07  1.24531971e-15  0.00000000e+00  1.38079881e-15  0.00000000e+00 
 4.71267322e+07  1.24531971e-15  0.00000000e+00  1.38079882e-15  0.00000000e+00 
 4.82134619e+07  1.24531970e-15  0.00000000e+00  1.38079882e-15  0.00000000e+00 
 4.93252513e+07  1.24531970e-15  0.00000000e+00  1.38079882e-15  0.00000000e+00 
 5.04626783e+07  1.24531969e-15  0.00000000e+00  1.38079882e-15  0.00000000e+00 
 5.16263340e+07  1.24531969e-15  0.00000000e+00  1.38079883e-15  0.00000000e+00 
 5.28168234e+07  1.24531969e-15  0.00000000e+00  1.38079883e-15  0.00000000e+00 
 5.40347650e+07  1.24531968e-15  0.00000000e+00  1.38079883e-15  0.00000000e+00 
 5.52807921e+07  1.24531968e-15  0.00000000e+00  1.38079884e-15  0.00000000e+00 
 5.65555523e+07  1.24531967e-15  0.00000000e+00  1.38079884e-15  0.00000000e+00 
 5.78597080e+07  1.24531967e-15  0.00000000e+00  1.38079885e-15  0.00000000e+00 
 5.91939372e+07  1.24531966e-15  0.00000000e+00  1.38079885e-15  0.00000000e+00 
 6.05589334e+07  1.24531966e-15  0.00000000e+00  1.38079885e-15  0.00000000e+00 
 6.19554061e+07  1.24531965e-15  0.00000000e+00  1.38079886e-15  0.00000000e+00 
 6.33840810e+07  1.24531964e-15  0.00000000e+00  1.38079886e-15  0.00000000e+00 
 6.48457008e+07  1.24531964e-15  0.00000000e+00  1.38079887e-15  0.00000000e+00 
 6.63410251e+07  1.24531963e-15  0.00000000e+00  1.38079887e-15  0.00000000e+00 
 6.78708313e+07  1.24531963e-15  0.00000000e+00  1.38079888e-15  0.00000000e+00 
 6.94359143e+07  1.24531962e-15  0.00000000e+00  1.38079889e-15  0.00000000e+00 
 7.10370877e+07  1.24531961e-15  0.00000000e+00  1.38079889e-15  0.00000000e+00 
 7.26751838e+07  1.24531960e-15  0.00000000e+00  1.38079890e-15  0.00000000e+00 
 7.43510539e+07  1.24531959e-15  0.00000000e+00  1.38079891e-15  0.00000000e+00 
 7.60655691e+07  1.24531959e-15  0.00000000e+00  1.38079891e-15  0.00000000e+00 
 7.78196206e+07  1.24531958e-15  0.00000000e+00  1.38079892e-15  0.00000000e+00 
 7.96141200e+07  1.24531957e-15  0.00000000e+00  1.38079893e-15  0.00000000e+00 
 8.14500001e+07  1.24531956e-15  0.00000000e+00  1.38079894e-15  0.00000000e+00 
 8.33282151e+07  1.24531955e-15  0.00000000e+00  1.38079895e-15  0.00000000e+00 
 8.52497412e+07  1.24531954e-15  0.00000000e+00  1.38079895e-15  0.00000000e+00 
 8.72155772e+07  1.24531952e-15  0.00000000e+00  1.38079896e-15  0.00000000e+00 
 8.92267449e+07  1.24531951e-15  0.00000000e+00  1.38079897e-15  0.00000000e+00 
 9.12842895e+07  1.24531950e-15  0.00000000e+00  1.38079898e-15  0.00000000e+00 
 9.33892805e+07  1.24531949e-15  0.00000000e+00  1.38079899e-15  0.00000000e+00 
 9.55428121e+07  1.24531947e-15  0.00000000e+00  1.38079901e-15  0.00000000e+00 
 9.77460036e+07  1.24531946e-15  0.00000000e+00  1.38079902e-15  0.00000000e+00 
 1.00000000e+08  1.24531944e-15  0.00000000e+00  1.38079903e-15  0.00000000e+00 
 1.02305973e+08  1.24531943e-15  0.00000000e+00  1.38079904e-15  0.00000000e+00 
 1.04665121e+08  1.24531941e-15  0.00000000e+00  1.38079906e-15  0.00000000e+00 
 1.07078670e+08  1.24531940e-15  0.00000000e+00  1.38079907e-15  0.00000000e+00 
 1.09547876e+08  1.24531938e-15  0.00000000e+00  1.38079909e-15  0.00000000e+00 
 1.12074020e+08  1.24531936e-15  0.00000000e+00  1.38079910e-15  0.00000000e+00 
 1.14658417e+08  1.24531934e-15  0.00000000e+00  1.38079912e-15  0.00000000e+00 
 1.17302409e+08  1.24531932e-15  0.00000000e+00  1.38079913e-15  0.00000000e+00 
 1.20007371e+08  1.24531930e-15  0.00000000e+00  1.38079915e-15  0.00000000e+00 
 1.22774708e+08  1.24531927e-15  0.00000000e+00  1.38079917e-15  0.00000000e+00 
 1.25605860e+08  1.24531925e-15  0.00000000e+00  1.38079919e-15  0.00000000e+00 
 1.28502297e+08  1.24531923e-15  0.00000000e+00  1.38079921e-15  0.00000000e+00 
 1.31465525e+08  1.24531920e-15  0.00000000e+00  1.38079923e-15  0.00000000e+00 
 1.34497085e+08  1.24531917e-15  0.00000000e+00  1.38079925e-15  0.00000000e+00 
 1.37598551e+08  1.24531915e-15  0.00000000e+00  1.38079928e-15  0.00000000e+00 
 1.40771537e+08  1.24531912e-15  0.00000000e+00  1.38079930e-15  0.00000000e+00 
 1.44017690e+08  1.24531908e-15  0.00000000e+00  1.38079933e-15  0.00000000e+00 
 1.47338699e+08  1.24531905e-15  0.00000000e+00  1.38079935e-15  0.00000000e+00 
 1.50736290e+08  1.24531902e-15  0.00000000e+00  1.38079938e-15  0.00000000e+00 
 1.54212228e+08  1.24531898e-15  0.00000000e+00  1.38079941e-15  0.00000000e+00 
 1.57768320e+08  1.24531895e-15  0.00000000e+00  1.38079944e-15  0.00000000e+00 
 1.61406415e+08  1.24531891e-15  0.00000000e+00  1.38079948e-15  0.00000000e+00 
 1.65128404e+08  1.24531887e-15  0.00000000e+00  1.38079951e-15  0.00000000e+00 
 1.68936220e+08  1.24531882e-15  0.00000000e+00  1.38079954e-15  0.00000000e+00 
 1.72831844e+08  1.24531878e-15  0.00000000e+00  1.38079958e-15  0.00000000e+00 
 1.76817299e+08  1.24531873e-15  0.00000000e+00  1.38079962e-15  0.00000000e+00 
 1.80894658e+08  1.24531868e-15  0.00000000e+00  1.38079966e-15  0.00000000e+00 
 1.85066040e+08  1.24531863e-15  0.00000000e+00  1.38079970e-15  0.00000000e+00 
 1.89333613e+08  1.24531858e-15  0.00000000e+00  1.38079975e-15  0.00000000e+00 
 1.93699595e+08  1.24531852e-15  0.00000000e+00  1.38079979e-15  0.00000000e+00 
 1.98166255e+08  1.24531846e-15  0.00000000e+00  1.38079984e-15  0.00000000e+00 
 2.02735916e+08  1.24531840e-15  0.00000000e+00  1.38079989e-15  0.00000000e+00 
 2.07410951e+08  1.24531834e-15  0.00000000e+00  1.38079995e-15  0.00000000e+00 
 2.12193792e+08  1.24531827e-15  0.00000000e+00  1.38080000e-15  0.00000000e+00 
 2.17086923e+08  1.24531820e-15  0.00000000e+00  1.38080006e-15  0.00000000e+00 
 2.22092889e+08  1.24531813e-15  0.00000000e+00  1.38080012e-15  0.00000000e+00 
 2.27214291e+08  1.24531805e-15  0.00000000e+00  1.38080019e-15  0.00000000e+00 
 2.32453791e+08  1.24531797e-15  0.00000000e+00  1.38080025e-15  0.00000000e+00 
 2.37814113e+08  1.24531789e-15  0.00000000e+00  1.38080032e-15  0.00000000e+00 
 2.43298042e+08  1.24531780e-15  0.00000000e+00  1.38080040e-15  0.00000000e+00 
 2.48908429e+08  1.24531770e-15  0.00000000e+00  1.38080047e-15  0.00000000e+00 
 2.54648190e+08  1.24531761e-15  0.00000000e+00  1.38080055e-15  0.00000000e+00 
 2.60520309e+08  1.24531751e-15  0.00000000e+00  1.38080064e-15  0.00000000e+00 
 2.66527837e+08  1.24531740e-15  0.00000000e+00  1.38080072e-15  0.00000000e+00 
 2.72673897e+08  1.24531729e-15  0.00000000e+00  1.38080082e-15  0.00000000e+00 
 2.78961683e+08  1.24531717e-15  0.00000000e+00  1.38080091e-15  0.00000000e+00 
 2.85394464e+08  1.24531705e-15  0.00000000e+00  1.38080101e-15  0.00000000e+00 
 2.91975583e+08  1.24531692e-15  0.00000000e+00  1.38080112e-15  0.00000000e+00 
 2.98708461e+08  1.24531679e-15  0.00000000e+00  1.38080123e-15  0.00000000e+00 
 3.05596598e+08  1.24531665e-15  0.00000000e+00  1.38080134e-15  0.00000000e+00 
 3.12643573e+08  1.24531651e-15  0.00000000e+00  1.38080147e-15  0.00000000e+00 
 3.19853049e+08  1.24531635e-15  0.00000000e+00  1.38080159e-15  0.00000000e+00 
 3.27228774e+08  1.24531619e-15  0.00000000e+00  1.38080172e-15  0.00000000e+00 
 3.34774581e+08  1.24531603e-15  0.00000000e+00  1.38080186e-15  0.00000000e+00 
 3.42494392e+08  1.24531585e-15  0.00000000e+00  1.38080201e-15  0.00000000e+00 
 3.50392221e+08  1.24531567e-15  0.00000000e+00  1.38080216e-15  0.00000000e+00 
 3.58472171e+08  1.24531548e-15  0.00000000e+00  1.38080232e-15  0.00000000e+00 
 3.66738442e+08  1.24531528e-15  0.00000000e+00  1.38080249e-15  0.00000000e+00 
 3.75195331e+08  1.24531507e-15  0.00000000e+00  1.38080266e-15  0.00000000e+00 
 3.83847234e+08  1.24531485e-15  0.00000000e+00  1.38080284e-15  0.00000000e+00 
 3.92698648e+08  1.24531462e-15  0.00000000e+00  1.38080303e-15  0.00000000e+00 
 4.01754173e+08  1.24531438e-15  0.00000000e+00  1.38080323e-15  0.00000000e+00 
 4.11018515e+08  1.24531412e-15  0.00000000e+00  1.38080344e-15  0.00000000e+00 
 4.20496491e+08  1.24531386e-15  0.00000000e+00  1.38080366e-15  0.00000000e+00 
 4.30193027e+08  1.24531358e-15  0.00000000e+00  1.38080389e-15  0.00000000e+00 
 4.40113162e+08  1.24531329e-15  0.00000000e+00  1.38080413e-15  0.00000000e+00 
 4.50262052e+08  1.24531299e-15  0.00000000e+00  1.38080438e-15  0.00000000e+00 
 4.60644974e+08  1.24531268e-15  0.00000000e+00  1.38080464e-15  0.00000000e+00 
 4.71267322e+08  1.24531234e-15  0.00000000e+00  1.38080492e-15  0.00000000e+00 
 4.82134619e+08  1.24531200e-15  0.00000000e+00  1.38080520e-15  0.00000000e+00 
 4.93252513e+08  1.24531164e-15  0.00000000e+00  1.38080550e-15  0.00000000e+00 
 5.04626783e+08  1.24531126e-15  0.00000000e+00  1.38080582e-15  0.00000000e+00 
 5.16263340e+08  1.24531086e-15  0.00000000e+00  1.38080615e-15  0.00000000e+00 
 5.28168234e+08  1.24531044e-15  0.00000000e+00  1.38080649e-15  0.00000000e+00 
 5.40347650e+08  1.24531001e-15  0.00000000e+00  1.38080686e-15  0.00000000e+00 
 5.52807921e+08  1.24530955e-15  0.00000000e+00  1.38080723e-15  0.00000000e+00 
 5.65555523e+08  1.24530907e-15  0.00000000e+00  1.38080763e-15  0.00000000e+00 
 5.78597080e+08  1.24530857e-15  0.00000000e+00  1.38080804e-15  0.00000000e+00 
 5.91939372e+08  1.24530805e-15  0.00000000e+00  1.38080848e-15  0.00000000e+00 
 6.05589334e+08  1.24530751e-15  0.00000000e+00  1.38080893e-15  0.00000000e+00 
 6.19554061e+08  1.24530693e-15  0.00000000e+00  1.38080940e-15  0.00000000e+00 
 6.33840810e+08  1.24530633e-15  0.00000000e+00  1.38080990e-15  0.00000000e+00 
 6.48457008e+08  1.24530571e-15  0.00000000e+00  1.38081042e-15  0.00000000e+00 
 6.63410251e+08  1.24530505e-15  0.00000000e+00  1.38081096e-15  0.00000000e+00 
 6.78708313e+08  1.24530436e-15  0.00000000e+00  1.38081153e-15  0.00000000e+00 
 6.94359143e+08  1.24530365e-15  0.00000000e+00  1.38081213e-15  0.00000000e+00 
 7.10370877e+08  1.24530289e-15  0.00000000e+00  1.38081275e-15  0.00000000e+00 
 7.26751838e+08  1.24530211e-15  0.00000000e+00  1.38081340e-15  0.00000000e+00 
 7.43510539e+08  1.24530128e-15  0.00000000e+00  1.38081409e-15  0.00000000e+00 
 7.60655691e+08  1.24530042e-15  0.00000000e+00  1.38081480e-15  0.00000000e+00 
 7.78196206e+08  1.24529952e-15  0.00000000e+00  1.38081555e-15  0.00000000e+00 
 7.96141200e+08  1.24529858e-15  0.00000000e+00  1.38081633e-15  0.00000000e+00 
 8.14500001e+08  1.24529759e-15  0.00000000e+00  1.38081715e-15  0.00000000e+00 
 8.33282151e+08  1.24529655e-15  0.00000000e+00  1.38081801e-15  0.00000000e+00 
 8.52497412e+08  1.24529547e-15  0.00000000e+00  1.38081891e-15  0.00000000e+00 
 8.72155772e+08  1.24529434e-15  0.00000000e+00  1.38081985e-15  0.00000000e+00 
 8.92267449e+08  1.24529315e-15  0.00000000e+00  1.38082083e-15  0.00000000e+00 
 9.12842895e+08  1.24529191e-15  0.00000000e+00  1.38082186e-15  0.00000000e+00 
 9.33892805e+08  1.24529061e-15  0.00000000e+00  1.38082293e-15  0.00000000e+00 
 9.55428121e+08  1.24528926e-15  0.00000000e+00  1.38082406e-15  0.00000000e+00 
 9.77460036e+08  1.24528783e-15  0.00000000e+00  1.38082524e-15  0.00000000e+00 
 1.00000000e+09  1.24528635e-15  0.00000000e+00  1.38082647e-15  0.00000000e+00 
