 frequency       v(Cinp)         v(Cinp)         v(Cinn)         v(Cinn)        
 1.00000000e+00  2.00658621e-12  0.00000000e+00  7.90123124e-13  0.00000000e+00 
 1.02305973e+00  1.96135787e-12  0.00000000e+00  7.72354074e-13  0.00000000e+00 
 1.04665121e+00  1.91714898e-12  0.00000000e+00  7.54986241e-13  0.00000000e+00 
 1.07078670e+00  1.87393655e-12  0.00000000e+00  7.38011094e-13  0.00000000e+00 
 1.09547876e+00  1.83169813e-12  0.00000000e+00  7.21419506e-13  0.00000000e+00 
 1.12074020e+00  1.79041177e-12  0.00000000e+00  7.05202818e-13  0.00000000e+00 
 1.14658417e+00  1.75005600e-12  0.00000000e+00  6.89352569e-13  0.00000000e+00 
 1.17302409e+00  1.71060984e-12  0.00000000e+00  6.73860725e-13  0.00000000e+00 
 1.20007371e+00  1.67205281e-12  0.00000000e+00  6.58718958e-13  0.00000000e+00 
 1.22774708e+00  1.63436485e-12  0.00000000e+00  6.43919820e-13  0.00000000e+00 
 1.25605860e+00  1.59752637e-12  0.00000000e+00  6.29455123e-13  0.00000000e+00 
 1.28502297e+00  1.56151824e-12  0.00000000e+00  6.15317751e-13  0.00000000e+00 
 1.31465525e+00  1.52632172e-12  0.00000000e+00  6.01500305e-13  0.00000000e+00 
 1.34497085e+00  1.49191854e-12  0.00000000e+00  5.87995346e-13  0.00000000e+00 
 1.37598551e+00  1.45829081e-12  0.00000000e+00  5.74795821e-13  0.00000000e+00 
 1.40771537e+00  1.42542104e-12  0.00000000e+00  5.61895228e-13  0.00000000e+00 
 1.44017690e+00  1.39329216e-12  0.00000000e+00  5.49286803e-13  0.00000000e+00 
 1.47338699e+00  1.36188746e-12  0.00000000e+00  5.36963751e-13  0.00000000e+00 
 1.50736290e+00  1.33119063e-12  0.00000000e+00  5.24919809e-13  0.00000000e+00 
 1.54212228e+00  1.30118570e-12  0.00000000e+00  5.13148666e-13  0.00000000e+00 
 1.57768320e+00  1.27185709e-12  0.00000000e+00  5.01644154e-13  0.00000000e+00 
 1.61406415e+00  1.24318954e-12  0.00000000e+00  4.90400418e-13  0.00000000e+00 
 1.65128404e+00  1.21516816e-12  0.00000000e+00  4.79411558e-13  0.00000000e+00 
 1.68936220e+00  1.18777838e-12  0.00000000e+00  4.68671971e-13  0.00000000e+00 
 1.72831844e+00  1.16100596e-12  0.00000000e+00  4.58175853e-13  0.00000000e+00 
 1.76817299e+00  1.13483700e-12  0.00000000e+00  4.47918012e-13  0.00000000e+00 
 1.80894658e+00  1.10925789e-12  0.00000000e+00  4.37892895e-13  0.00000000e+00 
 1.85066040e+00  1.08425533e-12  0.00000000e+00  4.28095237e-13  0.00000000e+00 
 1.89333613e+00  1.05981633e-12  0.00000000e+00  4.18520184e-13  0.00000000e+00 
 1.93699595e+00  1.03592819e-12  0.00000000e+00  4.09162689e-13  0.00000000e+00 
 1.98166255e+00  1.01257848e-12  0.00000000e+00  4.00017822e-13  0.00000000e+00 
 2.02735916e+00  9.89755082e-13  0.00000000e+00  3.91080765e-13  0.00000000e+00 
 2.07410951e+00  9.67446122e-13  0.00000000e+00  3.82346944e-13  0.00000000e+00 
 2.12193792e+00  9.45640007e-13  0.00000000e+00  3.73811883e-13  0.00000000e+00 
 2.17086923e+00  9.24325402e-13  0.00000000e+00  3.65471198e-13  0.00000000e+00 
 2.22092889e+00  9.03491230e-13  0.00000000e+00  3.57320351e-13  0.00000000e+00 
 2.27214291e+00  8.83126662e-13  0.00000000e+00  3.49355159e-13  0.00000000e+00 
 2.32453791e+00  8.63221112e-13  0.00000000e+00  3.41571646e-13  0.00000000e+00 
 2.37814113e+00  8.43764235e-13  0.00000000e+00  3.33965449e-13  0.00000000e+00 
 2.43298042e+00  8.24745918e-13  0.00000000e+00  3.26532889e-13  0.00000000e+00 
 2.48908429e+00  8.06156275e-13  0.00000000e+00  3.19270014e-13  0.00000000e+00 
 2.54648190e+00  7.87985644e-13  0.00000000e+00  3.12173076e-13  0.00000000e+00 
 2.60520309e+00  7.70224581e-13  0.00000000e+00  3.05238298e-13  0.00000000e+00 
 2.66527837e+00  7.52863854e-13  0.00000000e+00  2.98462199e-13  0.00000000e+00 
 2.72673897e+00  7.35894439e-13  0.00000000e+00  2.91841063e-13  0.00000000e+00 
 2.78961683e+00  7.19307518e-13  0.00000000e+00  2.85371660e-13  0.00000000e+00 
 2.85394464e+00  7.03094467e-13  0.00000000e+00  2.79050528e-13  0.00000000e+00 
 2.91975583e+00  6.87246861e-13  0.00000000e+00  2.72874286e-13  0.00000000e+00 
 2.98708461e+00  6.71756462e-13  0.00000000e+00  2.66839909e-13  0.00000000e+00 
 3.05596598e+00  6.56615218e-13  0.00000000e+00  2.60944152e-13  0.00000000e+00 
 3.12643573e+00  6.41815261e-13  0.00000000e+00  2.55183848e-13  0.00000000e+00 
 3.19853049e+00  6.27348897e-13  0.00000000e+00  2.49556250e-13  0.00000000e+00 
 3.27228774e+00  6.13208607e-13  0.00000000e+00  2.44058146e-13  0.00000000e+00 
 3.34774581e+00  5.99387042e-13  0.00000000e+00  2.38686906e-13  0.00000000e+00 
 3.42494392e+00  5.85877018e-13  0.00000000e+00  2.33439536e-13  0.00000000e+00 
 3.50392221e+00  5.72671513e-13  0.00000000e+00  2.28313436e-13  0.00000000e+00 
 3.58472171e+00  5.59763662e-13  0.00000000e+00  2.23305896e-13  0.00000000e+00 
 3.66738442e+00  5.47146757e-13  0.00000000e+00  2.18414340e-13  0.00000000e+00 
 3.75195331e+00  5.34814240e-13  0.00000000e+00  2.13636100e-13  0.00000000e+00 
 3.83847234e+00  5.22759701e-13  0.00000000e+00  2.08968856e-13  0.00000000e+00 
 3.92698648e+00  5.10976875e-13  0.00000000e+00  2.04410043e-13  0.00000000e+00 
 4.01754173e+00  4.99459636e-13  0.00000000e+00  1.99957298e-13  0.00000000e+00 
 4.11018515e+00  4.88202000e-13  0.00000000e+00  1.95608303e-13  0.00000000e+00 
 4.20496491e+00  4.77198114e-13  0.00000000e+00  1.91360853e-13  0.00000000e+00 
 4.30193027e+00  4.66442259e-13  0.00000000e+00  1.87212657e-13  0.00000000e+00 
 4.40113162e+00  4.55928845e-13  0.00000000e+00  1.83161596e-13  0.00000000e+00 
 4.50262052e+00  4.45652407e-13  0.00000000e+00  1.79205534e-13  0.00000000e+00 
 4.60644974e+00  4.35607604e-13  0.00000000e+00  1.75342317e-13  0.00000000e+00 
 4.71267322e+00  4.25789214e-13  0.00000000e+00  1.71570013e-13  0.00000000e+00 
 4.82134619e+00  4.16192135e-13  0.00000000e+00  1.67886610e-13  0.00000000e+00 
 4.93252513e+00  4.06811378e-13  0.00000000e+00  1.64290193e-13  0.00000000e+00 
 5.04626783e+00  3.97642068e-13  0.00000000e+00  1.60778934e-13  0.00000000e+00 
 5.16263340e+00  3.88679439e-13  0.00000000e+00  1.57350830e-13  0.00000000e+00 
 5.28168234e+00  3.79918831e-13  0.00000000e+00  1.54004232e-13  0.00000000e+00 
 5.40347650e+00  3.71355693e-13  0.00000000e+00  1.50737312e-13  0.00000000e+00 
 5.52807921e+00  3.62985572e-13  0.00000000e+00  1.47548378e-13  0.00000000e+00 
 5.65555523e+00  3.54804118e-13  0.00000000e+00  1.44435672e-13  0.00000000e+00 
 5.78597080e+00  3.46807080e-13  0.00000000e+00  1.41397660e-13  0.00000000e+00 
 5.91939372e+00  3.38990300e-13  0.00000000e+00  1.38432645e-13  0.00000000e+00 
 6.05589334e+00  3.31349715e-13  0.00000000e+00  1.35539057e-13  0.00000000e+00 
 6.19554061e+00  3.23881354e-13  0.00000000e+00  1.32715439e-13  0.00000000e+00 
 6.33840810e+00  3.16581336e-13  0.00000000e+00  1.29960183e-13  0.00000000e+00 
 6.48457008e+00  3.09445866e-13  0.00000000e+00  1.27271924e-13  0.00000000e+00 
 6.63410251e+00  3.02471235e-13  0.00000000e+00  1.24649150e-13  0.00000000e+00 
 6.78708313e+00  2.95653818e-13  0.00000000e+00  1.22090499e-13  0.00000000e+00 
 6.94359143e+00  2.88990072e-13  0.00000000e+00  1.19594587e-13  0.00000000e+00 
 7.10370877e+00  2.82476533e-13  0.00000000e+00  1.17160054e-13  0.00000000e+00 
 7.26751838e+00  2.76109816e-13  0.00000000e+00  1.14785598e-13  0.00000000e+00 
 7.43510539e+00  2.69886610e-13  0.00000000e+00  1.12469899e-13  0.00000000e+00 
 7.60655691e+00  2.63803683e-13  0.00000000e+00  1.10211801e-13  0.00000000e+00 
 7.78196206e+00  2.57857872e-13  0.00000000e+00  1.08009984e-13  0.00000000e+00 
 7.96141200e+00  2.52046086e-13  0.00000000e+00  1.05863252e-13  0.00000000e+00 
 8.14500001e+00  2.46365305e-13  0.00000000e+00  1.03770426e-13  0.00000000e+00 
 8.33282151e+00  2.40812576e-13  0.00000000e+00  1.01730372e-13  0.00000000e+00 
 8.52497412e+00  2.35385014e-13  0.00000000e+00  9.97419700e-14  0.00000000e+00 
 8.72155772e+00  2.30079796e-13  0.00000000e+00  9.78040802e-14  0.00000000e+00 
 8.92267449e+00  2.24894166e-13  0.00000000e+00  9.59155788e-14  0.00000000e+00 
 9.12842895e+00  2.19825428e-13  0.00000000e+00  9.40755012e-14  0.00000000e+00 
 9.33892805e+00  2.14870948e-13  0.00000000e+00  9.22827435e-14  0.00000000e+00 
 9.55428121e+00  2.10028150e-13  0.00000000e+00  9.05362444e-14  0.00000000e+00 
 9.77460036e+00  2.05294518e-13  0.00000000e+00  8.88350897e-14  0.00000000e+00 
 1.00000000e+01  2.00667591e-13  0.00000000e+00  8.71782079e-14  0.00000000e+00 
 1.02305973e+01  1.96144963e-13  0.00000000e+00  8.55646707e-14  0.00000000e+00 
 1.04665121e+01  1.91724285e-13  0.00000000e+00  8.39935282e-14  0.00000000e+00 
 1.07078670e+01  1.87403259e-13  0.00000000e+00  8.24638365e-14  0.00000000e+00 
 1.09547876e+01  1.83179639e-13  0.00000000e+00  8.09747054e-14  0.00000000e+00 
 1.12074020e+01  1.79051229e-13  0.00000000e+00  7.95252008e-14  0.00000000e+00 
 1.14658417e+01  1.75015884e-13  0.00000000e+00  7.81143956e-14  0.00000000e+00 
 1.17302409e+01  1.71071505e-13  0.00000000e+00  7.67415019e-14  0.00000000e+00 
 1.20007371e+01  1.67216044e-13  0.00000000e+00  7.54056194e-14  0.00000000e+00 
 1.22774708e+01  1.63447496e-13  0.00000000e+00  7.41058959e-14  0.00000000e+00 
 1.25605860e+01  1.59763903e-13  0.00000000e+00  7.28415220e-14  0.00000000e+00 
 1.28502297e+01  1.56163349e-13  0.00000000e+00  7.16116280e-14  0.00000000e+00 
 1.31465525e+01  1.52643964e-13  0.00000000e+00  7.04154268e-14  0.00000000e+00 
 1.34497085e+01  1.49203917e-13  0.00000000e+00  6.92521483e-14  0.00000000e+00 
 1.37598551e+01  1.45841422e-13  0.00000000e+00  6.81209644e-14  0.00000000e+00 
 1.40771537e+01  1.42554730e-13  0.00000000e+00  6.70211042e-14  0.00000000e+00 
 1.44017690e+01  1.39342133e-13  0.00000000e+00  6.59518126e-14  0.00000000e+00 
 1.47338699e+01  1.36201961e-13  0.00000000e+00  6.49123153e-14  0.00000000e+00 
 1.50736290e+01  1.33132582e-13  0.00000000e+00  6.39018544e-14  0.00000000e+00 
 1.54212228e+01  1.30132401e-13  0.00000000e+00  6.29197038e-14  0.00000000e+00 
 1.57768320e+01  1.27199859e-13  0.00000000e+00  6.19651184e-14  0.00000000e+00 
 1.61406415e+01  1.24333430e-13  0.00000000e+00  6.10373828e-14  0.00000000e+00 
 1.65128404e+01  1.21531626e-13  0.00000000e+00  6.01357640e-14  0.00000000e+00 
 1.68936220e+01  1.18792989e-13  0.00000000e+00  5.92595431e-14  0.00000000e+00 
 1.72831844e+01  1.16116098e-13  0.00000000e+00  5.84080425e-14  0.00000000e+00 
 1.76817299e+01  1.13499559e-13  0.00000000e+00  5.75805254e-14  0.00000000e+00 
 1.80894658e+01  1.10942013e-13  0.00000000e+00  5.67763243e-14  0.00000000e+00 
 1.85066040e+01  1.08442131e-13  0.00000000e+00  5.59947548e-14  0.00000000e+00 
 1.89333613e+01  1.05998614e-13  0.00000000e+00  5.52351319e-14  0.00000000e+00 
 1.93699595e+01  1.03610191e-13  0.00000000e+00  5.44967824e-14  0.00000000e+00 
 1.98166255e+01  1.01275621e-13  0.00000000e+00  5.37790333e-14  0.00000000e+00 
 2.02735916e+01  9.89936909e-14  0.00000000e+00  5.30812355e-14  0.00000000e+00 
 2.07410951e+01  9.67632141e-14  0.00000000e+00  5.24027283e-14  0.00000000e+00 
 2.12193792e+01  9.45830314e-14  0.00000000e+00  5.17428525e-14  0.00000000e+00 
 2.17086923e+01  9.24520097e-14  0.00000000e+00  5.11009954e-14  0.00000000e+00 
 2.22092889e+01  9.03690414e-14  0.00000000e+00  5.04765011e-14  0.00000000e+00 
 2.27214291e+01  8.83330438e-14  0.00000000e+00  4.98687292e-14  0.00000000e+00 
 2.32453791e+01  8.63429586e-14  0.00000000e+00  4.92770743e-14  0.00000000e+00 
 2.37814113e+01  8.43977515e-14  0.00000000e+00  4.87009241e-14  0.00000000e+00 
 2.43298042e+01  8.24964114e-14  0.00000000e+00  4.81396425e-14  0.00000000e+00 
 2.48908429e+01  8.06379502e-14  0.00000000e+00  4.75926488e-14  0.00000000e+00 
 2.54648190e+01  7.88214017e-14  0.00000000e+00  4.70593400e-14  0.00000000e+00 
 2.60520309e+01  7.70458218e-14  0.00000000e+00  4.65391220e-14  0.00000000e+00 
 2.66527837e+01  7.53102877e-14  0.00000000e+00  4.60314192e-14  0.00000000e+00 
 2.72673897e+01  7.36138973e-14  0.00000000e+00  4.55356485e-14  0.00000000e+00 
 2.78961683e+01  7.19557688e-14  0.00000000e+00  4.50512556e-14  0.00000000e+00 
 2.85394464e+01  7.03350404e-14  0.00000000e+00  4.45776735e-14  0.00000000e+00 
 2.91975583e+01  6.87508697e-14  0.00000000e+00  4.41143496e-14  0.00000000e+00 
 2.98708461e+01  6.72024334e-14  0.00000000e+00  4.36607539e-14  0.00000000e+00 
 3.05596598e+01  6.56889265e-14  0.00000000e+00  4.32163417e-14  0.00000000e+00 
 3.12643573e+01  6.42095624e-14  0.00000000e+00  4.27806012e-14  0.00000000e+00 
 3.19853049e+01  6.27635722e-14  0.00000000e+00  4.23530167e-14  0.00000000e+00 
 3.27228774e+01  6.13502044e-14  0.00000000e+00  4.19330716e-14  0.00000000e+00 
 3.34774581e+01  5.99687242e-14  0.00000000e+00  4.15202985e-14  0.00000000e+00 
 3.42494392e+01  5.86184136e-14  0.00000000e+00  4.11141840e-14  0.00000000e+00 
 3.50392221e+01  5.72985709e-14  0.00000000e+00  4.07142793e-14  0.00000000e+00 
 3.58472171e+01  5.60085099e-14  0.00000000e+00  4.03201206e-14  0.00000000e+00 
 3.66738442e+01  5.47475602e-14  0.00000000e+00  3.99312578e-14  0.00000000e+00 
 3.75195331e+01  5.35150664e-14  0.00000000e+00  3.95472583e-14  0.00000000e+00 
 3.83847234e+01  5.23103877e-14  0.00000000e+00  3.91676930e-14  0.00000000e+00 
 3.92698648e+01  5.11328982e-14  0.00000000e+00  3.87921632e-14  0.00000000e+00 
 4.01754173e+01  4.99819857e-14  0.00000000e+00  3.84202747e-14  0.00000000e+00 
 4.11018515e+01  4.88570521e-14  0.00000000e+00  3.80516262e-14  0.00000000e+00 
 4.20496491e+01  4.77575127e-14  0.00000000e+00  3.76858708e-14  0.00000000e+00 
 4.30193027e+01  4.66827958e-14  0.00000000e+00  3.73226460e-14  0.00000000e+00 
 4.40113162e+01  4.56323431e-14  0.00000000e+00  3.69616131e-14  0.00000000e+00 
 4.50262052e+01  4.46056083e-14  0.00000000e+00  3.66024574e-14  0.00000000e+00 
 4.60644974e+01  4.36020580e-14  0.00000000e+00  3.62448691e-14  0.00000000e+00 
 4.71267322e+01  4.26211704e-14  0.00000000e+00  3.58885542e-14  0.00000000e+00 
 4.82134619e+01  4.16624357e-14  0.00000000e+00  3.55332499e-14  0.00000000e+00 
 4.93252513e+01  4.07253556e-14  0.00000000e+00  3.51786866e-14  0.00000000e+00 
 5.04626783e+01  3.98094431e-14  0.00000000e+00  3.48246360e-14  0.00000000e+00 
 5.16263340e+01  3.89142220e-14  0.00000000e+00  3.44708645e-14  0.00000000e+00 
 5.28168234e+01  3.80392271e-14  0.00000000e+00  3.41171752e-14  0.00000000e+00 
 5.40347650e+01  3.71840035e-14  0.00000000e+00  3.37633798e-14  0.00000000e+00 
 5.52807921e+01  3.63481068e-14  0.00000000e+00  3.34093097e-14  0.00000000e+00 
 5.65555523e+01  3.55311024e-14  0.00000000e+00  3.30548103e-14  0.00000000e+00 
 5.78597080e+01  3.47325657e-14  0.00000000e+00  3.26997521e-14  0.00000000e+00 
 5.91939372e+01  3.39520816e-14  0.00000000e+00  3.23440171e-14  0.00000000e+00 
 6.05589334e+01  3.31892445e-14  0.00000000e+00  3.19875038e-14  0.00000000e+00 
 6.19554061e+01  3.24436578e-14  0.00000000e+00  3.16301372e-14  0.00000000e+00 
 6.33840810e+01  3.17149340e-14  0.00000000e+00  3.12718600e-14  0.00000000e+00 
 6.48457008e+01  3.10026943e-14  0.00000000e+00  3.09126137e-14  0.00000000e+00 
 6.63410251e+01  3.03065685e-14  0.00000000e+00  3.05523739e-14  0.00000000e+00 
 6.78708313e+01  2.96261948e-14  0.00000000e+00  3.01911337e-14  0.00000000e+00 
 6.94359143e+01  2.89612194e-14  0.00000000e+00  2.98288880e-14  0.00000000e+00 
 7.10370877e+01  2.83112969e-14  0.00000000e+00  2.94656611e-14  0.00000000e+00 
 7.26751838e+01  2.76760893e-14  0.00000000e+00  2.91014864e-14  0.00000000e+00 
 7.43510539e+01  2.70552664e-14  0.00000000e+00  2.87364120e-14  0.00000000e+00 
 7.60655691e+01  2.64485055e-14  0.00000000e+00  2.83704987e-14  0.00000000e+00 
 7.78196206e+01  2.58554914e-14  0.00000000e+00  2.80038245e-14  0.00000000e+00 
 7.96141200e+01  2.52759156e-14  0.00000000e+00  2.76364736e-14  0.00000000e+00 
 8.14500001e+01  2.47094769e-14  0.00000000e+00  2.72685463e-14  0.00000000e+00 
 8.33282151e+01  2.41558809e-14  0.00000000e+00  2.69001513e-14  0.00000000e+00 
 8.52497412e+01  2.36148398e-14  0.00000000e+00  2.65314098e-14  0.00000000e+00 
 8.72155772e+01  2.30860724e-14  0.00000000e+00  2.61624502e-14  0.00000000e+00 
 8.92267449e+01  2.25693038e-14  0.00000000e+00  2.57934080e-14  0.00000000e+00 
 9.12842895e+01  2.20642653e-14  0.00000000e+00  2.54244248e-14  0.00000000e+00 
 9.33892805e+01  2.15706944e-14  0.00000000e+00  2.50556482e-14  0.00000000e+00 
 9.55428121e+01  2.10883345e-14  0.00000000e+00  2.46872359e-14  0.00000000e+00 
 9.77460036e+01  2.06169349e-14  0.00000000e+00  2.43193488e-14  0.00000000e+00 
 1.00000000e+02  2.01562505e-14  0.00000000e+00  2.39521463e-14  0.00000000e+00 
 1.02305973e+02  1.97060417e-14  0.00000000e+00  2.35857940e-14  0.00000000e+00 
 1.04665121e+02  1.92660746e-14  0.00000000e+00  2.32204587e-14  0.00000000e+00 
 1.07078670e+02  1.88361204e-14  0.00000000e+00  2.28563123e-14  0.00000000e+00 
 1.09547876e+02  1.84159555e-14  0.00000000e+00  2.24935186e-14  0.00000000e+00 
 1.12074020e+02  1.80053614e-14  0.00000000e+00  2.21322469e-14  0.00000000e+00 
 1.14658417e+02  1.76041248e-14  0.00000000e+00  2.17726615e-14  0.00000000e+00 
 1.17302409e+02  1.72120369e-14  0.00000000e+00  2.14149290e-14  0.00000000e+00 
 1.20007371e+02  1.68288939e-14  0.00000000e+00  2.10592140e-14  0.00000000e+00 
 1.22774708e+02  1.64544965e-14  0.00000000e+00  2.07056649e-14  0.00000000e+00 
 1.25605860e+02  1.60886501e-14  0.00000000e+00  2.03544439e-14  0.00000000e+00 
 1.28502297e+02  1.57311643e-14  0.00000000e+00  2.00056968e-14  0.00000000e+00 
 1.31465525e+02  1.53818533e-14  0.00000000e+00  1.96595729e-14  0.00000000e+00 
 1.34497085e+02  1.50405353e-14  0.00000000e+00  1.93162083e-14  0.00000000e+00 
 1.37598551e+02  1.47070329e-14  0.00000000e+00  1.89757403e-14  0.00000000e+00 
 1.40771537e+02  1.43811726e-14  0.00000000e+00  1.86382968e-14  0.00000000e+00 
 1.44017690e+02  1.40627847e-14  0.00000000e+00  1.83040025e-14  0.00000000e+00 
 1.47338699e+02  1.37517038e-14  0.00000000e+00  1.79729709e-14  0.00000000e+00 
 1.50736290e+02  1.34477678e-14  0.00000000e+00  1.76453133e-14  0.00000000e+00 
 1.54212228e+02  1.31508187e-14  0.00000000e+00  1.73211344e-14  0.00000000e+00 
 1.57768320e+02  1.28607020e-14  0.00000000e+00  1.70005288e-14  0.00000000e+00 
 1.61406415e+02  1.25772665e-14  0.00000000e+00  1.66835882e-14  0.00000000e+00 
 1.65128404e+02  1.23003648e-14  0.00000000e+00  1.63703957e-14  0.00000000e+00 
 1.68936220e+02  1.20298528e-14  0.00000000e+00  1.60610261e-14  0.00000000e+00 
 1.72831844e+02  1.17655895e-14  0.00000000e+00  1.57555526e-14  0.00000000e+00 
 1.76817299e+02  1.15074373e-14  0.00000000e+00  1.54540385e-14  0.00000000e+00 
 1.80894658e+02  1.12552618e-14  0.00000000e+00  1.51565381e-14  0.00000000e+00 
 1.85066040e+02  1.10089315e-14  0.00000000e+00  1.48631038e-14  0.00000000e+00 
 1.89333613e+02  1.07683182e-14  0.00000000e+00  1.45737805e-14  0.00000000e+00 
 1.93699595e+02  1.05332963e-14  0.00000000e+00  1.42886054e-14  0.00000000e+00 
 1.98166255e+02  1.03037434e-14  0.00000000e+00  1.40076116e-14  0.00000000e+00 
 2.02735916e+02  1.00795398e-14  0.00000000e+00  1.37308262e-14  0.00000000e+00 
 2.07410951e+02  9.86056846e-15  0.00000000e+00  1.34582699e-14  0.00000000e+00 
 2.12193792e+02  9.64671512e-15  0.00000000e+00  1.31899590e-14  0.00000000e+00 
 2.17086923e+02  9.43786816e-15  0.00000000e+00  1.29259047e-14  0.00000000e+00 
 2.22092889e+02  9.23391849e-15  0.00000000e+00  1.26661132e-14  0.00000000e+00 
 2.27214291e+02  9.03475957e-15  0.00000000e+00  1.24105850e-14  0.00000000e+00 
 2.32453791e+02  8.84028729e-15  0.00000000e+00  1.21593179e-14  0.00000000e+00 
 2.37814113e+02  8.65039993e-15  0.00000000e+00  1.19123052e-14  0.00000000e+00 
 2.43298042e+02  8.46499813e-15  0.00000000e+00  1.16695362e-14  0.00000000e+00 
 2.48908429e+02  8.28398481e-15  0.00000000e+00  1.14309921e-14  0.00000000e+00 
 2.54648190e+02  8.10726513e-15  0.00000000e+00  1.11966593e-14  0.00000000e+00 
 2.60520309e+02  7.93474643e-15  0.00000000e+00  1.09665147e-14  0.00000000e+00 
 2.66527837e+02  7.76633818e-15  0.00000000e+00  1.07405330e-14  0.00000000e+00 
 2.72673897e+02  7.60195192e-15  0.00000000e+00  1.05186879e-14  0.00000000e+00 
 2.78961683e+02  7.44150126e-15  0.00000000e+00  1.03009462e-14  0.00000000e+00 
 2.85394464e+02  7.28490174e-15  0.00000000e+00  1.00872790e-14  0.00000000e+00 
 2.91975583e+02  7.13207089e-15  0.00000000e+00  9.87764731e-15  0.00000000e+00 
 2.98708461e+02  6.98292810e-15  0.00000000e+00  9.67201645e-15  0.00000000e+00 
 3.05596598e+02  6.83739460e-15  0.00000000e+00  9.47034813e-15  0.00000000e+00 
 3.12643573e+02  6.69539344e-15  0.00000000e+00  9.27259939e-15  0.00000000e+00 
 3.19853049e+02  6.55684942e-15  0.00000000e+00  9.07872876e-15  0.00000000e+00 
 3.27228774e+02  6.42168904e-15  0.00000000e+00  8.88869120e-15  0.00000000e+00 
 3.34774581e+02  6.28984047e-15  0.00000000e+00  8.70244338e-15  0.00000000e+00 
 3.42494392e+02  6.16123352e-15  0.00000000e+00  8.51993802e-15  0.00000000e+00 
 3.50392221e+02  6.03579958e-15  0.00000000e+00  8.34112812e-15  0.00000000e+00 
 3.58472171e+02  5.91347158e-15  0.00000000e+00  8.16596479e-15  0.00000000e+00 
 3.66738442e+02  5.79418396e-15  0.00000000e+00  7.99439951e-15  0.00000000e+00 
 3.75195331e+02  5.67787263e-15  0.00000000e+00  7.82638291e-15  0.00000000e+00 
 3.83847234e+02  5.56447490e-15  0.00000000e+00  7.66186475e-15  0.00000000e+00 
 3.92698648e+02  5.45392951e-15  0.00000000e+00  7.50079478e-15  0.00000000e+00 
 4.01754173e+02  5.34617651e-15  0.00000000e+00  7.34312151e-15  0.00000000e+00 
 4.11018515e+02  5.24115729e-15  0.00000000e+00  7.18879298e-15  0.00000000e+00 
 4.20496491e+02  5.13881450e-15  0.00000000e+00  7.03776065e-15  0.00000000e+00 
 4.30193027e+02  5.03909204e-15  0.00000000e+00  6.88997051e-15  0.00000000e+00 
 4.40113162e+02  4.94193501e-15  0.00000000e+00  6.74537212e-15  0.00000000e+00 
 4.50262052e+02  4.84728968e-15  0.00000000e+00  6.60391415e-15  0.00000000e+00 
 4.60644974e+02  4.75510346e-15  0.00000000e+00  6.46554519e-15  0.00000000e+00 
 4.71267322e+02  4.66532485e-15  0.00000000e+00  6.33021429e-15  0.00000000e+00 
 4.82134619e+02  4.57790343e-15  0.00000000e+00  6.19787050e-15  0.00000000e+00 
 4.93252513e+02  4.49278980e-15  0.00000000e+00  6.06846342e-15  0.00000000e+00 
 5.04626783e+02  4.40993559e-15  0.00000000e+00  5.94194224e-15  0.00000000e+00 
 5.16263340e+02  4.32929337e-15  0.00000000e+00  5.81825778e-15  0.00000000e+00 
 5.28168234e+02  4.25081666e-15  0.00000000e+00  5.69736052e-15  0.00000000e+00 
 5.40347650e+02  4.17445990e-15  0.00000000e+00  5.57920253e-15  0.00000000e+00 
 5.52807921e+02  4.10017841e-15  0.00000000e+00  5.46373228e-15  0.00000000e+00 
 5.65555523e+02  4.02792834e-15  0.00000000e+00  5.35090513e-15  0.00000000e+00 
 5.78597080e+02  3.95766667e-15  0.00000000e+00  5.24067109e-15  0.00000000e+00 
 5.91939372e+02  3.88935120e-15  0.00000000e+00  5.13298413e-15  0.00000000e+00 
 6.05589334e+02  3.82294047e-15  0.00000000e+00  5.02779763e-15  0.00000000e+00 
 6.19554061e+02  3.75839375e-15  0.00000000e+00  4.92506612e-15  0.00000000e+00 
 6.33840810e+02  3.69567107e-15  0.00000000e+00  4.82474323e-15  0.00000000e+00 
 6.48457008e+02  3.63473312e-15  0.00000000e+00  4.72678623e-15  0.00000000e+00 
 6.63410251e+02  3.57554125e-15  0.00000000e+00  4.63114946e-15  0.00000000e+00 
 6.78708313e+02  3.51805749e-15  0.00000000e+00  4.53778970e-15  0.00000000e+00 
 6.94359143e+02  3.46224445e-15  0.00000000e+00  4.44666481e-15  0.00000000e+00 
 7.10370877e+02  3.40806538e-15  0.00000000e+00  4.35773227e-15  0.00000000e+00 
 7.26751838e+02  3.35548409e-15  0.00000000e+00  4.27094999e-15  0.00000000e+00 
 7.43510539e+02  3.30446496e-15  0.00000000e+00  4.18627768e-15  0.00000000e+00 
 7.60655691e+02  3.25497293e-15  0.00000000e+00  4.10367506e-15  0.00000000e+00 
 7.78196206e+02  3.20697344e-15  0.00000000e+00  4.02310227e-15  0.00000000e+00 
 7.96141200e+02  3.16043247e-15  0.00000000e+00  3.94452079e-15  0.00000000e+00 
 8.14500001e+02  3.11531648e-15  0.00000000e+00  3.86789154e-15  0.00000000e+00 
 8.33282151e+02  3.07159244e-15  0.00000000e+00  3.79317741e-15  0.00000000e+00 
 8.52497412e+02  3.02922778e-15  0.00000000e+00  3.72034043e-15  0.00000000e+00 
 8.72155772e+02  2.98819037e-15  0.00000000e+00  3.64934482e-15  0.00000000e+00 
 8.92267449e+02  2.94844858e-15  0.00000000e+00  3.58015400e-15  0.00000000e+00 
 9.12842895e+02  2.90997119e-15  0.00000000e+00  3.51273317e-15  0.00000000e+00 
 9.33892805e+02  2.87272743e-15  0.00000000e+00  3.44704705e-15  0.00000000e+00 
 9.55428121e+02  2.83668695e-15  0.00000000e+00  3.38306183e-15  0.00000000e+00 
 9.77460036e+02  2.80181983e-15  0.00000000e+00  3.32074375e-15  0.00000000e+00 
 1.00000000e+03  2.76809657e-15  0.00000000e+00  3.26005940e-15  0.00000000e+00 
 1.02305973e+03  2.73548809e-15  0.00000000e+00  3.20097672e-15  0.00000000e+00 
 1.04665121e+03  2.70396572e-15  0.00000000e+00  3.14346298e-15  0.00000000e+00 
 1.07078670e+03  2.67350119e-15  0.00000000e+00  3.08748768e-15  0.00000000e+00 
 1.09547876e+03  2.64406665e-15  0.00000000e+00  3.03301897e-15  0.00000000e+00 
 1.12074020e+03  2.61563467e-15  0.00000000e+00  2.98002648e-15  0.00000000e+00 
 1.14658417e+03  2.58817820e-15  0.00000000e+00  2.92848033e-15  0.00000000e+00 
 1.17302409e+03  2.56167064e-15  0.00000000e+00  2.87835071e-15  0.00000000e+00 
 1.20007371e+03  2.53608576e-15  0.00000000e+00  2.82960870e-15  0.00000000e+00 
 1.22774708e+03  2.51139779e-15  0.00000000e+00  2.78222564e-15  0.00000000e+00 
 1.25605860e+03  2.48758134e-15  0.00000000e+00  2.73617296e-15  0.00000000e+00 
 1.28502297e+03  2.46461145e-15  0.00000000e+00  2.69142327e-15  0.00000000e+00 
 1.31465525e+03  2.44246360e-15  0.00000000e+00  2.64794869e-15  0.00000000e+00 
 1.34497085e+03  2.42111366e-15  0.00000000e+00  2.60572248e-15  0.00000000e+00 
 1.37598551e+03  2.40053796e-15  0.00000000e+00  2.56471794e-15  0.00000000e+00 
 1.40771537e+03  2.38071324e-15  0.00000000e+00  2.52490877e-15  0.00000000e+00 
 1.44017690e+03  2.36161670e-15  0.00000000e+00  2.48626904e-15  0.00000000e+00 
 1.47338699e+03  2.34322606e-15  0.00000000e+00  2.44877321e-15  0.00000000e+00 
 1.50736290e+03  2.32551917e-15  0.00000000e+00  2.41239608e-15  0.00000000e+00 
 1.54212228e+03  2.30847463e-15  0.00000000e+00  2.37711281e-15  0.00000000e+00 
 1.57768320e+03  2.29207140e-15  0.00000000e+00  2.34289876e-15  0.00000000e+00 
 1.61406415e+03  2.27628888e-15  0.00000000e+00  2.30972976e-15  0.00000000e+00 
 1.65128404e+03  2.26110691e-15  0.00000000e+00  2.27758184e-15  0.00000000e+00 
 1.68936220e+03  2.24650579e-15  0.00000000e+00  2.24643184e-15  0.00000000e+00 
 1.72831844e+03  2.23246627e-15  0.00000000e+00  2.21625592e-15  0.00000000e+00 
 1.76817299e+03  2.21896953e-15  0.00000000e+00  2.18703129e-15  0.00000000e+00 
 1.80894658e+03  2.20599724e-15  0.00000000e+00  2.15873522e-15  0.00000000e+00 
 1.85066040e+03  2.19353148e-15  0.00000000e+00  2.13134541e-15  0.00000000e+00 
 1.89333613e+03  2.18155481e-15  0.00000000e+00  2.10483972e-15  0.00000000e+00 
 1.93699595e+03  2.17005021e-15  0.00000000e+00  2.07919631e-15  0.00000000e+00 
 1.98166255e+03  2.15900113e-15  0.00000000e+00  2.05439364e-15  0.00000000e+00 
 2.02735916e+03  2.14839145e-15  0.00000000e+00  2.03041056e-15  0.00000000e+00 
 2.07410951e+03  2.13820548e-15  0.00000000e+00  2.00722580e-15  0.00000000e+00 
 2.12193792e+03  2.12842798e-15  0.00000000e+00  1.98481917e-15  0.00000000e+00 
 2.17086923e+03  2.11904415e-15  0.00000000e+00  1.96316992e-15  0.00000000e+00 
 2.22092889e+03  2.11003958e-15  0.00000000e+00  1.94225803e-15  0.00000000e+00 
 2.27214291e+03  2.10140033e-15  0.00000000e+00  1.92206363e-15  0.00000000e+00 
 2.32453791e+03  2.09311283e-15  0.00000000e+00  1.90256737e-15  0.00000000e+00 
 2.37814113e+03  2.08516395e-15  0.00000000e+00  1.88374972e-15  0.00000000e+00 
 2.43298042e+03  2.07754096e-15  0.00000000e+00  1.86559215e-15  0.00000000e+00 
 2.48908429e+03  2.07023152e-15  0.00000000e+00  1.84807575e-15  0.00000000e+00 
 2.54648190e+03  2.06322368e-15  0.00000000e+00  1.83118220e-15  0.00000000e+00 
 2.60520309e+03  2.05650589e-15  0.00000000e+00  1.81489350e-15  0.00000000e+00 
 2.66527837e+03  2.05006696e-15  0.00000000e+00  1.79919196e-15  0.00000000e+00 
 2.72673897e+03  2.04389608e-15  0.00000000e+00  1.78406011e-15  0.00000000e+00 
 2.78961683e+03  2.03798279e-15  0.00000000e+00  1.76948094e-15  0.00000000e+00 
 2.85394464e+03  2.03231700e-15  0.00000000e+00  1.75543753e-15  0.00000000e+00 
 2.91975583e+03  2.02688894e-15  0.00000000e+00  1.74191355e-15  0.00000000e+00 
 2.98708461e+03  2.02168921e-15  0.00000000e+00  1.72889281e-15  0.00000000e+00 
 3.05596598e+03  2.01670872e-15  0.00000000e+00  1.71635948e-15  0.00000000e+00 
 3.12643573e+03  2.01193871e-15  0.00000000e+00  1.70429793e-15  0.00000000e+00 
 3.19853049e+03  2.00737071e-15  0.00000000e+00  1.69269323e-15  0.00000000e+00 
 3.27228774e+03  2.00299658e-15  0.00000000e+00  1.68153038e-15  0.00000000e+00 
 3.34774581e+03  1.99880848e-15  0.00000000e+00  1.67079493e-15  0.00000000e+00 
 3.42494392e+03  1.99479883e-15  0.00000000e+00  1.66047266e-15  0.00000000e+00 
 3.50392221e+03  1.99096036e-15  0.00000000e+00  1.65054983e-15  0.00000000e+00 
 3.58472171e+03  1.98728605e-15  0.00000000e+00  1.64101285e-15  0.00000000e+00 
 3.66738442e+03  1.98376916e-15  0.00000000e+00  1.63184851e-15  0.00000000e+00 
 3.75195331e+03  1.98040318e-15  0.00000000e+00  1.62304397e-15  0.00000000e+00 
 3.83847234e+03  1.97718188e-15  0.00000000e+00  1.61458677e-15  0.00000000e+00 
 3.92698648e+03  1.97409925e-15  0.00000000e+00  1.60646460e-15  0.00000000e+00 
 4.01754173e+03  1.97114951e-15  0.00000000e+00  1.59866571e-15  0.00000000e+00 
 4.11018515e+03  1.96832712e-15  0.00000000e+00  1.59117846e-15  0.00000000e+00 
 4.20496491e+03  1.96562675e-15  0.00000000e+00  1.58399167e-15  0.00000000e+00 
 4.30193027e+03  1.96304326e-15  0.00000000e+00  1.57709443e-15  0.00000000e+00 
 4.40113162e+03  1.96057175e-15  0.00000000e+00  1.57047617e-15  0.00000000e+00 
 4.50262052e+03  1.95820748e-15  0.00000000e+00  1.56412654e-15  0.00000000e+00 
 4.60644974e+03  1.95594592e-15  0.00000000e+00  1.55803564e-15  0.00000000e+00 
 4.71267322e+03  1.95378272e-15  0.00000000e+00  1.55219372e-15  0.00000000e+00 
 4.82134619e+03  1.95171371e-15  0.00000000e+00  1.54659147e-15  0.00000000e+00 
 4.93252513e+03  1.94973487e-15  0.00000000e+00  1.54121978e-15  0.00000000e+00 
 5.04626783e+03  1.94784233e-15  0.00000000e+00  1.53606989e-15  0.00000000e+00 
 5.16263340e+03  1.94603244e-15  0.00000000e+00  1.53113323e-15  0.00000000e+00 
 5.28168234e+03  1.94430164e-15  0.00000000e+00  1.52640164e-15  0.00000000e+00 
 5.40347650e+03  1.94264654e-15  0.00000000e+00  1.52186710e-15  0.00000000e+00 
 5.52807921e+03  1.94106390e-15  0.00000000e+00  1.51752195e-15  0.00000000e+00 
 5.65555523e+03  1.93955059e-15  0.00000000e+00  1.51335875e-15  0.00000000e+00 
 5.78597080e+03  1.93810362e-15  0.00000000e+00  1.50937034e-15  0.00000000e+00 
 5.91939372e+03  1.93672015e-15  0.00000000e+00  1.50554976e-15  0.00000000e+00 
 6.05589334e+03  1.93539741e-15  0.00000000e+00  1.50189033e-15  0.00000000e+00 
 6.19554061e+03  1.93413278e-15  0.00000000e+00  1.49838563e-15  0.00000000e+00 
 6.33840810e+03  1.93292375e-15  0.00000000e+00  1.49502940e-15  0.00000000e+00 
 6.48457008e+03  1.93176790e-15  0.00000000e+00  1.49181569e-15  0.00000000e+00 
 6.63410251e+03  1.93066293e-15  0.00000000e+00  1.48873869e-15  0.00000000e+00 
 6.78708313e+03  1.92960661e-15  0.00000000e+00  1.48579287e-15  0.00000000e+00 
 6.94359143e+03  1.92859684e-15  0.00000000e+00  1.48297286e-15  0.00000000e+00 
 7.10370877e+03  1.92763158e-15  0.00000000e+00  1.48027349e-15  0.00000000e+00 
 7.26751838e+03  1.92670888e-15  0.00000000e+00  1.47768979e-15  0.00000000e+00 
 7.43510539e+03  1.92582691e-15  0.00000000e+00  1.47521702e-15  0.00000000e+00 
 7.60655691e+03  1.92498387e-15  0.00000000e+00  1.47285055e-15  0.00000000e+00 
 7.78196206e+03  1.92417806e-15  0.00000000e+00  1.47058599e-15  0.00000000e+00 
 7.96141200e+03  1.92340785e-15  0.00000000e+00  1.46841909e-15  0.00000000e+00 
 8.14500001e+03  1.92267168e-15  0.00000000e+00  1.46634577e-15  0.00000000e+00 
 8.33282151e+03  1.92196806e-15  0.00000000e+00  1.46436210e-15  0.00000000e+00 
 8.52497412e+03  1.92129556e-15  0.00000000e+00  1.46246431e-15  0.00000000e+00 
 8.72155772e+03  1.92065281e-15  0.00000000e+00  1.46064880e-15  0.00000000e+00 
 8.92267449e+03  1.92003852e-15  0.00000000e+00  1.45891209e-15  0.00000000e+00 
 9.12842895e+03  1.91945142e-15  0.00000000e+00  1.45725084e-15  0.00000000e+00 
 9.33892805e+03  1.91889031e-15  0.00000000e+00  1.45566186e-15  0.00000000e+00 
 9.55428121e+03  1.91835407e-15  0.00000000e+00  1.45414207e-15  0.00000000e+00 
 9.77460036e+03  1.91784159e-15  0.00000000e+00  1.45268853e-15  0.00000000e+00 
 1.00000000e+04  1.91735182e-15  0.00000000e+00  1.45129841e-15  0.00000000e+00 
 1.02305973e+04  1.91688376e-15  0.00000000e+00  1.44996900e-15  0.00000000e+00 
 1.04665121e+04  1.91643646e-15  0.00000000e+00  1.44869770e-15  0.00000000e+00 
 1.07078670e+04  1.91600900e-15  0.00000000e+00  1.44748201e-15  0.00000000e+00 
 1.09547876e+04  1.91560050e-15  0.00000000e+00  1.44631954e-15  0.00000000e+00 
 1.12074020e+04  1.91521013e-15  0.00000000e+00  1.44520802e-15  0.00000000e+00 
 1.14658417e+04  1.91483709e-15  0.00000000e+00  1.44414523e-15  0.00000000e+00 
 1.17302409e+04  1.91448060e-15  0.00000000e+00  1.44312908e-15  0.00000000e+00 
 1.20007371e+04  1.91413994e-15  0.00000000e+00  1.44215755e-15  0.00000000e+00 
 1.22774708e+04  1.91381441e-15  0.00000000e+00  1.44122871e-15  0.00000000e+00 
 1.25605860e+04  1.91350334e-15  0.00000000e+00  1.44034070e-15  0.00000000e+00 
 1.28502297e+04  1.91320608e-15  0.00000000e+00  1.43949176e-15  0.00000000e+00 
 1.31465525e+04  1.91292203e-15  0.00000000e+00  1.43868019e-15  0.00000000e+00 
 1.34497085e+04  1.91265060e-15  0.00000000e+00  1.43790436e-15  0.00000000e+00 
 1.37598551e+04  1.91239123e-15  0.00000000e+00  1.43716272e-15  0.00000000e+00 
 1.40771537e+04  1.91214339e-15  0.00000000e+00  1.43645377e-15  0.00000000e+00 
 1.44017690e+04  1.91190657e-15  0.00000000e+00  1.43577610e-15  0.00000000e+00 
 1.47338699e+04  1.91168028e-15  0.00000000e+00  1.43512833e-15  0.00000000e+00 
 1.50736290e+04  1.91146404e-15  0.00000000e+00  1.43450916e-15  0.00000000e+00 
 1.54212228e+04  1.91125743e-15  0.00000000e+00  1.43391733e-15  0.00000000e+00 
 1.57768320e+04  1.91106000e-15  0.00000000e+00  1.43335166e-15  0.00000000e+00 
 1.61406415e+04  1.91087135e-15  0.00000000e+00  1.43281099e-15  0.00000000e+00 
 1.65128404e+04  1.91069109e-15  0.00000000e+00  1.43229422e-15  0.00000000e+00 
 1.68936220e+04  1.91051885e-15  0.00000000e+00  1.43180031e-15  0.00000000e+00 
 1.72831844e+04  1.91035427e-15  0.00000000e+00  1.43132826e-15  0.00000000e+00 
 1.76817299e+04  1.91019702e-15  0.00000000e+00  1.43087710e-15  0.00000000e+00 
 1.80894658e+04  1.91004676e-15  0.00000000e+00  1.43044592e-15  0.00000000e+00 
 1.85066040e+04  1.90990319e-15  0.00000000e+00  1.43003384e-15  0.00000000e+00 
 1.89333613e+04  1.90976601e-15  0.00000000e+00  1.42964001e-15  0.00000000e+00 
 1.93699595e+04  1.90963493e-15  0.00000000e+00  1.42926363e-15  0.00000000e+00 
 1.98166255e+04  1.90950969e-15  0.00000000e+00  1.42890393e-15  0.00000000e+00 
 2.02735916e+04  1.90939002e-15  0.00000000e+00  1.42856019e-15  0.00000000e+00 
 2.07410951e+04  1.90927568e-15  0.00000000e+00  1.42823168e-15  0.00000000e+00 
 2.12193792e+04  1.90916643e-15  0.00000000e+00  1.42791775e-15  0.00000000e+00 
 2.17086923e+04  1.90906204e-15  0.00000000e+00  1.42761775e-15  0.00000000e+00 
 2.22092889e+04  1.90896230e-15  0.00000000e+00  1.42733105e-15  0.00000000e+00 
 2.27214291e+04  1.90886700e-15  0.00000000e+00  1.42705709e-15  0.00000000e+00 
 2.32453791e+04  1.90877594e-15  0.00000000e+00  1.42679528e-15  0.00000000e+00 
 2.37814113e+04  1.90868894e-15  0.00000000e+00  1.42654510e-15  0.00000000e+00 
 2.43298042e+04  1.90860582e-15  0.00000000e+00  1.42630603e-15  0.00000000e+00 
 2.48908429e+04  1.90852639e-15  0.00000000e+00  1.42607758e-15  0.00000000e+00 
 2.54648190e+04  1.90845050e-15  0.00000000e+00  1.42585927e-15  0.00000000e+00 
 2.60520309e+04  1.90837799e-15  0.00000000e+00  1.42565067e-15  0.00000000e+00 
 2.66527837e+04  1.90830871e-15  0.00000000e+00  1.42545133e-15  0.00000000e+00 
 2.72673897e+04  1.90824252e-15  0.00000000e+00  1.42526085e-15  0.00000000e+00 
 2.78961683e+04  1.90817927e-15  0.00000000e+00  1.42507884e-15  0.00000000e+00 
 2.85394464e+04  1.90811884e-15  0.00000000e+00  1.42490492e-15  0.00000000e+00 
 2.91975583e+04  1.90806111e-15  0.00000000e+00  1.42473873e-15  0.00000000e+00 
 2.98708461e+04  1.90800594e-15  0.00000000e+00  1.42457994e-15  0.00000000e+00 
 3.05596598e+04  1.90795323e-15  0.00000000e+00  1.42442820e-15  0.00000000e+00 
 3.12643573e+04  1.90790287e-15  0.00000000e+00  1.42428321e-15  0.00000000e+00 
 3.19853049e+04  1.90785476e-15  0.00000000e+00  1.42414467e-15  0.00000000e+00 
 3.27228774e+04  1.90780878e-15  0.00000000e+00  1.42401230e-15  0.00000000e+00 
 3.34774581e+04  1.90776486e-15  0.00000000e+00  1.42388581e-15  0.00000000e+00 
 3.42494392e+04  1.90772289e-15  0.00000000e+00  1.42376495e-15  0.00000000e+00 
 3.50392221e+04  1.90768279e-15  0.00000000e+00  1.42364946e-15  0.00000000e+00 
 3.58472171e+04  1.90764448e-15  0.00000000e+00  1.42353912e-15  0.00000000e+00 
 3.66738442e+04  1.90760787e-15  0.00000000e+00  1.42343368e-15  0.00000000e+00 
 3.75195331e+04  1.90757290e-15  0.00000000e+00  1.42333294e-15  0.00000000e+00 
 3.83847234e+04  1.90753948e-15  0.00000000e+00  1.42323669e-15  0.00000000e+00 
 3.92698648e+04  1.90750756e-15  0.00000000e+00  1.42314471e-15  0.00000000e+00 
 4.01754173e+04  1.90747705e-15  0.00000000e+00  1.42305683e-15  0.00000000e+00 
 4.11018515e+04  1.90744791e-15  0.00000000e+00  1.42297287e-15  0.00000000e+00 
 4.20496491e+04  1.90742006e-15  0.00000000e+00  1.42289264e-15  0.00000000e+00 
 4.30193027e+04  1.90739345e-15  0.00000000e+00  1.42281598e-15  0.00000000e+00 
 4.40113162e+04  1.90736803e-15  0.00000000e+00  1.42274274e-15  0.00000000e+00 
 4.50262052e+04  1.90734374e-15  0.00000000e+00  1.42267276e-15  0.00000000e+00 
 4.60644974e+04  1.90732054e-15  0.00000000e+00  1.42260589e-15  0.00000000e+00 
 4.71267322e+04  1.90729837e-15  0.00000000e+00  1.42254200e-15  0.00000000e+00 
 4.82134619e+04  1.90727718e-15  0.00000000e+00  1.42248096e-15  0.00000000e+00 
 4.93252513e+04  1.90725695e-15  0.00000000e+00  1.42242264e-15  0.00000000e+00 
 5.04626783e+04  1.90723761e-15  0.00000000e+00  1.42236691e-15  0.00000000e+00 
 5.16263340e+04  1.90721913e-15  0.00000000e+00  1.42231367e-15  0.00000000e+00 
 5.28168234e+04  1.90720148e-15  0.00000000e+00  1.42226279e-15  0.00000000e+00 
 5.40347650e+04  1.90718461e-15  0.00000000e+00  1.42221419e-15  0.00000000e+00 
 5.52807921e+04  1.90716850e-15  0.00000000e+00  1.42216775e-15  0.00000000e+00 
 5.65555523e+04  1.90715310e-15  0.00000000e+00  1.42212337e-15  0.00000000e+00 
 5.78597080e+04  1.90713839e-15  0.00000000e+00  1.42208098e-15  0.00000000e+00 
 5.91939372e+04  1.90712434e-15  0.00000000e+00  1.42204047e-15  0.00000000e+00 
 6.05589334e+04  1.90711091e-15  0.00000000e+00  1.42200177e-15  0.00000000e+00 
 6.19554061e+04  1.90709808e-15  0.00000000e+00  1.42196479e-15  0.00000000e+00 
 6.33840810e+04  1.90708582e-15  0.00000000e+00  1.42192946e-15  0.00000000e+00 
 6.48457008e+04  1.90707411e-15  0.00000000e+00  1.42189571e-15  0.00000000e+00 
 6.63410251e+04  1.90706292e-15  0.00000000e+00  1.42186346e-15  0.00000000e+00 
 6.78708313e+04  1.90705223e-15  0.00000000e+00  1.42183264e-15  0.00000000e+00 
 6.94359143e+04  1.90704202e-15  0.00000000e+00  1.42180320e-15  0.00000000e+00 
 7.10370877e+04  1.90703226e-15  0.00000000e+00  1.42177507e-15  0.00000000e+00 
 7.26751838e+04  1.90702293e-15  0.00000000e+00  1.42174820e-15  0.00000000e+00 
 7.43510539e+04  1.90701402e-15  0.00000000e+00  1.42172252e-15  0.00000000e+00 
 7.60655691e+04  1.90700551e-15  0.00000000e+00  1.42169798e-15  0.00000000e+00 
 7.78196206e+04  1.90699738e-15  0.00000000e+00  1.42167454e-15  0.00000000e+00 
 7.96141200e+04  1.90698961e-15  0.00000000e+00  1.42165215e-15  0.00000000e+00 
 8.14500001e+04  1.90698219e-15  0.00000000e+00  1.42163075e-15  0.00000000e+00 
 8.33282151e+04  1.90697509e-15  0.00000000e+00  1.42161031e-15  0.00000000e+00 
 8.52497412e+04  1.90696832e-15  0.00000000e+00  1.42159078e-15  0.00000000e+00 
 8.72155772e+04  1.90696184e-15  0.00000000e+00  1.42157211e-15  0.00000000e+00 
 8.92267449e+04  1.90695566e-15  0.00000000e+00  1.42155428e-15  0.00000000e+00 
 9.12842895e+04  1.90694975e-15  0.00000000e+00  1.42153725e-15  0.00000000e+00 
 9.33892805e+04  1.90694410e-15  0.00000000e+00  1.42152097e-15  0.00000000e+00 
 9.55428121e+04  1.90693870e-15  0.00000000e+00  1.42150542e-15  0.00000000e+00 
 9.77460036e+04  1.90693355e-15  0.00000000e+00  1.42149056e-15  0.00000000e+00 
 1.00000000e+05  1.90692862e-15  0.00000000e+00  1.42147637e-15  0.00000000e+00 
 1.02305973e+05  1.90692392e-15  0.00000000e+00  1.42146281e-15  0.00000000e+00 
 1.04665121e+05  1.90691942e-15  0.00000000e+00  1.42144985e-15  0.00000000e+00 
 1.07078670e+05  1.90691513e-15  0.00000000e+00  1.42143747e-15  0.00000000e+00 
 1.09547876e+05  1.90691102e-15  0.00000000e+00  1.42142564e-15  0.00000000e+00 
 1.12074020e+05  1.90690710e-15  0.00000000e+00  1.42141434e-15  0.00000000e+00 
 1.14658417e+05  1.90690335e-15  0.00000000e+00  1.42140354e-15  0.00000000e+00 
 1.17302409e+05  1.90689977e-15  0.00000000e+00  1.42139323e-15  0.00000000e+00 
 1.20007371e+05  1.90689635e-15  0.00000000e+00  1.42138337e-15  0.00000000e+00 
 1.22774708e+05  1.90689309e-15  0.00000000e+00  1.42137396e-15  0.00000000e+00 
 1.25605860e+05  1.90688997e-15  0.00000000e+00  1.42136496e-15  0.00000000e+00 
 1.28502297e+05  1.90688698e-15  0.00000000e+00  1.42135636e-15  0.00000000e+00 
 1.31465525e+05  1.90688413e-15  0.00000000e+00  1.42134815e-15  0.00000000e+00 
 1.34497085e+05  1.90688141e-15  0.00000000e+00  1.42134031e-15  0.00000000e+00 
 1.37598551e+05  1.90687881e-15  0.00000000e+00  1.42133281e-15  0.00000000e+00 
 1.40771537e+05  1.90687632e-15  0.00000000e+00  1.42132565e-15  0.00000000e+00 
 1.44017690e+05  1.90687395e-15  0.00000000e+00  1.42131880e-15  0.00000000e+00 
 1.47338699e+05  1.90687168e-15  0.00000000e+00  1.42131227e-15  0.00000000e+00 
 1.50736290e+05  1.90686951e-15  0.00000000e+00  1.42130602e-15  0.00000000e+00 
 1.54212228e+05  1.90686744e-15  0.00000000e+00  1.42130005e-15  0.00000000e+00 
 1.57768320e+05  1.90686546e-15  0.00000000e+00  1.42129435e-15  0.00000000e+00 
 1.61406415e+05  1.90686357e-15  0.00000000e+00  1.42128890e-15  0.00000000e+00 
 1.65128404e+05  1.90686176e-15  0.00000000e+00  1.42128370e-15  0.00000000e+00 
 1.68936220e+05  1.90686004e-15  0.00000000e+00  1.42127872e-15  0.00000000e+00 
 1.72831844e+05  1.90685839e-15  0.00000000e+00  1.42127397e-15  0.00000000e+00 
 1.76817299e+05  1.90685681e-15  0.00000000e+00  1.42126943e-15  0.00000000e+00 
 1.80894658e+05  1.90685531e-15  0.00000000e+00  1.42126510e-15  0.00000000e+00 
 1.85066040e+05  1.90685387e-15  0.00000000e+00  1.42126095e-15  0.00000000e+00 
 1.89333613e+05  1.90685250e-15  0.00000000e+00  1.42125699e-15  0.00000000e+00 
 1.93699595e+05  1.90685118e-15  0.00000000e+00  1.42125321e-15  0.00000000e+00 
 1.98166255e+05  1.90684993e-15  0.00000000e+00  1.42124960e-15  0.00000000e+00 
 2.02735916e+05  1.90684873e-15  0.00000000e+00  1.42124615e-15  0.00000000e+00 
 2.07410951e+05  1.90684759e-15  0.00000000e+00  1.42124285e-15  0.00000000e+00 
 2.12193792e+05  1.90684649e-15  0.00000000e+00  1.42123970e-15  0.00000000e+00 
 2.17086923e+05  1.90684545e-15  0.00000000e+00  1.42123668e-15  0.00000000e+00 
 2.22092889e+05  1.90684445e-15  0.00000000e+00  1.42123381e-15  0.00000000e+00 
 2.27214291e+05  1.90684349e-15  0.00000000e+00  1.42123106e-15  0.00000000e+00 
 2.32453791e+05  1.90684258e-15  0.00000000e+00  1.42122843e-15  0.00000000e+00 
 2.37814113e+05  1.90684171e-15  0.00000000e+00  1.42122592e-15  0.00000000e+00 
 2.43298042e+05  1.90684088e-15  0.00000000e+00  1.42122353e-15  0.00000000e+00 
 2.48908429e+05  1.90684008e-15  0.00000000e+00  1.42122124e-15  0.00000000e+00 
 2.54648190e+05  1.90683932e-15  0.00000000e+00  1.42121905e-15  0.00000000e+00 
 2.60520309e+05  1.90683860e-15  0.00000000e+00  1.42121696e-15  0.00000000e+00 
 2.66527837e+05  1.90683790e-15  0.00000000e+00  1.42121496e-15  0.00000000e+00 
 2.72673897e+05  1.90683724e-15  0.00000000e+00  1.42121305e-15  0.00000000e+00 
 2.78961683e+05  1.90683661e-15  0.00000000e+00  1.42121123e-15  0.00000000e+00 
 2.85394464e+05  1.90683600e-15  0.00000000e+00  1.42120948e-15  0.00000000e+00 
 2.91975583e+05  1.90683542e-15  0.00000000e+00  1.42120782e-15  0.00000000e+00 
 2.98708461e+05  1.90683487e-15  0.00000000e+00  1.42120623e-15  0.00000000e+00 
 3.05596598e+05  1.90683434e-15  0.00000000e+00  1.42120471e-15  0.00000000e+00 
 3.12643573e+05  1.90683384e-15  0.00000000e+00  1.42120326e-15  0.00000000e+00 
 3.19853049e+05  1.90683336e-15  0.00000000e+00  1.42120187e-15  0.00000000e+00 
 3.27228774e+05  1.90683290e-15  0.00000000e+00  1.42120055e-15  0.00000000e+00 
 3.34774581e+05  1.90683246e-15  0.00000000e+00  1.42119928e-15  0.00000000e+00 
 3.42494392e+05  1.90683204e-15  0.00000000e+00  1.42119807e-15  0.00000000e+00 
 3.50392221e+05  1.90683164e-15  0.00000000e+00  1.42119692e-15  0.00000000e+00 
 3.58472171e+05  1.90683125e-15  0.00000000e+00  1.42119581e-15  0.00000000e+00 
 3.66738442e+05  1.90683089e-15  0.00000000e+00  1.42119476e-15  0.00000000e+00 
 3.75195331e+05  1.90683053e-15  0.00000000e+00  1.42119375e-15  0.00000000e+00 
 3.83847234e+05  1.90683020e-15  0.00000000e+00  1.42119279e-15  0.00000000e+00 
 3.92698648e+05  1.90682988e-15  0.00000000e+00  1.42119187e-15  0.00000000e+00 
 4.01754173e+05  1.90682957e-15  0.00000000e+00  1.42119099e-15  0.00000000e+00 
 4.11018515e+05  1.90682928e-15  0.00000000e+00  1.42119015e-15  0.00000000e+00 
 4.20496491e+05  1.90682900e-15  0.00000000e+00  1.42118934e-15  0.00000000e+00 
 4.30193027e+05  1.90682874e-15  0.00000000e+00  1.42118858e-15  0.00000000e+00 
 4.40113162e+05  1.90682848e-15  0.00000000e+00  1.42118785e-15  0.00000000e+00 
 4.50262052e+05  1.90682824e-15  0.00000000e+00  1.42118715e-15  0.00000000e+00 
 4.60644974e+05  1.90682800e-15  0.00000000e+00  1.42118648e-15  0.00000000e+00 
 4.71267322e+05  1.90682778e-15  0.00000000e+00  1.42118584e-15  0.00000000e+00 
 4.82134619e+05  1.90682757e-15  0.00000000e+00  1.42118523e-15  0.00000000e+00 
 4.93252513e+05  1.90682736e-15  0.00000000e+00  1.42118464e-15  0.00000000e+00 
 5.04626783e+05  1.90682717e-15  0.00000000e+00  1.42118409e-15  0.00000000e+00 
 5.16263340e+05  1.90682698e-15  0.00000000e+00  1.42118356e-15  0.00000000e+00 
 5.28168234e+05  1.90682681e-15  0.00000000e+00  1.42118305e-15  0.00000000e+00 
 5.40347650e+05  1.90682664e-15  0.00000000e+00  1.42118256e-15  0.00000000e+00 
 5.52807921e+05  1.90682647e-15  0.00000000e+00  1.42118210e-15  0.00000000e+00 
 5.65555523e+05  1.90682632e-15  0.00000000e+00  1.42118165e-15  0.00000000e+00 
 5.78597080e+05  1.90682617e-15  0.00000000e+00  1.42118123e-15  0.00000000e+00 
 5.91939372e+05  1.90682603e-15  0.00000000e+00  1.42118083e-15  0.00000000e+00 
 6.05589334e+05  1.90682589e-15  0.00000000e+00  1.42118044e-15  0.00000000e+00 
 6.19554061e+05  1.90682576e-15  0.00000000e+00  1.42118007e-15  0.00000000e+00 
 6.33840810e+05  1.90682564e-15  0.00000000e+00  1.42117972e-15  0.00000000e+00 
 6.48457008e+05  1.90682552e-15  0.00000000e+00  1.42117938e-15  0.00000000e+00 
 6.63410251e+05  1.90682540e-15  0.00000000e+00  1.42117906e-15  0.00000000e+00 
 6.78708313e+05  1.90682530e-15  0.00000000e+00  1.42117875e-15  0.00000000e+00 
 6.94359143e+05  1.90682519e-15  0.00000000e+00  1.42117845e-15  0.00000000e+00 
 7.10370877e+05  1.90682509e-15  0.00000000e+00  1.42117817e-15  0.00000000e+00 
 7.26751838e+05  1.90682500e-15  0.00000000e+00  1.42117791e-15  0.00000000e+00 
 7.43510539e+05  1.90682490e-15  0.00000000e+00  1.42117765e-15  0.00000000e+00 
 7.60655691e+05  1.90682482e-15  0.00000000e+00  1.42117740e-15  0.00000000e+00 
 7.78196206e+05  1.90682473e-15  0.00000000e+00  1.42117717e-15  0.00000000e+00 
 7.96141200e+05  1.90682465e-15  0.00000000e+00  1.42117695e-15  0.00000000e+00 
 8.14500001e+05  1.90682458e-15  0.00000000e+00  1.42117673e-15  0.00000000e+00 
 8.33282151e+05  1.90682450e-15  0.00000000e+00  1.42117653e-15  0.00000000e+00 
 8.52497412e+05  1.90682443e-15  0.00000000e+00  1.42117633e-15  0.00000000e+00 
 8.72155772e+05  1.90682436e-15  0.00000000e+00  1.42117615e-15  0.00000000e+00 
 8.92267449e+05  1.90682430e-15  0.00000000e+00  1.42117597e-15  0.00000000e+00 
 9.12842895e+05  1.90682423e-15  0.00000000e+00  1.42117580e-15  0.00000000e+00 
 9.33892805e+05  1.90682417e-15  0.00000000e+00  1.42117564e-15  0.00000000e+00 
 9.55428121e+05  1.90682412e-15  0.00000000e+00  1.42117548e-15  0.00000000e+00 
 9.77460036e+05  1.90682406e-15  0.00000000e+00  1.42117533e-15  0.00000000e+00 
 1.00000000e+06  1.90682401e-15  0.00000000e+00  1.42117519e-15  0.00000000e+00 
 1.02305973e+06  1.90682396e-15  0.00000000e+00  1.42117506e-15  0.00000000e+00 
 1.04665121e+06  1.90682391e-15  0.00000000e+00  1.42117493e-15  0.00000000e+00 
 1.07078670e+06  1.90682386e-15  0.00000000e+00  1.42117481e-15  0.00000000e+00 
 1.09547876e+06  1.90682381e-15  0.00000000e+00  1.42117469e-15  0.00000000e+00 
 1.12074020e+06  1.90682377e-15  0.00000000e+00  1.42117458e-15  0.00000000e+00 
 1.14658417e+06  1.90682372e-15  0.00000000e+00  1.42117447e-15  0.00000000e+00 
 1.17302409e+06  1.90682368e-15  0.00000000e+00  1.42117437e-15  0.00000000e+00 
 1.20007371e+06  1.90682364e-15  0.00000000e+00  1.42117427e-15  0.00000000e+00 
 1.22774708e+06  1.90682360e-15  0.00000000e+00  1.42117417e-15  0.00000000e+00 
 1.25605860e+06  1.90682356e-15  0.00000000e+00  1.42117408e-15  0.00000000e+00 
 1.28502297e+06  1.90682353e-15  0.00000000e+00  1.42117400e-15  0.00000000e+00 
 1.31465525e+06  1.90682349e-15  0.00000000e+00  1.42117392e-15  0.00000000e+00 
 1.34497085e+06  1.90682346e-15  0.00000000e+00  1.42117384e-15  0.00000000e+00 
 1.37598551e+06  1.90682342e-15  0.00000000e+00  1.42117377e-15  0.00000000e+00 
 1.40771537e+06  1.90682339e-15  0.00000000e+00  1.42117370e-15  0.00000000e+00 
 1.44017690e+06  1.90682336e-15  0.00000000e+00  1.42117363e-15  0.00000000e+00 
 1.47338699e+06  1.90682332e-15  0.00000000e+00  1.42117356e-15  0.00000000e+00 
 1.50736290e+06  1.90682329e-15  0.00000000e+00  1.42117350e-15  0.00000000e+00 
 1.54212228e+06  1.90682326e-15  0.00000000e+00  1.42117344e-15  0.00000000e+00 
 1.57768320e+06  1.90682323e-15  0.00000000e+00  1.42117339e-15  0.00000000e+00 
 1.61406415e+06  1.90682320e-15  0.00000000e+00  1.42117333e-15  0.00000000e+00 
 1.65128404e+06  1.90682317e-15  0.00000000e+00  1.42117328e-15  0.00000000e+00 
 1.68936220e+06  1.90682314e-15  0.00000000e+00  1.42117324e-15  0.00000000e+00 
 1.72831844e+06  1.90682311e-15  0.00000000e+00  1.42117319e-15  0.00000000e+00 
 1.76817299e+06  1.90682308e-15  0.00000000e+00  1.42117314e-15  0.00000000e+00 
 1.80894658e+06  1.90682305e-15  0.00000000e+00  1.42117310e-15  0.00000000e+00 
 1.85066040e+06  1.90682302e-15  0.00000000e+00  1.42117306e-15  0.00000000e+00 
 1.89333613e+06  1.90682300e-15  0.00000000e+00  1.42117303e-15  0.00000000e+00 
 1.93699595e+06  1.90682297e-15  0.00000000e+00  1.42117299e-15  0.00000000e+00 
 1.98166255e+06  1.90682294e-15  0.00000000e+00  1.42117295e-15  0.00000000e+00 
 2.02735916e+06  1.90682291e-15  0.00000000e+00  1.42117292e-15  0.00000000e+00 
 2.07410951e+06  1.90682288e-15  0.00000000e+00  1.42117289e-15  0.00000000e+00 
 2.12193792e+06  1.90682285e-15  0.00000000e+00  1.42117286e-15  0.00000000e+00 
 2.17086923e+06  1.90682282e-15  0.00000000e+00  1.42117283e-15  0.00000000e+00 
 2.22092889e+06  1.90682278e-15  0.00000000e+00  1.42117281e-15  0.00000000e+00 
 2.27214291e+06  1.90682275e-15  0.00000000e+00  1.42117278e-15  0.00000000e+00 
 2.32453791e+06  1.90682272e-15  0.00000000e+00  1.42117276e-15  0.00000000e+00 
 2.37814113e+06  1.90682269e-15  0.00000000e+00  1.42117273e-15  0.00000000e+00 
 2.43298042e+06  1.90682265e-15  0.00000000e+00  1.42117271e-15  0.00000000e+00 
 2.48908429e+06  1.90682262e-15  0.00000000e+00  1.42117269e-15  0.00000000e+00 
 2.54648190e+06  1.90682258e-15  0.00000000e+00  1.42117267e-15  0.00000000e+00 
 2.60520309e+06  1.90682255e-15  0.00000000e+00  1.42117266e-15  0.00000000e+00 
 2.66527837e+06  1.90682251e-15  0.00000000e+00  1.42117264e-15  0.00000000e+00 
 2.72673897e+06  1.90682247e-15  0.00000000e+00  1.42117262e-15  0.00000000e+00 
 2.78961683e+06  1.90682243e-15  0.00000000e+00  1.42117261e-15  0.00000000e+00 
 2.85394464e+06  1.90682239e-15  0.00000000e+00  1.42117259e-15  0.00000000e+00 
 2.91975583e+06  1.90682235e-15  0.00000000e+00  1.42117258e-15  0.00000000e+00 
 2.98708461e+06  1.90682230e-15  0.00000000e+00  1.42117257e-15  0.00000000e+00 
 3.05596598e+06  1.90682226e-15  0.00000000e+00  1.42117256e-15  0.00000000e+00 
 3.12643573e+06  1.90682221e-15  0.00000000e+00  1.42117255e-15  0.00000000e+00 
 3.19853049e+06  1.90682216e-15  0.00000000e+00  1.42117254e-15  0.00000000e+00 
 3.27228774e+06  1.90682211e-15  0.00000000e+00  1.42117253e-15  0.00000000e+00 
 3.34774581e+06  1.90682206e-15  0.00000000e+00  1.42117252e-15  0.00000000e+00 
 3.42494392e+06  1.90682200e-15  0.00000000e+00  1.42117251e-15  0.00000000e+00 
 3.50392221e+06  1.90682195e-15  0.00000000e+00  1.42117251e-15  0.00000000e+00 
 3.58472171e+06  1.90682189e-15  0.00000000e+00  1.42117250e-15  0.00000000e+00 
 3.66738442e+06  1.90682182e-15  0.00000000e+00  1.42117250e-15  0.00000000e+00 
 3.75195331e+06  1.90682176e-15  0.00000000e+00  1.42117249e-15  0.00000000e+00 
 3.83847234e+06  1.90682169e-15  0.00000000e+00  1.42117249e-15  0.00000000e+00 
 3.92698648e+06  1.90682162e-15  0.00000000e+00  1.42117249e-15  0.00000000e+00 
 4.01754173e+06  1.90682155e-15  0.00000000e+00  1.42117249e-15  0.00000000e+00 
 4.11018515e+06  1.90682147e-15  0.00000000e+00  1.42117248e-15  0.00000000e+00 
 4.20496491e+06  1.90682140e-15  0.00000000e+00  1.42117248e-15  0.00000000e+00 
 4.30193027e+06  1.90682131e-15  0.00000000e+00  1.42117248e-15  0.00000000e+00 
 4.40113162e+06  1.90682123e-15  0.00000000e+00  1.42117249e-15  0.00000000e+00 
 4.50262052e+06  1.90682114e-15  0.00000000e+00  1.42117249e-15  0.00000000e+00 
 4.60644974e+06  1.90682104e-15  0.00000000e+00  1.42117249e-15  0.00000000e+00 
 4.71267322e+06  1.90682095e-15  0.00000000e+00  1.42117249e-15  0.00000000e+00 
 4.82134619e+06  1.90682084e-15  0.00000000e+00  1.42117250e-15  0.00000000e+00 
 4.93252513e+06  1.90682074e-15  0.00000000e+00  1.42117250e-15  0.00000000e+00 
 5.04626783e+06  1.90682062e-15  0.00000000e+00  1.42117251e-15  0.00000000e+00 
 5.16263340e+06  1.90682051e-15  0.00000000e+00  1.42117251e-15  0.00000000e+00 
 5.28168234e+06  1.90682039e-15  0.00000000e+00  1.42117252e-15  0.00000000e+00 
 5.40347650e+06  1.90682026e-15  0.00000000e+00  1.42117253e-15  0.00000000e+00 
 5.52807921e+06  1.90682012e-15  0.00000000e+00  1.42117254e-15  0.00000000e+00 
 5.65555523e+06  1.90681999e-15  0.00000000e+00  1.42117255e-15  0.00000000e+00 
 5.78597080e+06  1.90681984e-15  0.00000000e+00  1.42117256e-15  0.00000000e+00 
 5.91939372e+06  1.90681969e-15  0.00000000e+00  1.42117257e-15  0.00000000e+00 
 6.05589334e+06  1.90681953e-15  0.00000000e+00  1.42117258e-15  0.00000000e+00 
 6.19554061e+06  1.90681936e-15  0.00000000e+00  1.42117259e-15  0.00000000e+00 
 6.33840810e+06  1.90681919e-15  0.00000000e+00  1.42117260e-15  0.00000000e+00 
 6.48457008e+06  1.90681900e-15  0.00000000e+00  1.42117262e-15  0.00000000e+00 
 6.63410251e+06  1.90681881e-15  0.00000000e+00  1.42117263e-15  0.00000000e+00 
 6.78708313e+06  1.90681861e-15  0.00000000e+00  1.42117265e-15  0.00000000e+00 
 6.94359143e+06  1.90681841e-15  0.00000000e+00  1.42117267e-15  0.00000000e+00 
 7.10370877e+06  1.90681819e-15  0.00000000e+00  1.42117269e-15  0.00000000e+00 
 7.26751838e+06  1.90681796e-15  0.00000000e+00  1.42117271e-15  0.00000000e+00 
 7.43510539e+06  1.90681772e-15  0.00000000e+00  1.42117273e-15  0.00000000e+00 
 7.60655691e+06  1.90681747e-15  0.00000000e+00  1.42117275e-15  0.00000000e+00 
 7.78196206e+06  1.90681721e-15  0.00000000e+00  1.42117277e-15  0.00000000e+00 
 7.96141200e+06  1.90681693e-15  0.00000000e+00  1.42117280e-15  0.00000000e+00 
 8.14500001e+06  1.90681665e-15  0.00000000e+00  1.42117283e-15  0.00000000e+00 
 8.33282151e+06  1.90681635e-15  0.00000000e+00  1.42117285e-15  0.00000000e+00 
 8.52497412e+06  1.90681604e-15  0.00000000e+00  1.42117288e-15  0.00000000e+00 
 8.72155772e+06  1.90681571e-15  0.00000000e+00  1.42117291e-15  0.00000000e+00 
 8.92267449e+06  1.90681536e-15  0.00000000e+00  1.42117295e-15  0.00000000e+00 
 9.12842895e+06  1.90681501e-15  0.00000000e+00  1.42117298e-15  0.00000000e+00 
 9.33892805e+06  1.90681463e-15  0.00000000e+00  1.42117302e-15  0.00000000e+00 
 9.55428121e+06  1.90681424e-15  0.00000000e+00  1.42117305e-15  0.00000000e+00 
 9.77460036e+06  1.90681383e-15  0.00000000e+00  1.42117309e-15  0.00000000e+00 
 1.00000000e+07  1.90681340e-15  0.00000000e+00  1.42117313e-15  0.00000000e+00 
 1.02305973e+07  1.90681295e-15  0.00000000e+00  1.42117318e-15  0.00000000e+00 
 1.04665121e+07  1.90681247e-15  0.00000000e+00  1.42117322e-15  0.00000000e+00 
 1.07078670e+07  1.90681198e-15  0.00000000e+00  1.42117327e-15  0.00000000e+00 
 1.09547876e+07  1.90681147e-15  0.00000000e+00  1.42117332e-15  0.00000000e+00 
 1.12074020e+07  1.90681093e-15  0.00000000e+00  1.42117337e-15  0.00000000e+00 
 1.14658417e+07  1.90681036e-15  0.00000000e+00  1.42117343e-15  0.00000000e+00 
 1.17302409e+07  1.90680977e-15  0.00000000e+00  1.42117349e-15  0.00000000e+00 
 1.20007371e+07  1.90680915e-15  0.00000000e+00  1.42117355e-15  0.00000000e+00 
 1.22774708e+07  1.90680851e-15  0.00000000e+00  1.42117361e-15  0.00000000e+00 
 1.25605860e+07  1.90680783e-15  0.00000000e+00  1.42117368e-15  0.00000000e+00 
 1.28502297e+07  1.90680712e-15  0.00000000e+00  1.42117374e-15  0.00000000e+00 
 1.31465525e+07  1.90680638e-15  0.00000000e+00  1.42117382e-15  0.00000000e+00 
 1.34497085e+07  1.90680561e-15  0.00000000e+00  1.42117389e-15  0.00000000e+00 
 1.37598551e+07  1.90680480e-15  0.00000000e+00  1.42117397e-15  0.00000000e+00 
 1.40771537e+07  1.90680395e-15  0.00000000e+00  1.42117406e-15  0.00000000e+00 
 1.44017690e+07  1.90680307e-15  0.00000000e+00  1.42117414e-15  0.00000000e+00 
 1.47338699e+07  1.90680214e-15  0.00000000e+00  1.42117424e-15  0.00000000e+00 
 1.50736290e+07  1.90680117e-15  0.00000000e+00  1.42117433e-15  0.00000000e+00 
 1.54212228e+07  1.90680015e-15  0.00000000e+00  1.42117443e-15  0.00000000e+00 
 1.57768320e+07  1.90679909e-15  0.00000000e+00  1.42117454e-15  0.00000000e+00 
 1.61406415e+07  1.90679798e-15  0.00000000e+00  1.42117465e-15  0.00000000e+00 
 1.65128404e+07  1.90679682e-15  0.00000000e+00  1.42117476e-15  0.00000000e+00 
 1.68936220e+07  1.90679560e-15  0.00000000e+00  1.42117488e-15  0.00000000e+00 
 1.72831844e+07  1.90679433e-15  0.00000000e+00  1.42117501e-15  0.00000000e+00 
 1.76817299e+07  1.90679300e-15  0.00000000e+00  1.42117514e-15  0.00000000e+00 
 1.80894658e+07  1.90679161e-15  0.00000000e+00  1.42117528e-15  0.00000000e+00 
 1.85066040e+07  1.90679016e-15  0.00000000e+00  1.42117542e-15  0.00000000e+00 
 1.89333613e+07  1.90678864e-15  0.00000000e+00  1.42117557e-15  0.00000000e+00 
 1.93699595e+07  1.90678705e-15  0.00000000e+00  1.42117573e-15  0.00000000e+00 
 1.98166255e+07  1.90678538e-15  0.00000000e+00  1.42117590e-15  0.00000000e+00 
 2.02735916e+07  1.90678364e-15  0.00000000e+00  1.42117607e-15  0.00000000e+00 
 2.07410951e+07  1.90678183e-15  0.00000000e+00  1.42117625e-15  0.00000000e+00 
 2.12193792e+07  1.90677992e-15  0.00000000e+00  1.42117644e-15  0.00000000e+00 
 2.17086923e+07  1.90677794e-15  0.00000000e+00  1.42117664e-15  0.00000000e+00 
 2.22092889e+07  1.90677586e-15  0.00000000e+00  1.42117684e-15  0.00000000e+00 
 2.27214291e+07  1.90677368e-15  0.00000000e+00  1.42117706e-15  0.00000000e+00 
 2.32453791e+07  1.90677141e-15  0.00000000e+00  1.42117728e-15  0.00000000e+00 
 2.37814113e+07  1.90676904e-15  0.00000000e+00  1.42117752e-15  0.00000000e+00 
 2.43298042e+07  1.90676655e-15  0.00000000e+00  1.42117777e-15  0.00000000e+00 
 2.48908429e+07  1.90676396e-15  0.00000000e+00  1.42117802e-15  0.00000000e+00 
 2.54648190e+07  1.90676125e-15  0.00000000e+00  1.42117829e-15  0.00000000e+00 
 2.60520309e+07  1.90675841e-15  0.00000000e+00  1.42117858e-15  0.00000000e+00 
 2.66527837e+07  1.90675545e-15  0.00000000e+00  1.42117887e-15  0.00000000e+00 
 2.72673897e+07  1.90675235e-15  0.00000000e+00  1.42117918e-15  0.00000000e+00 
 2.78961683e+07  1.90674912e-15  0.00000000e+00  1.42117950e-15  0.00000000e+00 
 2.85394464e+07  1.90674574e-15  0.00000000e+00  1.42117983e-15  0.00000000e+00 
 2.91975583e+07  1.90674221e-15  0.00000000e+00  1.42118019e-15  0.00000000e+00 
 2.98708461e+07  1.90673852e-15  0.00000000e+00  1.42118055e-15  0.00000000e+00 
 3.05596598e+07  1.90673467e-15  0.00000000e+00  1.42118094e-15  0.00000000e+00 
 3.12643573e+07  1.90673065e-15  0.00000000e+00  1.42118134e-15  0.00000000e+00 
 3.19853049e+07  1.90672645e-15  0.00000000e+00  1.42118175e-15  0.00000000e+00 
 3.27228774e+07  1.90672206e-15  0.00000000e+00  1.42118219e-15  0.00000000e+00 
 3.34774581e+07  1.90671748e-15  0.00000000e+00  1.42118264e-15  0.00000000e+00 
 3.42494392e+07  1.90671269e-15  0.00000000e+00  1.42118312e-15  0.00000000e+00 
 3.50392221e+07  1.90670770e-15  0.00000000e+00  1.42118362e-15  0.00000000e+00 
 3.58472171e+07  1.90670249e-15  0.00000000e+00  1.42118413e-15  0.00000000e+00 
 3.66738442e+07  1.90669705e-15  0.00000000e+00  1.42118468e-15  0.00000000e+00 
 3.75195331e+07  1.90669137e-15  0.00000000e+00  1.42118524e-15  0.00000000e+00 
 3.83847234e+07  1.90668545e-15  0.00000000e+00  1.42118583e-15  0.00000000e+00 
 3.92698648e+07  1.90667927e-15  0.00000000e+00  1.42118644e-15  0.00000000e+00 
 4.01754173e+07  1.90667283e-15  0.00000000e+00  1.42118708e-15  0.00000000e+00 
 4.11018515e+07  1.90666611e-15  0.00000000e+00  1.42118775e-15  0.00000000e+00 
 4.20496491e+07  1.90665910e-15  0.00000000e+00  1.42118845e-15  0.00000000e+00 
 4.30193027e+07  1.90665180e-15  0.00000000e+00  1.42118918e-15  0.00000000e+00 
 4.40113162e+07  1.90664418e-15  0.00000000e+00  1.42118993e-15  0.00000000e+00 
 4.50262052e+07  1.90663625e-15  0.00000000e+00  1.42119072e-15  0.00000000e+00 
 4.60644974e+07  1.90662798e-15  0.00000000e+00  1.42119154e-15  0.00000000e+00 
 4.71267322e+07  1.90661936e-15  0.00000000e+00  1.42119240e-15  0.00000000e+00 
 4.82134619e+07  1.90661039e-15  0.00000000e+00  1.42119329e-15  0.00000000e+00 
 4.93252513e+07  1.90660104e-15  0.00000000e+00  1.42119422e-15  0.00000000e+00 
 5.04626783e+07  1.90659131e-15  0.00000000e+00  1.42119519e-15  0.00000000e+00 
 5.16263340e+07  1.90658118e-15  0.00000000e+00  1.42119620e-15  0.00000000e+00 
 5.28168234e+07  1.90657065e-15  0.00000000e+00  1.42119725e-15  0.00000000e+00 
 5.40347650e+07  1.90655968e-15  0.00000000e+00  1.42119834e-15  0.00000000e+00 
 5.52807921e+07  1.90654828e-15  0.00000000e+00  1.42119947e-15  0.00000000e+00 
 5.65555523e+07  1.90653642e-15  0.00000000e+00  1.42120065e-15  0.00000000e+00 
 5.78597080e+07  1.90652410e-15  0.00000000e+00  1.42120187e-15  0.00000000e+00 
 5.91939372e+07  1.90651129e-15  0.00000000e+00  1.42120315e-15  0.00000000e+00 
 6.05589334e+07  1.90649798e-15  0.00000000e+00  1.42120447e-15  0.00000000e+00 
 6.19554061e+07  1.90648416e-15  0.00000000e+00  1.42120585e-15  0.00000000e+00 
 6.33840810e+07  1.90646981e-15  0.00000000e+00  1.42120727e-15  0.00000000e+00 
 6.48457008e+07  1.90645492e-15  0.00000000e+00  1.42120875e-15  0.00000000e+00 
 6.63410251e+07  1.90643947e-15  0.00000000e+00  1.42121029e-15  0.00000000e+00 
 6.78708313e+07  1.90642344e-15  0.00000000e+00  1.42121188e-15  0.00000000e+00 
 6.94359143e+07  1.90640683e-15  0.00000000e+00  1.42121354e-15  0.00000000e+00 
 7.10370877e+07  1.90638961e-15  0.00000000e+00  1.42121525e-15  0.00000000e+00 
 7.26751838e+07  1.90637178e-15  0.00000000e+00  1.42121702e-15  0.00000000e+00 
 7.43510539e+07  1.90635331e-15  0.00000000e+00  1.42121886e-15  0.00000000e+00 
 7.60655691e+07  1.90633420e-15  0.00000000e+00  1.42122076e-15  0.00000000e+00 
 7.78196206e+07  1.90631443e-15  0.00000000e+00  1.42122272e-15  0.00000000e+00 
 7.96141200e+07  1.90629398e-15  0.00000000e+00  1.42122476e-15  0.00000000e+00 
 8.14500001e+07  1.90627285e-15  0.00000000e+00  1.42122686e-15  0.00000000e+00 
 8.33282151e+07  1.90625103e-15  0.00000000e+00  1.42122903e-15  0.00000000e+00 
 8.52497412e+07  1.90622849e-15  0.00000000e+00  1.42123127e-15  0.00000000e+00 
 8.72155772e+07  1.90620523e-15  0.00000000e+00  1.42123358e-15  0.00000000e+00 
 8.92267449e+07  1.90618125e-15  0.00000000e+00  1.42123597e-15  0.00000000e+00 
 9.12842895e+07  1.90615653e-15  0.00000000e+00  1.42123843e-15  0.00000000e+00 
 9.33892805e+07  1.90613106e-15  0.00000000e+00  1.42124096e-15  0.00000000e+00 
 9.55428121e+07  1.90610484e-15  0.00000000e+00  1.42124357e-15  0.00000000e+00 
 9.77460036e+07  1.90607787e-15  0.00000000e+00  1.42124625e-15  0.00000000e+00 
 1.00000000e+08  1.90605013e-15  0.00000000e+00  1.42124901e-15  0.00000000e+00 
 1.02305973e+08  1.90602163e-15  0.00000000e+00  1.42125184e-15  0.00000000e+00 
 1.04665121e+08  1.90599237e-15  0.00000000e+00  1.42125475e-15  0.00000000e+00 
 1.07078670e+08  1.90596234e-15  0.00000000e+00  1.42125774e-15  0.00000000e+00 
 1.09547876e+08  1.90593155e-15  0.00000000e+00  1.42126080e-15  0.00000000e+00 
 1.12074020e+08  1.90590000e-15  0.00000000e+00  1.42126394e-15  0.00000000e+00 
 1.14658417e+08  1.90586769e-15  0.00000000e+00  1.42126715e-15  0.00000000e+00 
 1.17302409e+08  1.90583465e-15  0.00000000e+00  1.42127043e-15  0.00000000e+00 
 1.20007371e+08  1.90580086e-15  0.00000000e+00  1.42127379e-15  0.00000000e+00 
 1.22774708e+08  1.90576635e-15  0.00000000e+00  1.42127722e-15  0.00000000e+00 
 1.25605860e+08  1.90573113e-15  0.00000000e+00  1.42128073e-15  0.00000000e+00 
 1.28502297e+08  1.90569522e-15  0.00000000e+00  1.42128430e-15  0.00000000e+00 
 1.31465525e+08  1.90565863e-15  0.00000000e+00  1.42128794e-15  0.00000000e+00 
 1.34497085e+08  1.90562138e-15  0.00000000e+00  1.42129164e-15  0.00000000e+00 
 1.37598551e+08  1.90558349e-15  0.00000000e+00  1.42129541e-15  0.00000000e+00 
 1.40771537e+08  1.90554499e-15  0.00000000e+00  1.42129924e-15  0.00000000e+00 
 1.44017690e+08  1.90550590e-15  0.00000000e+00  1.42130312e-15  0.00000000e+00 
 1.47338699e+08  1.90546626e-15  0.00000000e+00  1.42130707e-15  0.00000000e+00 
 1.50736290e+08  1.90542609e-15  0.00000000e+00  1.42131106e-15  0.00000000e+00 
 1.54212228e+08  1.90538542e-15  0.00000000e+00  1.42131511e-15  0.00000000e+00 
 1.57768320e+08  1.90534429e-15  0.00000000e+00  1.42131920e-15  0.00000000e+00 
 1.61406415e+08  1.90530273e-15  0.00000000e+00  1.42132333e-15  0.00000000e+00 
 1.65128404e+08  1.90526078e-15  0.00000000e+00  1.42132750e-15  0.00000000e+00 
 1.68936220e+08  1.90521848e-15  0.00000000e+00  1.42133171e-15  0.00000000e+00 
 1.72831844e+08  1.90517586e-15  0.00000000e+00  1.42133595e-15  0.00000000e+00 
 1.76817299e+08  1.90513298e-15  0.00000000e+00  1.42134021e-15  0.00000000e+00 
 1.80894658e+08  1.90508987e-15  0.00000000e+00  1.42134450e-15  0.00000000e+00 
 1.85066040e+08  1.90504657e-15  0.00000000e+00  1.42134881e-15  0.00000000e+00 
 1.89333613e+08  1.90500314e-15  0.00000000e+00  1.42135313e-15  0.00000000e+00 
 1.93699595e+08  1.90495961e-15  0.00000000e+00  1.42135746e-15  0.00000000e+00 
 1.98166255e+08  1.90491602e-15  0.00000000e+00  1.42136180e-15  0.00000000e+00 
 2.02735916e+08  1.90487243e-15  0.00000000e+00  1.42136613e-15  0.00000000e+00 
 2.07410951e+08  1.90482888e-15  0.00000000e+00  1.42137047e-15  0.00000000e+00 
 2.12193792e+08  1.90478542e-15  0.00000000e+00  1.42137479e-15  0.00000000e+00 
 2.17086923e+08  1.90474208e-15  0.00000000e+00  1.42137910e-15  0.00000000e+00 
 2.22092889e+08  1.90469892e-15  0.00000000e+00  1.42138340e-15  0.00000000e+00 
 2.27214291e+08  1.90465597e-15  0.00000000e+00  1.42138767e-15  0.00000000e+00 
 2.32453791e+08  1.90461329e-15  0.00000000e+00  1.42139192e-15  0.00000000e+00 
 2.37814113e+08  1.90457090e-15  0.00000000e+00  1.42139614e-15  0.00000000e+00 
 2.43298042e+08  1.90452885e-15  0.00000000e+00  1.42140033e-15  0.00000000e+00 
 2.48908429e+08  1.90448719e-15  0.00000000e+00  1.42140448e-15  0.00000000e+00 
 2.54648190e+08  1.90444594e-15  0.00000000e+00  1.42140859e-15  0.00000000e+00 
 2.60520309e+08  1.90440514e-15  0.00000000e+00  1.42141265e-15  0.00000000e+00 
 2.66527837e+08  1.90436484e-15  0.00000000e+00  1.42141667e-15  0.00000000e+00 
 2.72673897e+08  1.90432505e-15  0.00000000e+00  1.42142063e-15  0.00000000e+00 
 2.78961683e+08  1.90428581e-15  0.00000000e+00  1.42142454e-15  0.00000000e+00 
 2.85394464e+08  1.90424715e-15  0.00000000e+00  1.42142840e-15  0.00000000e+00 
 2.91975583e+08  1.90420909e-15  0.00000000e+00  1.42143219e-15  0.00000000e+00 
 2.98708461e+08  1.90417166e-15  0.00000000e+00  1.42143593e-15  0.00000000e+00 
 3.05596598e+08  1.90413488e-15  0.00000000e+00  1.42143960e-15  0.00000000e+00 
 3.12643573e+08  1.90409878e-15  0.00000000e+00  1.42144320e-15  0.00000000e+00 
 3.19853049e+08  1.90406336e-15  0.00000000e+00  1.42144674e-15  0.00000000e+00 
 3.27228774e+08  1.90402865e-15  0.00000000e+00  1.42145021e-15  0.00000000e+00 
 3.34774581e+08  1.90399466e-15  0.00000000e+00  1.42145360e-15  0.00000000e+00 
 3.42494392e+08  1.90396139e-15  0.00000000e+00  1.42145693e-15  0.00000000e+00 
 3.50392221e+08  1.90392887e-15  0.00000000e+00  1.42146018e-15  0.00000000e+00 
 3.58472171e+08  1.90389710e-15  0.00000000e+00  1.42146336e-15  0.00000000e+00 
 3.66738442e+08  1.90386608e-15  0.00000000e+00  1.42146647e-15  0.00000000e+00 
 3.75195331e+08  1.90383581e-15  0.00000000e+00  1.42146950e-15  0.00000000e+00 
 3.83847234e+08  1.90380631e-15  0.00000000e+00  1.42147246e-15  0.00000000e+00 
 3.92698648e+08  1.90377757e-15  0.00000000e+00  1.42147535e-15  0.00000000e+00 
 4.01754173e+08  1.90374959e-15  0.00000000e+00  1.42147816e-15  0.00000000e+00 
 4.11018515e+08  1.90372236e-15  0.00000000e+00  1.42148089e-15  0.00000000e+00 
 4.20496491e+08  1.90369589e-15  0.00000000e+00  1.42148356e-15  0.00000000e+00 
 4.30193027e+08  1.90367017e-15  0.00000000e+00  1.42148615e-15  0.00000000e+00 
 4.40113162e+08  1.90364519e-15  0.00000000e+00  1.42148867e-15  0.00000000e+00 
 4.50262052e+08  1.90362094e-15  0.00000000e+00  1.42149112e-15  0.00000000e+00 
 4.60644974e+08  1.90359742e-15  0.00000000e+00  1.42149350e-15  0.00000000e+00 
 4.71267322e+08  1.90357461e-15  0.00000000e+00  1.42149580e-15  0.00000000e+00 
 4.82134619e+08  1.90355251e-15  0.00000000e+00  1.42149805e-15  0.00000000e+00 
 4.93252513e+08  1.90353111e-15  0.00000000e+00  1.42150022e-15  0.00000000e+00 
 5.04626783e+08  1.90351038e-15  0.00000000e+00  1.42150233e-15  0.00000000e+00 
 5.16263340e+08  1.90349033e-15  0.00000000e+00  1.42150438e-15  0.00000000e+00 
 5.28168234e+08  1.90347093e-15  0.00000000e+00  1.42150636e-15  0.00000000e+00 
 5.40347650e+08  1.90345217e-15  0.00000000e+00  1.42150828e-15  0.00000000e+00 
 5.52807921e+08  1.90343404e-15  0.00000000e+00  1.42151015e-15  0.00000000e+00 
 5.65555523e+08  1.90341652e-15  0.00000000e+00  1.42151195e-15  0.00000000e+00 
 5.78597080e+08  1.90339960e-15  0.00000000e+00  1.42151370e-15  0.00000000e+00 
 5.91939372e+08  1.90338327e-15  0.00000000e+00  1.42151540e-15  0.00000000e+00 
 6.05589334e+08  1.90336750e-15  0.00000000e+00  1.42151704e-15  0.00000000e+00 
 6.19554061e+08  1.90335228e-15  0.00000000e+00  1.42151863e-15  0.00000000e+00 
 6.33840810e+08  1.90333760e-15  0.00000000e+00  1.42152017e-15  0.00000000e+00 
 6.48457008e+08  1.90332345e-15  0.00000000e+00  1.42152166e-15  0.00000000e+00 
 6.63410251e+08  1.90330979e-15  0.00000000e+00  1.42152311e-15  0.00000000e+00 
 6.78708313e+08  1.90329663e-15  0.00000000e+00  1.42152451e-15  0.00000000e+00 
 6.94359143e+08  1.90328395e-15  0.00000000e+00  1.42152587e-15  0.00000000e+00 
 7.10370877e+08  1.90327172e-15  0.00000000e+00  1.42152719e-15  0.00000000e+00 
 7.26751838e+08  1.90325994e-15  0.00000000e+00  1.42152847e-15  0.00000000e+00 
 7.43510539e+08  1.90324858e-15  0.00000000e+00  1.42152972e-15  0.00000000e+00 
 7.60655691e+08  1.90323765e-15  0.00000000e+00  1.42153092e-15  0.00000000e+00 
 7.78196206e+08  1.90322711e-15  0.00000000e+00  1.42153210e-15  0.00000000e+00 
 7.96141200e+08  1.90321695e-15  0.00000000e+00  1.42153324e-15  0.00000000e+00 
 8.14500001e+08  1.90320717e-15  0.00000000e+00  1.42153435e-15  0.00000000e+00 
 8.33282151e+08  1.90319775e-15  0.00000000e+00  1.42153543e-15  0.00000000e+00 
 8.52497412e+08  1.90318867e-15  0.00000000e+00  1.42153649e-15  0.00000000e+00 
 8.72155772e+08  1.90317992e-15  0.00000000e+00  1.42153751e-15  0.00000000e+00 
 8.92267449e+08  1.90317148e-15  0.00000000e+00  1.42153852e-15  0.00000000e+00 
 9.12842895e+08  1.90316335e-15  0.00000000e+00  1.42153950e-15  0.00000000e+00 
 9.33892805e+08  1.90315551e-15  0.00000000e+00  1.42154046e-15  0.00000000e+00 
 9.55428121e+08  1.90314795e-15  0.00000000e+00  1.42154141e-15  0.00000000e+00 
 9.77460036e+08  1.90314066e-15  0.00000000e+00  1.42154233e-15  0.00000000e+00 
 1.00000000e+09  1.90313362e-15  0.00000000e+00  1.42154324e-15  0.00000000e+00 
