 v-sweep         v(vinp)         v(voutp)       
 0.00000000e+00  0.00000000e+00  3.45443427e-02 
 1.00000000e-03  1.00000000e-03  3.45456571e-02 
 2.00000000e-03  2.00000000e-03  3.45456976e-02 
 3.00000000e-03  3.00000000e-03  3.45468061e-02 
 4.00000000e-03  4.00000000e-03  3.45468464e-02 
 5.00000000e-03  5.00000000e-03  3.45473978e-02 
 6.00000000e-03  6.00000000e-03  3.45478696e-02 
 7.00000000e-03  7.00000000e-03  3.45485705e-02 
 8.00000000e-03  8.00000000e-03  3.45492293e-02 
 9.00000000e-03  9.00000000e-03  3.45497528e-02 
 1.00000000e-02  1.00000000e-02  3.45501998e-02 
 1.10000000e-02  1.10000000e-02  3.45515821e-02 
 1.20000000e-02  1.20000000e-02  3.45517914e-02 
 1.30000000e-02  1.30000000e-02  3.45523147e-02 
 1.40000000e-02  1.40000000e-02  3.45538820e-02 
 1.50000000e-02  1.50000000e-02  3.45536679e-02 
 1.60000000e-02  1.60000000e-02  3.45553051e-02 
 1.70000000e-02  1.70000000e-02  3.45554883e-02 
 1.80000000e-02  1.80000000e-02  3.45566751e-02 
 1.90000000e-02  1.90000000e-02  3.45578137e-02 
 2.00000000e-02  2.00000000e-02  3.45584715e-02 
 2.10000000e-02  2.10000000e-02  3.45590454e-02 
 2.20000000e-02  2.20000000e-02  3.45609807e-02 
 2.30000000e-02  2.30000000e-02  3.45611109e-02 
 2.40000000e-02  2.40000000e-02  3.45623264e-02 
 2.50000000e-02  2.50000000e-02  3.45635149e-02 
 2.60000000e-02  2.60000000e-02  3.45644857e-02 
 2.70000000e-02  2.70000000e-02  3.45660290e-02 
 2.80000000e-02  2.80000000e-02  3.45668860e-02 
 2.90000000e-02  2.90000000e-02  3.45680070e-02 
 3.00000000e-02  3.00000000e-02  3.45691090e-02 
 3.10000000e-02  3.10000000e-02  3.45712319e-02 
 3.20000000e-02  3.20000000e-02  3.45714675e-02 
 3.30000000e-02  3.30000000e-02  3.45736978e-02 
 3.40000000e-02  3.40000000e-02  3.45742788e-02 
 3.50000000e-02  3.50000000e-02  3.45771299e-02 
 3.60000000e-02  3.60000000e-02  3.45775783e-02 
 3.70000000e-02  3.70000000e-02  3.45801869e-02 
 3.80000000e-02  3.80000000e-02  3.45811616e-02 
 3.90000000e-02  3.90000000e-02  3.45827411e-02 
 4.00000000e-02  4.00000000e-02  3.45850049e-02 
 4.10000000e-02  4.10000000e-02  3.45866641e-02 
 4.20000000e-02  4.20000000e-02  3.45881969e-02 
 4.30000000e-02  4.30000000e-02  3.45901708e-02 
 4.40000000e-02  4.40000000e-02  3.45927107e-02 
 4.50000000e-02  4.50000000e-02  3.45940352e-02 
 4.60000000e-02  4.60000000e-02  3.45964312e-02 
 4.70000000e-02  4.70000000e-02  3.45989530e-02 
 4.80000000e-02  4.80000000e-02  3.46012196e-02 
 4.90000000e-02  4.90000000e-02  3.46031242e-02 
 5.00000000e-02  5.00000000e-02  3.46053942e-02 
 5.10000000e-02  5.10000000e-02  3.46085385e-02 
 5.20000000e-02  5.20000000e-02  3.46105173e-02 
 5.30000000e-02  5.30000000e-02  3.46140557e-02 
 5.40000000e-02  5.40000000e-02  3.46156958e-02 
 5.50000000e-02  5.50000000e-02  3.46197429e-02 
 5.60000000e-02  5.60000000e-02  3.46215266e-02 
 5.70000000e-02  5.70000000e-02  3.46250755e-02 
 5.80000000e-02  5.80000000e-02  3.46286187e-02 
 5.90000000e-02  5.90000000e-02  3.46317454e-02 
 6.00000000e-02  6.00000000e-02  3.46350634e-02 
 6.10000000e-02  6.10000000e-02  3.46378713e-02 
 6.20000000e-02  6.20000000e-02  3.46416101e-02 
 6.30000000e-02  6.30000000e-02  3.46452094e-02 
 6.40000000e-02  6.40000000e-02  3.46493342e-02 
 6.50000000e-02  6.50000000e-02  3.46532432e-02 
 6.60000000e-02  6.60000000e-02  3.46572080e-02 
 6.70000000e-02  6.70000000e-02  3.46614865e-02 
 6.80000000e-02  6.80000000e-02  3.46656126e-02 
 6.90000000e-02  6.90000000e-02  3.46702446e-02 
 7.00000000e-02  7.00000000e-02  3.46746094e-02 
 7.10000000e-02  7.10000000e-02  3.46798279e-02 
 7.20000000e-02  7.20000000e-02  3.46848028e-02 
 7.30000000e-02  7.30000000e-02  3.46889181e-02 
 7.40000000e-02  7.40000000e-02  3.46956240e-02 
 7.50000000e-02  7.50000000e-02  3.47002875e-02 
 7.60000000e-02  7.60000000e-02  3.47058185e-02 
 7.70000000e-02  7.70000000e-02  3.47113617e-02 
 7.80000000e-02  7.80000000e-02  3.47179007e-02 
 7.90000000e-02  7.90000000e-02  3.47235385e-02 
 8.00000000e-02  8.00000000e-02  3.47302038e-02 
 8.10000000e-02  8.10000000e-02  3.47366173e-02 
 8.20000000e-02  8.20000000e-02  3.47433482e-02 
 8.30000000e-02  8.30000000e-02  3.47503306e-02 
 8.40000000e-02  8.40000000e-02  3.47569244e-02 
 8.50000000e-02  8.50000000e-02  3.47652379e-02 
 8.60000000e-02  8.60000000e-02  3.47723000e-02 
 8.70000000e-02  8.70000000e-02  3.47799223e-02 
 8.80000000e-02  8.80000000e-02  3.47888899e-02 
 8.90000000e-02  8.90000000e-02  3.47969634e-02 
 9.00000000e-02  9.00000000e-02  3.48058016e-02 
 9.10000000e-02  9.10000000e-02  3.48141680e-02 
 9.20000000e-02  9.20000000e-02  3.48237061e-02 
 9.30000000e-02  9.30000000e-02  3.48332558e-02 
 9.40000000e-02  9.40000000e-02  3.48430286e-02 
 9.50000000e-02  9.50000000e-02  3.48532357e-02 
 9.60000000e-02  9.60000000e-02  3.48632363e-02 
 9.70000000e-02  9.70000000e-02  3.48743187e-02 
 9.80000000e-02  9.80000000e-02  3.48856760e-02 
 9.90000000e-02  9.90000000e-02  3.48964085e-02 
 1.00000000e-01  1.00000000e-01  3.49090445e-02 
 1.01000000e-01  1.01000000e-01  3.49205634e-02 
 1.02000000e-01  1.02000000e-01  3.49337029e-02 
 1.03000000e-01  1.03000000e-01  3.49466851e-02 
 1.04000000e-01  1.04000000e-01  3.49598325e-02 
 1.05000000e-01  1.05000000e-01  3.49734766e-02 
 1.06000000e-01  1.06000000e-01  3.49877747e-02 
 1.07000000e-01  1.07000000e-01  3.50024251e-02 
 1.08000000e-01  1.08000000e-01  3.50172276e-02 
 1.09000000e-01  1.09000000e-01  3.50334133e-02 
 1.10000000e-01  1.10000000e-01  3.50494518e-02 
 1.11000000e-01  1.11000000e-01  3.50655007e-02 
 1.12000000e-01  1.12000000e-01  3.50830784e-02 
 1.13000000e-01  1.13000000e-01  3.51005401e-02 
 1.14000000e-01  1.14000000e-01  3.51189326e-02 
 1.15000000e-01  1.15000000e-01  3.51373747e-02 
 1.16000000e-01  1.16000000e-01  3.51567536e-02 
 1.17000000e-01  1.17000000e-01  3.51766379e-02 
 1.18000000e-01  1.18000000e-01  3.51965304e-02 
 1.19000000e-01  1.19000000e-01  3.52178319e-02 
 1.20000000e-01  1.20000000e-01  3.52397770e-02 
 1.21000000e-01  1.21000000e-01  3.52625401e-02 
 1.22000000e-01  1.22000000e-01  3.52852059e-02 
 1.23000000e-01  1.23000000e-01  3.53088218e-02 
 1.24000000e-01  1.24000000e-01  3.53330934e-02 
 1.25000000e-01  1.25000000e-01  3.53590232e-02 
 1.26000000e-01  1.26000000e-01  3.53848728e-02 
 1.27000000e-01  1.27000000e-01  3.54110104e-02 
 1.28000000e-01  1.28000000e-01  3.54394695e-02 
 1.29000000e-01  1.29000000e-01  3.54670773e-02 
 1.30000000e-01  1.30000000e-01  3.54972897e-02 
 1.31000000e-01  1.31000000e-01  3.55266603e-02 
 1.32000000e-01  1.32000000e-01  3.55579434e-02 
 1.33000000e-01  1.33000000e-01  3.55897555e-02 
 1.34000000e-01  1.34000000e-01  3.56222866e-02 
 1.35000000e-01  1.35000000e-01  3.56561758e-02 
 1.36000000e-01  1.36000000e-01  3.56911622e-02 
 1.37000000e-01  1.37000000e-01  3.57270099e-02 
 1.38000000e-01  1.38000000e-01  3.57631504e-02 
 1.39000000e-01  1.39000000e-01  3.58011970e-02 
 1.40000000e-01  1.40000000e-01  3.58403494e-02 
 1.41000000e-01  1.41000000e-01  3.58802735e-02 
 1.42000000e-01  1.42000000e-01  3.59217222e-02 
 1.43000000e-01  1.43000000e-01  3.59641978e-02 
 1.44000000e-01  1.44000000e-01  3.60077064e-02 
 1.45000000e-01  1.45000000e-01  3.60530579e-02 
 1.46000000e-01  1.46000000e-01  3.60990138e-02 
 1.47000000e-01  1.47000000e-01  3.61463909e-02 
 1.48000000e-01  1.48000000e-01  3.61953376e-02 
 1.49000000e-01  1.49000000e-01  3.62449893e-02 
 1.50000000e-01  1.50000000e-01  3.62967975e-02 
 1.51000000e-01  1.51000000e-01  3.63495147e-02 
 1.52000000e-01  1.52000000e-01  3.64045796e-02 
 1.53000000e-01  1.53000000e-01  3.64600715e-02 
 1.54000000e-01  1.54000000e-01  3.65171709e-02 
 1.55000000e-01  1.55000000e-01  3.65766365e-02 
 1.56000000e-01  1.56000000e-01  3.66370235e-02 
 1.57000000e-01  1.57000000e-01  3.66992106e-02 
 1.58000000e-01  1.58000000e-01  3.67632212e-02 
 1.59000000e-01  1.59000000e-01  3.68288657e-02 
 1.60000000e-01  1.60000000e-01  3.68962227e-02 
 1.61000000e-01  1.61000000e-01  3.69658870e-02 
 1.62000000e-01  1.62000000e-01  3.70361852e-02 
 1.63000000e-01  1.63000000e-01  3.71088206e-02 
 1.64000000e-01  1.64000000e-01  3.71839789e-02 
 1.65000000e-01  1.65000000e-01  3.72611415e-02 
 1.66000000e-01  1.66000000e-01  3.73391571e-02 
 1.67000000e-01  1.67000000e-01  3.74205685e-02 
 1.68000000e-01  1.68000000e-01  3.75027491e-02 
 1.69000000e-01  1.69000000e-01  3.75883018e-02 
 1.70000000e-01  1.70000000e-01  3.76753544e-02 
 1.71000000e-01  1.71000000e-01  3.77645170e-02 
 1.72000000e-01  1.72000000e-01  3.78561905e-02 
 1.73000000e-01  1.73000000e-01  3.79504273e-02 
 1.74000000e-01  1.74000000e-01  3.80457378e-02 
 1.75000000e-01  1.75000000e-01  3.81448449e-02 
 1.76000000e-01  1.76000000e-01  3.82460900e-02 
 1.77000000e-01  1.77000000e-01  3.83491868e-02 
 1.78000000e-01  1.78000000e-01  3.84557769e-02 
 1.79000000e-01  1.79000000e-01  3.85641263e-02 
 1.80000000e-01  1.80000000e-01  3.86753224e-02 
 1.81000000e-01  1.81000000e-01  3.87892193e-02 
 1.82000000e-01  1.82000000e-01  3.89067015e-02 
 1.83000000e-01  1.83000000e-01  3.90254685e-02 
 1.84000000e-01  1.84000000e-01  3.91478948e-02 
 1.85000000e-01  1.85000000e-01  3.92738629e-02 
 1.86000000e-01  1.86000000e-01  3.94016453e-02 
 1.87000000e-01  1.87000000e-01  3.95324893e-02 
 1.88000000e-01  1.88000000e-01  3.96666226e-02 
 1.89000000e-01  1.89000000e-01  3.98047312e-02 
 1.90000000e-01  1.90000000e-01  3.99446719e-02 
 1.91000000e-01  1.91000000e-01  4.00884169e-02 
 1.92000000e-01  1.92000000e-01  4.02346757e-02 
 1.93000000e-01  1.93000000e-01  4.03858445e-02 
 1.94000000e-01  1.94000000e-01  4.05387809e-02 
 1.95000000e-01  1.95000000e-01  4.06966411e-02 
 1.96000000e-01  1.96000000e-01  4.08559294e-02 
 1.97000000e-01  1.97000000e-01  4.10208142e-02 
 1.98000000e-01  1.98000000e-01  4.11884653e-02 
 1.99000000e-01  1.99000000e-01  4.13594736e-02 
 2.00000000e-01  2.00000000e-01  4.15358554e-02 
 2.01000000e-01  2.01000000e-01  4.17138610e-02 
 2.02000000e-01  2.02000000e-01  4.18964916e-02 
 2.03000000e-01  2.03000000e-01  4.20838650e-02 
 2.04000000e-01  2.04000000e-01  4.22745049e-02 
 2.05000000e-01  2.05000000e-01  4.24686648e-02 
 2.06000000e-01  2.06000000e-01  4.26677667e-02 
 2.07000000e-01  2.07000000e-01  4.28708659e-02 
 2.08000000e-01  2.08000000e-01  4.30789594e-02 
 2.09000000e-01  2.09000000e-01  4.32901665e-02 
 2.10000000e-01  2.10000000e-01  4.35064018e-02 
 2.11000000e-01  2.11000000e-01  4.37266558e-02 
 2.12000000e-01  2.12000000e-01  4.39515755e-02 
 2.13000000e-01  2.13000000e-01  4.41819245e-02 
 2.14000000e-01  2.14000000e-01  4.44159291e-02 
 2.15000000e-01  2.15000000e-01  4.46548566e-02 
 2.16000000e-01  2.16000000e-01  4.48998181e-02 
 2.17000000e-01  2.17000000e-01  4.51482147e-02 
 2.18000000e-01  2.18000000e-01  4.54021562e-02 
 2.19000000e-01  2.19000000e-01  4.56606463e-02 
 2.20000000e-01  2.20000000e-01  4.59247673e-02 
 2.21000000e-01  2.21000000e-01  4.61946658e-02 
 2.22000000e-01  2.22000000e-01  4.64690588e-02 
 2.23000000e-01  2.23000000e-01  4.67500678e-02 
 2.24000000e-01  2.24000000e-01  4.70352088e-02 
 2.25000000e-01  2.25000000e-01  4.73264106e-02 
 2.26000000e-01  2.26000000e-01  4.76228367e-02 
 2.27000000e-01  2.27000000e-01  4.79263567e-02 
 2.28000000e-01  2.28000000e-01  4.82348580e-02 
 2.29000000e-01  2.29000000e-01  4.85490275e-02 
 2.30000000e-01  2.30000000e-01  4.88702369e-02 
 2.31000000e-01  2.31000000e-01  4.91966453e-02 
 2.32000000e-01  2.32000000e-01  4.95296917e-02 
 2.33000000e-01  2.33000000e-01  4.98695078e-02 
 2.34000000e-01  2.34000000e-01  5.02150891e-02 
 2.35000000e-01  2.35000000e-01  5.05678077e-02 
 2.36000000e-01  2.36000000e-01  5.09268815e-02 
 2.37000000e-01  2.37000000e-01  5.12933812e-02 
 2.38000000e-01  2.38000000e-01  5.16660631e-02 
 2.39000000e-01  2.39000000e-01  5.20471809e-02 
 2.40000000e-01  2.40000000e-01  5.24336389e-02 
 2.41000000e-01  2.41000000e-01  5.28288649e-02 
 2.42000000e-01  2.42000000e-01  5.32311754e-02 
 2.43000000e-01  2.43000000e-01  5.36405153e-02 
 2.44000000e-01  2.44000000e-01  5.40587968e-02 
 2.45000000e-01  2.45000000e-01  5.44835512e-02 
 2.46000000e-01  2.46000000e-01  5.49169724e-02 
 2.47000000e-01  2.47000000e-01  5.53591314e-02 
 2.48000000e-01  2.48000000e-01  5.58090675e-02 
 2.49000000e-01  2.49000000e-01  5.62677787e-02 
 2.50000000e-01  2.50000000e-01  5.67352544e-02 
 2.51000000e-01  2.51000000e-01  5.72115797e-02 
 2.52000000e-01  2.52000000e-01  5.76962561e-02 
 2.53000000e-01  2.53000000e-01  5.81917508e-02 
 2.54000000e-01  2.54000000e-01  5.86946073e-02 
 2.55000000e-01  2.55000000e-01  5.92081899e-02 
 2.56000000e-01  2.56000000e-01  5.97319576e-02 
 2.57000000e-01  2.57000000e-01  6.02646728e-02 
 2.58000000e-01  2.58000000e-01  6.08090602e-02 
 2.59000000e-01  2.59000000e-01  6.13622372e-02 
 2.60000000e-01  2.60000000e-01  6.19286723e-02 
 2.61000000e-01  2.61000000e-01  6.25032641e-02 
 2.62000000e-01  2.62000000e-01  6.30915039e-02 
 2.63000000e-01  2.63000000e-01  6.36901587e-02 
 2.64000000e-01  2.64000000e-01  6.43003080e-02 
 2.65000000e-01  2.65000000e-01  6.49233204e-02 
 2.66000000e-01  2.66000000e-01  6.55583671e-02 
 2.67000000e-01  2.67000000e-01  6.62057900e-02 
 2.68000000e-01  2.68000000e-01  6.68662829e-02 
 2.69000000e-01  2.69000000e-01  6.75402169e-02 
 2.70000000e-01  2.70000000e-01  6.82294821e-02 
 2.71000000e-01  2.71000000e-01  6.89306981e-02 
 2.72000000e-01  2.72000000e-01  6.96480901e-02 
 2.73000000e-01  2.73000000e-01  7.03798775e-02 
 2.74000000e-01  2.74000000e-01  7.11274069e-02 
 2.75000000e-01  2.75000000e-01  7.18900992e-02 
 2.76000000e-01  2.76000000e-01  7.26690844e-02 
 2.77000000e-01  2.77000000e-01  7.34662408e-02 
 2.78000000e-01  2.78000000e-01  7.42792548e-02 
 2.79000000e-01  2.79000000e-01  7.51115403e-02 
 2.80000000e-01  2.80000000e-01  7.59624256e-02 
 2.81000000e-01  2.81000000e-01  7.68315784e-02 
 2.82000000e-01  2.82000000e-01  7.77214799e-02 
 2.83000000e-01  2.83000000e-01  7.86325691e-02 
 2.84000000e-01  2.84000000e-01  7.95638211e-02 
 2.85000000e-01  2.85000000e-01  8.05189047e-02 
 2.86000000e-01  2.86000000e-01  8.14961009e-02 
 2.87000000e-01  2.87000000e-01  8.24978337e-02 
 2.88000000e-01  2.88000000e-01  8.35242241e-02 
 2.89000000e-01  2.89000000e-01  8.45766883e-02 
 2.90000000e-01  2.90000000e-01  8.56576741e-02 
 2.91000000e-01  2.91000000e-01  8.67670199e-02 
 2.92000000e-01  2.92000000e-01  8.79052979e-02 
 2.93000000e-01  2.93000000e-01  8.90747410e-02 
 2.94000000e-01  2.94000000e-01  9.02798736e-02 
 2.95000000e-01  2.95000000e-01  9.15154726e-02 
 2.96000000e-01  2.96000000e-01  9.27913337e-02 
 2.97000000e-01  2.97000000e-01  9.41034721e-02 
 2.98000000e-01  2.98000000e-01  9.54568853e-02 
 2.99000000e-01  2.99000000e-01  9.68537768e-02 
 3.00000000e-01  3.00000000e-01  9.82962135e-02 
 3.01000000e-01  3.01000000e-01  9.97878048e-02 
 3.02000000e-01  3.02000000e-01  1.01330430e-01 
 3.03000000e-01  3.03000000e-01  1.02929800e-01 
 3.04000000e-01  3.04000000e-01  1.04587558e-01 
 3.05000000e-01  3.05000000e-01  1.06310969e-01 
 3.06000000e-01  3.06000000e-01  1.08103333e-01 
 3.07000000e-01  3.07000000e-01  1.09968988e-01 
 3.08000000e-01  3.08000000e-01  1.11918722e-01 
 3.09000000e-01  3.09000000e-01  1.13955971e-01 
 3.10000000e-01  3.10000000e-01  1.16089312e-01 
 3.11000000e-01  3.11000000e-01  1.18333540e-01 
 3.12000000e-01  3.12000000e-01  1.20694586e-01 
 3.13000000e-01  3.13000000e-01  1.23190577e-01 
 3.14000000e-01  3.14000000e-01  1.25836213e-01 
 3.15000000e-01  3.15000000e-01  1.28649601e-01 
 3.16000000e-01  3.16000000e-01  1.31657939e-01 
 3.17000000e-01  3.17000000e-01  1.34885354e-01 
 3.18000000e-01  3.18000000e-01  1.38520221e-01 
 3.19000000e-01  3.19000000e-01  1.42343076e-01 
 3.20000000e-01  3.20000000e-01  1.46537139e-01 
 3.21000000e-01  3.21000000e-01  1.51185566e-01 
 3.22000000e-01  3.22000000e-01  1.56396515e-01 
 3.23000000e-01  3.23000000e-01  1.62317873e-01 
 3.24000000e-01  3.24000000e-01  1.69167922e-01 
 3.25000000e-01  3.25000000e-01  1.77264559e-01 
 3.26000000e-01  3.26000000e-01  1.87091324e-01 
 3.27000000e-01  3.27000000e-01  1.99471250e-01 
 3.28000000e-01  3.28000000e-01  2.15466998e-01 
 3.29000000e-01  3.29000000e-01  2.35155392e-01 
 3.30000000e-01  3.30000000e-01  2.56900656e-01 
 3.31000000e-01  3.31000000e-01  2.80076643e-01 
 3.32000000e-01  3.32000000e-01  3.05115535e-01 
 3.33000000e-01  3.33000000e-01  3.33128424e-01 
 3.34000000e-01  3.34000000e-01  3.64143833e-01 
 3.35000000e-01  3.35000000e-01  3.96531687e-01 
 3.36000000e-01  3.36000000e-01  4.29310749e-01 
 3.37000000e-01  3.37000000e-01  4.63050905e-01 
 3.38000000e-01  3.38000000e-01  4.97297203e-01 
 3.39000000e-01  3.39000000e-01  5.32034927e-01 
 3.40000000e-01  3.40000000e-01  5.67251016e-01 
 3.41000000e-01  3.41000000e-01  6.02894388e-01 
 3.42000000e-01  3.42000000e-01  6.38979695e-01 
 3.43000000e-01  3.43000000e-01  6.75469336e-01 
 3.44000000e-01  3.44000000e-01  7.12328032e-01 
 3.45000000e-01  3.45000000e-01  7.49547477e-01 
 3.46000000e-01  3.46000000e-01  7.87102950e-01 
 3.47000000e-01  3.47000000e-01  8.24963451e-01 
 3.48000000e-01  3.48000000e-01  8.63107660e-01 
 3.49000000e-01  3.49000000e-01  9.01483888e-01 
 3.50000000e-01  3.50000000e-01  9.40111154e-01 
 3.51000000e-01  3.51000000e-01  9.78901030e-01 
 3.52000000e-01  3.52000000e-01  1.01784896e+00 
 3.53000000e-01  3.53000000e-01  1.05688478e+00 
 3.54000000e-01  3.54000000e-01  1.09600262e+00 
 3.55000000e-01  3.55000000e-01  1.13506995e+00 
 3.56000000e-01  3.56000000e-01  1.17382235e+00 
 3.57000000e-01  3.57000000e-01  1.21169147e+00 
 3.58000000e-01  3.58000000e-01  1.24502329e+00 
 3.59000000e-01  3.59000000e-01  1.26888982e+00 
 3.60000000e-01  3.60000000e-01  1.28515846e+00 
 3.61000000e-01  3.61000000e-01  1.29670947e+00 
 3.62000000e-01  3.62000000e-01  1.30567478e+00 
 3.63000000e-01  3.63000000e-01  1.31299259e+00 
 3.64000000e-01  3.64000000e-01  1.31917075e+00 
 3.65000000e-01  3.65000000e-01  1.32452767e+00 
 3.66000000e-01  3.66000000e-01  1.32925461e+00 
 3.67000000e-01  3.67000000e-01  1.33349210e+00 
 3.68000000e-01  3.68000000e-01  1.33733220e+00 
 3.69000000e-01  3.69000000e-01  1.34084123e+00 
 3.70000000e-01  3.70000000e-01  1.34420954e+00 
 3.71000000e-01  3.71000000e-01  1.34718274e+00 
 3.72000000e-01  3.72000000e-01  1.34996710e+00 
 3.73000000e-01  3.73000000e-01  1.35257925e+00 
 3.74000000e-01  3.74000000e-01  1.35503394e+00 
 3.75000000e-01  3.75000000e-01  1.35735396e+00 
 3.76000000e-01  3.76000000e-01  1.35955015e+00 
 3.77000000e-01  3.77000000e-01  1.36163673e+00 
 3.78000000e-01  3.78000000e-01  1.36362459e+00 
 3.79000000e-01  3.79000000e-01  1.36551875e+00 
 3.80000000e-01  3.80000000e-01  1.36733276e+00 
 3.81000000e-01  3.81000000e-01  1.36906897e+00 
 3.82000000e-01  3.82000000e-01  1.37073469e+00 
 3.83000000e-01  3.83000000e-01  1.37233602e+00 
 3.84000000e-01  3.84000000e-01  1.37387668e+00 
 3.85000000e-01  3.85000000e-01  1.37536199e+00 
 3.86000000e-01  3.86000000e-01  1.37679385e+00 
 3.87000000e-01  3.87000000e-01  1.37817699e+00 
 3.88000000e-01  3.88000000e-01  1.37951578e+00 
 3.89000000e-01  3.89000000e-01  1.38081017e+00 
 3.90000000e-01  3.90000000e-01  1.38206442e+00 
 3.91000000e-01  3.91000000e-01  1.38328070e+00 
 3.92000000e-01  3.92000000e-01  1.38446051e+00 
 3.93000000e-01  3.93000000e-01  1.38560519e+00 
 3.94000000e-01  3.94000000e-01  1.38671987e+00 
 3.95000000e-01  3.95000000e-01  1.38780185e+00 
 3.96000000e-01  3.96000000e-01  1.38885586e+00 
 3.97000000e-01  3.97000000e-01  1.38988089e+00 
 3.98000000e-01  3.98000000e-01  1.39088052e+00 
 3.99000000e-01  3.99000000e-01  1.39185499e+00 
 4.00000000e-01  4.00000000e-01  1.39280489e+00 
 4.01000000e-01  4.01000000e-01  1.39373165e+00 
 4.02000000e-01  4.02000000e-01  1.39463704e+00 
 4.03000000e-01  4.03000000e-01  1.39552092e+00 
 4.04000000e-01  4.04000000e-01  1.39638430e+00 
 4.05000000e-01  4.05000000e-01  1.39722833e+00 
 4.06000000e-01  4.06000000e-01  1.39805374e+00 
 4.07000000e-01  4.07000000e-01  1.39886254e+00 
 4.08000000e-01  4.08000000e-01  1.39965153e+00 
 4.09000000e-01  4.09000000e-01  1.40042712e+00 
 4.10000000e-01  4.10000000e-01  1.40118368e+00 
 4.11000000e-01  4.11000000e-01  1.40192687e+00 
 4.12000000e-01  4.12000000e-01  1.40265439e+00 
 4.13000000e-01  4.13000000e-01  1.40336745e+00 
 4.14000000e-01  4.14000000e-01  1.40406734e+00 
 4.15000000e-01  4.15000000e-01  1.40475337e+00 
 4.16000000e-01  4.16000000e-01  1.40542685e+00 
 4.17000000e-01  4.17000000e-01  1.40608689e+00 
 4.18000000e-01  4.18000000e-01  1.40673589e+00 
 4.19000000e-01  4.19000000e-01  1.40737269e+00 
 4.20000000e-01  4.20000000e-01  1.40799830e+00 
 4.21000000e-01  4.21000000e-01  1.40861249e+00 
 4.22000000e-01  4.22000000e-01  1.40921635e+00 
 4.23000000e-01  4.23000000e-01  1.40980938e+00 
 4.24000000e-01  4.24000000e-01  1.41039319e+00 
 4.25000000e-01  4.25000000e-01  1.41096664e+00 
 4.26000000e-01  4.26000000e-01  1.41153111e+00 
 4.27000000e-01  4.27000000e-01  1.41208560e+00 
 4.28000000e-01  4.28000000e-01  1.41263168e+00 
 4.29000000e-01  4.29000000e-01  1.41316894e+00 
 4.30000000e-01  4.30000000e-01  1.41369754e+00 
 4.31000000e-01  4.31000000e-01  1.41421760e+00 
 4.32000000e-01  4.32000000e-01  1.41473070e+00 
 4.33000000e-01  4.33000000e-01  1.41523473e+00 
 4.34000000e-01  4.34000000e-01  1.41573202e+00 
 4.35000000e-01  4.35000000e-01  1.41622113e+00 
 4.36000000e-01  4.36000000e-01  1.41670378e+00 
 4.37000000e-01  4.37000000e-01  1.41717870e+00 
 4.38000000e-01  4.38000000e-01  1.41764722e+00 
 4.39000000e-01  4.39000000e-01  1.41810857e+00 
 4.40000000e-01  4.40000000e-01  1.41856384e+00 
 4.41000000e-01  4.41000000e-01  1.41901233e+00 
 4.42000000e-01  4.42000000e-01  1.41945455e+00 
 4.43000000e-01  4.43000000e-01  1.41989101e+00 
 4.44000000e-01  4.44000000e-01  1.42032093e+00 
 4.45000000e-01  4.45000000e-01  1.42074552e+00 
 4.46000000e-01  4.46000000e-01  1.42116435e+00 
 4.47000000e-01  4.47000000e-01  1.42157753e+00 
 4.48000000e-01  4.48000000e-01  1.42198507e+00 
 4.49000000e-01  4.49000000e-01  1.42238774e+00 
 4.50000000e-01  4.50000000e-01  1.42278444e+00 
 4.51000000e-01  4.51000000e-01  1.42317666e+00 
 4.52000000e-01  4.52000000e-01  1.42356351e+00 
 4.53000000e-01  4.53000000e-01  1.42394608e+00 
 4.54000000e-01  4.54000000e-01  1.42432334e+00 
 4.55000000e-01  4.55000000e-01  1.42469593e+00 
 4.56000000e-01  4.56000000e-01  1.42506378e+00 
 4.57000000e-01  4.57000000e-01  1.42542718e+00 
 4.58000000e-01  4.58000000e-01  1.42578644e+00 
 4.59000000e-01  4.59000000e-01  1.42614157e+00 
 4.60000000e-01  4.60000000e-01  1.42649157e+00 
 4.61000000e-01  4.61000000e-01  1.42683828e+00 
 4.62000000e-01  4.62000000e-01  1.42718068e+00 
 4.63000000e-01  4.63000000e-01  1.42751861e+00 
 4.64000000e-01  4.64000000e-01  1.42785371e+00 
 4.65000000e-01  4.65000000e-01  1.42818371e+00 
 4.66000000e-01  4.66000000e-01  1.42851089e+00 
 4.67000000e-01  4.67000000e-01  1.42883369e+00 
 4.68000000e-01  4.68000000e-01  1.42915255e+00 
 4.69000000e-01  4.69000000e-01  1.42946913e+00 
 4.70000000e-01  4.70000000e-01  1.42978116e+00 
 4.71000000e-01  4.71000000e-01  1.43008969e+00 
 4.72000000e-01  4.72000000e-01  1.43039561e+00 
 4.73000000e-01  4.73000000e-01  1.43069745e+00 
 4.74000000e-01  4.74000000e-01  1.43099666e+00 
 4.75000000e-01  4.75000000e-01  1.43129195e+00 
 4.76000000e-01  4.76000000e-01  1.43158449e+00 
 4.77000000e-01  4.77000000e-01  1.43187410e+00 
 4.78000000e-01  4.78000000e-01  1.43216034e+00 
 4.79000000e-01  4.79000000e-01  1.43244389e+00 
 4.80000000e-01  4.80000000e-01  1.43272409e+00 
 4.81000000e-01  4.81000000e-01  1.43300197e+00 
 4.82000000e-01  4.82000000e-01  1.43327621e+00 
 4.83000000e-01  4.83000000e-01  1.43354839e+00 
 4.84000000e-01  4.84000000e-01  1.43381740e+00 
 4.85000000e-01  4.85000000e-01  1.43408386e+00 
 4.86000000e-01  4.86000000e-01  1.43434751e+00 
 4.87000000e-01  4.87000000e-01  1.43460837e+00 
 4.88000000e-01  4.88000000e-01  1.43486707e+00 
 4.89000000e-01  4.89000000e-01  1.43512291e+00 
 4.90000000e-01  4.90000000e-01  1.43537645e+00 
 4.91000000e-01  4.91000000e-01  1.43562741e+00 
 4.92000000e-01  4.92000000e-01  1.43587586e+00 
 4.93000000e-01  4.93000000e-01  1.43612218e+00 
 4.94000000e-01  4.94000000e-01  1.43636584e+00 
 4.95000000e-01  4.95000000e-01  1.43660738e+00 
 4.96000000e-01  4.96000000e-01  1.43684650e+00 
 4.97000000e-01  4.97000000e-01  1.43708389e+00 
 4.98000000e-01  4.98000000e-01  1.43731835e+00 
 4.99000000e-01  4.99000000e-01  1.43755088e+00 
 5.00000000e-01  5.00000000e-01  1.43778124e+00 
 5.01000000e-01  5.01000000e-01  1.43800945e+00 
 5.02000000e-01  5.02000000e-01  1.43823594e+00 
 5.03000000e-01  5.03000000e-01  1.43845977e+00 
 5.04000000e-01  5.04000000e-01  1.43868204e+00 
 5.05000000e-01  5.05000000e-01  1.43890206e+00 
 5.06000000e-01  5.06000000e-01  1.43911997e+00 
 5.07000000e-01  5.07000000e-01  1.43933644e+00 
 5.08000000e-01  5.08000000e-01  1.43955057e+00 
 5.09000000e-01  5.09000000e-01  1.43976288e+00 
 5.10000000e-01  5.10000000e-01  1.43997339e+00 
 5.11000000e-01  5.11000000e-01  1.44018181e+00 
 5.12000000e-01  5.12000000e-01  1.44038882e+00 
 5.13000000e-01  5.13000000e-01  1.44059393e+00 
 5.14000000e-01  5.14000000e-01  1.44079706e+00 
 5.15000000e-01  5.15000000e-01  1.44099865e+00 
 5.16000000e-01  5.16000000e-01  1.44119841e+00 
 5.17000000e-01  5.17000000e-01  1.44139628e+00 
 5.18000000e-01  5.18000000e-01  1.44159315e+00 
 5.19000000e-01  5.19000000e-01  1.44178750e+00 
 5.20000000e-01  5.20000000e-01  1.44198087e+00 
 5.21000000e-01  5.21000000e-01  1.44217229e+00 
 5.22000000e-01  5.22000000e-01  1.44236207e+00 
 5.23000000e-01  5.23000000e-01  1.44255054e+00 
 5.24000000e-01  5.24000000e-01  1.44273741e+00 
 5.25000000e-01  5.25000000e-01  1.44292264e+00 
 5.26000000e-01  5.26000000e-01  1.44310628e+00 
 5.27000000e-01  5.27000000e-01  1.44328850e+00 
 5.28000000e-01  5.28000000e-01  1.44346944e+00 
 5.29000000e-01  5.29000000e-01  1.44364891e+00 
 5.30000000e-01  5.30000000e-01  1.44382676e+00 
 5.31000000e-01  5.31000000e-01  1.44400307e+00 
 5.32000000e-01  5.32000000e-01  1.44417837e+00 
 5.33000000e-01  5.33000000e-01  1.44435186e+00 
 5.34000000e-01  5.34000000e-01  1.44452430e+00 
 5.35000000e-01  5.35000000e-01  1.44469523e+00 
 5.36000000e-01  5.36000000e-01  1.44486472e+00 
 5.37000000e-01  5.37000000e-01  1.44503337e+00 
 5.38000000e-01  5.38000000e-01  1.44520009e+00 
 5.39000000e-01  5.39000000e-01  1.44536575e+00 
 5.40000000e-01  5.40000000e-01  1.44553047e+00 
 5.41000000e-01  5.41000000e-01  1.44569357e+00 
 5.42000000e-01  5.42000000e-01  1.44585545e+00 
 5.43000000e-01  5.43000000e-01  1.44601628e+00 
 5.44000000e-01  5.44000000e-01  1.44617565e+00 
 5.45000000e-01  5.45000000e-01  1.44633389e+00 
 5.46000000e-01  5.46000000e-01  1.44649106e+00 
 5.47000000e-01  5.47000000e-01  1.44664690e+00 
 5.48000000e-01  5.48000000e-01  1.44680169e+00 
 5.49000000e-01  5.49000000e-01  1.44695540e+00 
 5.50000000e-01  5.50000000e-01  1.44710787e+00 
 5.51000000e-01  5.51000000e-01  1.44725926e+00 
 5.52000000e-01  5.52000000e-01  1.44740948e+00 
 5.53000000e-01  5.53000000e-01  1.44755865e+00 
 5.54000000e-01  5.54000000e-01  1.44770678e+00 
 5.55000000e-01  5.55000000e-01  1.44785358e+00 
 5.56000000e-01  5.56000000e-01  1.44799973e+00 
 5.57000000e-01  5.57000000e-01  1.44814434e+00 
 5.58000000e-01  5.58000000e-01  1.44828831e+00 
 5.59000000e-01  5.59000000e-01  1.44843096e+00 
 5.60000000e-01  5.60000000e-01  1.44857284e+00 
 5.61000000e-01  5.61000000e-01  1.44871371e+00 
 5.62000000e-01  5.62000000e-01  1.44885337e+00 
 5.63000000e-01  5.63000000e-01  1.44899237e+00 
 5.64000000e-01  5.64000000e-01  1.44913001e+00 
 5.65000000e-01  5.65000000e-01  1.44926697e+00 
 5.66000000e-01  5.66000000e-01  1.44940276e+00 
 5.67000000e-01  5.67000000e-01  1.44953786e+00 
 5.68000000e-01  5.68000000e-01  1.44967169e+00 
 5.69000000e-01  5.69000000e-01  1.44980506e+00 
 5.70000000e-01  5.70000000e-01  1.44993709e+00 
 5.71000000e-01  5.71000000e-01  1.45006839e+00 
 5.72000000e-01  5.72000000e-01  1.45019878e+00 
 5.73000000e-01  5.73000000e-01  1.45032832e+00 
 5.74000000e-01  5.74000000e-01  1.45045693e+00 
 5.75000000e-01  5.75000000e-01  1.45058464e+00 
 5.76000000e-01  5.76000000e-01  1.45071151e+00 
 5.77000000e-01  5.77000000e-01  1.45083751e+00 
 5.78000000e-01  5.78000000e-01  1.45096279e+00 
 5.79000000e-01  5.79000000e-01  1.45108711e+00 
 5.80000000e-01  5.80000000e-01  1.45121065e+00 
 5.81000000e-01  5.81000000e-01  1.45133342e+00 
 5.82000000e-01  5.82000000e-01  1.45145520e+00 
 5.83000000e-01  5.83000000e-01  1.45157624e+00 
 5.84000000e-01  5.84000000e-01  1.45169669e+00 
 5.85000000e-01  5.85000000e-01  1.45181613e+00 
 5.86000000e-01  5.86000000e-01  1.45193490e+00 
 5.87000000e-01  5.87000000e-01  1.45205270e+00 
 5.88000000e-01  5.88000000e-01  1.45217003e+00 
 5.89000000e-01  5.89000000e-01  1.45228645e+00 
 5.90000000e-01  5.90000000e-01  1.45240200e+00 
 5.91000000e-01  5.91000000e-01  1.45251706e+00 
 5.92000000e-01  5.92000000e-01  1.45263125e+00 
 5.93000000e-01  5.93000000e-01  1.45274463e+00 
 5.94000000e-01  5.94000000e-01  1.45285757e+00 
 5.95000000e-01  5.95000000e-01  1.45296937e+00 
 5.96000000e-01  5.96000000e-01  1.45308083e+00 
 5.97000000e-01  5.97000000e-01  1.45319139e+00 
 5.98000000e-01  5.98000000e-01  1.45330129e+00 
 5.99000000e-01  5.99000000e-01  1.45341052e+00 
 6.00000000e-01  6.00000000e-01  1.45351915e+00 
 6.01000000e-01  6.01000000e-01  1.45362685e+00 
 6.02000000e-01  6.02000000e-01  1.45373414e+00 
 6.03000000e-01  6.03000000e-01  1.45384069e+00 
 6.04000000e-01  6.04000000e-01  1.45394645e+00 
 6.05000000e-01  6.05000000e-01  1.45405181e+00 
 6.06000000e-01  6.06000000e-01  1.45415622e+00 
 6.07000000e-01  6.07000000e-01  1.45426018e+00 
 6.08000000e-01  6.08000000e-01  1.45436350e+00 
 6.09000000e-01  6.09000000e-01  1.45446620e+00 
 6.10000000e-01  6.10000000e-01  1.45456822e+00 
 6.11000000e-01  6.11000000e-01  1.45466963e+00 
 6.12000000e-01  6.12000000e-01  1.45477046e+00 
 6.13000000e-01  6.13000000e-01  1.45487065e+00 
 6.14000000e-01  6.14000000e-01  1.45497015e+00 
 6.15000000e-01  6.15000000e-01  1.45506919e+00 
 6.16000000e-01  6.16000000e-01  1.45516755e+00 
 6.17000000e-01  6.17000000e-01  1.45526547e+00 
 6.18000000e-01  6.18000000e-01  1.45536257e+00 
 6.19000000e-01  6.19000000e-01  1.45545922e+00 
 6.20000000e-01  6.20000000e-01  1.45555544e+00 
 6.21000000e-01  6.21000000e-01  1.45565075e+00 
 6.22000000e-01  6.22000000e-01  1.45574577e+00 
 6.23000000e-01  6.23000000e-01  1.45584009e+00 
 6.24000000e-01  6.24000000e-01  1.45593412e+00 
 6.25000000e-01  6.25000000e-01  1.45602718e+00 
 6.26000000e-01  6.26000000e-01  1.45612011e+00 
 6.27000000e-01  6.27000000e-01  1.45621212e+00 
 6.28000000e-01  6.28000000e-01  1.45630386e+00 
 6.29000000e-01  6.29000000e-01  1.45639495e+00 
 6.30000000e-01  6.30000000e-01  1.45648559e+00 
 6.31000000e-01  6.31000000e-01  1.45657574e+00 
 6.32000000e-01  6.32000000e-01  1.45666529e+00 
 6.33000000e-01  6.33000000e-01  1.45675429e+00 
 6.34000000e-01  6.34000000e-01  1.45684289e+00 
 6.35000000e-01  6.35000000e-01  1.45693082e+00 
 6.36000000e-01  6.36000000e-01  1.45701853e+00 
 6.37000000e-01  6.37000000e-01  1.45710542e+00 
 6.38000000e-01  6.38000000e-01  1.45719190e+00 
 6.39000000e-01  6.39000000e-01  1.45727806e+00 
 6.40000000e-01  6.40000000e-01  1.45736360e+00 
 6.41000000e-01  6.41000000e-01  1.45744867e+00 
 6.42000000e-01  6.42000000e-01  1.45753339e+00 
 6.43000000e-01  6.43000000e-01  1.45761749e+00 
 6.44000000e-01  6.44000000e-01  1.45770115e+00 
 6.45000000e-01  6.45000000e-01  1.45778432e+00 
 6.46000000e-01  6.46000000e-01  1.45786700e+00 
 6.47000000e-01  6.47000000e-01  1.45794932e+00 
 6.48000000e-01  6.48000000e-01  1.45803111e+00 
 6.49000000e-01  6.49000000e-01  1.45811246e+00 
 6.50000000e-01  6.50000000e-01  1.45819350e+00 
 6.51000000e-01  6.51000000e-01  1.45827392e+00 
 6.52000000e-01  6.52000000e-01  1.45835387e+00 
 6.53000000e-01  6.53000000e-01  1.45843358e+00 
 6.54000000e-01  6.54000000e-01  1.45851265e+00 
 6.55000000e-01  6.55000000e-01  1.45859135e+00 
 6.56000000e-01  6.56000000e-01  1.45866974e+00 
 6.57000000e-01  6.57000000e-01  1.45874756e+00 
 6.58000000e-01  6.58000000e-01  1.45882503e+00 
 6.59000000e-01  6.59000000e-01  1.45890193e+00 
 6.60000000e-01  6.60000000e-01  1.45897872e+00 
 6.61000000e-01  6.61000000e-01  1.45905473e+00 
 6.62000000e-01  6.62000000e-01  1.45913065e+00 
 6.63000000e-01  6.63000000e-01  1.45920603e+00 
 6.64000000e-01  6.64000000e-01  1.45928097e+00 
 6.65000000e-01  6.65000000e-01  1.45935551e+00 
 6.66000000e-01  6.66000000e-01  1.45942958e+00 
 6.67000000e-01  6.67000000e-01  1.45950343e+00 
 6.68000000e-01  6.68000000e-01  1.45957687e+00 
 6.69000000e-01  6.69000000e-01  1.45964982e+00 
 6.70000000e-01  6.70000000e-01  1.45972250e+00 
 6.71000000e-01  6.71000000e-01  1.45979452e+00 
 6.72000000e-01  6.72000000e-01  1.45986653e+00 
 6.73000000e-01  6.73000000e-01  1.45993789e+00 
 6.74000000e-01  6.74000000e-01  1.46000906e+00 
 6.75000000e-01  6.75000000e-01  1.46007975e+00 
 6.76000000e-01  6.76000000e-01  1.46015008e+00 
 6.77000000e-01  6.77000000e-01  1.46021996e+00 
 6.78000000e-01  6.78000000e-01  1.46028960e+00 
 6.79000000e-01  6.79000000e-01  1.46035878e+00 
 6.80000000e-01  6.80000000e-01  1.46042776e+00 
 6.81000000e-01  6.81000000e-01  1.46049616e+00 
 6.82000000e-01  6.82000000e-01  1.46056433e+00 
 6.83000000e-01  6.83000000e-01  1.46063205e+00 
 6.84000000e-01  6.84000000e-01  1.46069948e+00 
 6.85000000e-01  6.85000000e-01  1.46076655e+00 
 6.86000000e-01  6.86000000e-01  1.46083316e+00 
 6.87000000e-01  6.87000000e-01  1.46089963e+00 
 6.88000000e-01  6.88000000e-01  1.46096551e+00 
 6.89000000e-01  6.89000000e-01  1.46103132e+00 
 6.90000000e-01  6.90000000e-01  1.46109648e+00 
 6.91000000e-01  6.91000000e-01  1.46116152e+00 
 6.92000000e-01  6.92000000e-01  1.46122598e+00 
 6.93000000e-01  6.93000000e-01  1.46129029e+00 
 6.94000000e-01  6.94000000e-01  1.46135426e+00 
 6.95000000e-01  6.95000000e-01  1.46141778e+00 
 6.96000000e-01  6.96000000e-01  1.46148101e+00 
 6.97000000e-01  6.97000000e-01  1.46154386e+00 
 6.98000000e-01  6.98000000e-01  1.46160628e+00 
 6.99000000e-01  6.99000000e-01  1.46166848e+00 
 7.00000000e-01  7.00000000e-01  1.46173034e+00 
 7.01000000e-01  7.01000000e-01  1.46179176e+00 
 7.02000000e-01  7.02000000e-01  1.46185288e+00 
 7.03000000e-01  7.03000000e-01  1.46191354e+00 
 7.04000000e-01  7.04000000e-01  1.46197396e+00 
 7.05000000e-01  7.05000000e-01  1.46203403e+00 
 7.06000000e-01  7.06000000e-01  1.46209359e+00 
 7.07000000e-01  7.07000000e-01  1.46215298e+00 
 7.08000000e-01  7.08000000e-01  1.46221186e+00 
 7.09000000e-01  7.09000000e-01  1.46227033e+00 
 7.10000000e-01  7.10000000e-01  1.46232854e+00 
 7.11000000e-01  7.11000000e-01  1.46238621e+00 
 7.12000000e-01  7.12000000e-01  1.46244365e+00 
 7.13000000e-01  7.13000000e-01  1.46250056e+00 
 7.14000000e-01  7.14000000e-01  1.46255705e+00 
 7.15000000e-01  7.15000000e-01  1.46261327e+00 
 7.16000000e-01  7.16000000e-01  1.46266893e+00 
 7.17000000e-01  7.17000000e-01  1.46272420e+00 
 7.18000000e-01  7.18000000e-01  1.46277903e+00 
 7.19000000e-01  7.19000000e-01  1.46283333e+00 
 7.20000000e-01  7.20000000e-01  1.46288737e+00 
 7.21000000e-01  7.21000000e-01  1.46294077e+00 
 7.22000000e-01  7.22000000e-01  1.46299380e+00 
 7.23000000e-01  7.23000000e-01  1.46304635e+00 
 7.24000000e-01  7.24000000e-01  1.46309837e+00 
 7.25000000e-01  7.25000000e-01  1.46314992e+00 
 7.26000000e-01  7.26000000e-01  1.46320105e+00 
 7.27000000e-01  7.27000000e-01  1.46325158e+00 
 7.28000000e-01  7.28000000e-01  1.46330176e+00 
 7.29000000e-01  7.29000000e-01  1.46335127e+00 
 7.30000000e-01  7.30000000e-01  1.46340044e+00 
 7.31000000e-01  7.31000000e-01  1.46344900e+00 
 7.32000000e-01  7.32000000e-01  1.46349701e+00 
 7.33000000e-01  7.33000000e-01  1.46354465e+00 
 7.34000000e-01  7.34000000e-01  1.46359184e+00 
 7.35000000e-01  7.35000000e-01  1.46363828e+00 
 7.36000000e-01  7.36000000e-01  1.46368445e+00 
 7.37000000e-01  7.37000000e-01  1.46373008e+00 
 7.38000000e-01  7.38000000e-01  1.46377519e+00 
 7.39000000e-01  7.39000000e-01  1.46381978e+00 
 7.40000000e-01  7.40000000e-01  1.46386390e+00 
 7.41000000e-01  7.41000000e-01  1.46390762e+00 
 7.42000000e-01  7.42000000e-01  1.46395086e+00 
 7.43000000e-01  7.43000000e-01  1.46399347e+00 
 7.44000000e-01  7.44000000e-01  1.46403583e+00 
 7.45000000e-01  7.45000000e-01  1.46407757e+00 
 7.46000000e-01  7.46000000e-01  1.46411898e+00 
 7.47000000e-01  7.47000000e-01  1.46415986e+00 
 7.48000000e-01  7.48000000e-01  1.46420030e+00 
 7.49000000e-01  7.49000000e-01  1.46424032e+00 
 7.50000000e-01  7.50000000e-01  1.46427993e+00 
