 frequency       v(Aol_dB)       v(Aol_arg)     
 1.00000000e-02  3.81506339e+01 -3.33167841e-04 
 1.02305973e-02  3.81506339e+01 -3.40850602e-04 
 1.04665121e-02  3.81506339e+01 -3.48710524e-04 
 1.07078670e-02  3.81506339e+01 -3.56751695e-04 
 1.09547876e-02  3.81506339e+01 -3.64978293e-04 
 1.12074020e-02  3.81506339e+01 -3.73394593e-04 
 1.14658417e-02  3.81506339e+01 -3.82004972e-04 
 1.17302409e-02  3.81506339e+01 -3.90813903e-04 
 1.20007371e-02  3.81506339e+01 -3.99825966e-04 
 1.22774708e-02  3.81506339e+01 -4.09045845e-04 
 1.25605860e-02  3.81506339e+01 -4.18478332e-04 
 1.28502297e-02  3.81506339e+01 -4.28128329e-04 
 1.31465525e-02  3.81506339e+01 -4.38000853e-04 
 1.34497085e-02  3.81506339e+01 -4.48101034e-04 
 1.37598551e-02  3.81506339e+01 -4.58434123e-04 
 1.40771537e-02  3.81506339e+01 -4.69005490e-04 
 1.44017690e-02  3.81506339e+01 -4.79820630e-04 
 1.47338699e-02  3.81506339e+01 -4.90885164e-04 
 1.50736290e-02  3.81506339e+01 -5.02204843e-04 
 1.54212228e-02  3.81506339e+01 -5.13785551e-04 
 1.57768320e-02  3.81506339e+01 -5.25633307e-04 
 1.61406415e-02  3.81506339e+01 -5.37754269e-04 
 1.65128404e-02  3.81506339e+01 -5.50154737e-04 
 1.68936220e-02  3.81506339e+01 -5.62841157e-04 
 1.72831844e-02  3.81506339e+01 -5.75820122e-04 
 1.76817299e-02  3.81506339e+01 -5.89098378e-04 
 1.80894658e-02  3.81506339e+01 -6.02682828e-04 
 1.85066040e-02  3.81506339e+01 -6.16580531e-04 
 1.89333613e-02  3.81506339e+01 -6.30798712e-04 
 1.93699595e-02  3.81506339e+01 -6.45344759e-04 
 1.98166255e-02  3.81506339e+01 -6.60226235e-04 
 2.02735916e-02  3.81506339e+01 -6.75450874e-04 
 2.07410951e-02  3.81506339e+01 -6.91026588e-04 
 2.12193792e-02  3.81506339e+01 -7.06961475e-04 
 2.17086923e-02  3.81506339e+01 -7.23263816e-04 
 2.22092889e-02  3.81506339e+01 -7.39942084e-04 
 2.27214291e-02  3.81506339e+01 -7.57004948e-04 
 2.32453791e-02  3.81506339e+01 -7.74461278e-04 
 2.37814113e-02  3.81506339e+01 -7.92320146e-04 
 2.43298042e-02  3.81506339e+01 -8.10590834e-04 
 2.48908429e-02  3.81506339e+01 -8.29282840e-04 
 2.54648190e-02  3.81506339e+01 -8.48405878e-04 
 2.60520309e-02  3.81506339e+01 -8.67969888e-04 
 2.66527837e-02  3.81506339e+01 -8.87985040e-04 
 2.72673897e-02  3.81506339e+01 -9.08461735e-04 
 2.78961683e-02  3.81506339e+01 -9.29410617e-04 
 2.85394464e-02  3.81506339e+01 -9.50842575e-04 
 2.91975583e-02  3.81506339e+01 -9.72768747e-04 
 2.98708461e-02  3.81506339e+01 -9.95200532e-04 
 3.05596598e-02  3.81506339e+01 -1.01814959e-03 
 3.12643573e-02  3.81506339e+01 -1.04162784e-03 
 3.19853049e-02  3.81506339e+01 -1.06564750e-03 
 3.27228774e-02  3.81506339e+01 -1.09022104e-03 
 3.34774581e-02  3.81506339e+01 -1.11536124e-03 
 3.42494392e-02  3.81506339e+01 -1.14108117e-03 
 3.50392221e-02  3.81506339e+01 -1.16739420e-03 
 3.58472171e-02  3.81506339e+01 -1.19431399e-03 
 3.66738442e-02  3.81506339e+01 -1.22185455e-03 
 3.75195331e-02  3.81506339e+01 -1.25003019e-03 
 3.83847234e-02  3.81506339e+01 -1.27885554e-03 
 3.92698648e-02  3.81506339e+01 -1.30834561e-03 
 4.01754173e-02  3.81506339e+01 -1.33851570e-03 
 4.11018515e-02  3.81506339e+01 -1.36938151e-03 
 4.20496491e-02  3.81506339e+01 -1.40095908e-03 
 4.30193027e-02  3.81506339e+01 -1.43326482e-03 
 4.40113162e-02  3.81506339e+01 -1.46631552e-03 
 4.50262052e-02  3.81506339e+01 -1.50012836e-03 
 4.60644974e-02  3.81506339e+01 -1.53472091e-03 
 4.71267322e-02  3.81506339e+01 -1.57011116e-03 
 4.82134619e-02  3.81506339e+01 -1.60631750e-03 
 4.93252513e-02  3.81506339e+01 -1.64335875e-03 
 5.04626783e-02  3.81506339e+01 -1.68125416e-03 
 5.16263340e-02  3.81506339e+01 -1.72002343e-03 
 5.28168234e-02  3.81506339e+01 -1.75968670e-03 
 5.40347650e-02  3.81506339e+01 -1.80026460e-03 
 5.52807921e-02  3.81506339e+01 -1.84177822e-03 
 5.65555523e-02  3.81506338e+01 -1.88424912e-03 
 5.78597080e-02  3.81506338e+01 -1.92769940e-03 
 5.91939372e-02  3.81506338e+01 -1.97215163e-03 
 6.05589334e-02  3.81506338e+01 -2.01762891e-03 
 6.19554061e-02  3.81506338e+01 -2.06415489e-03 
 6.33840810e-02  3.81506338e+01 -2.11175374e-03 
 6.48457008e-02  3.81506338e+01 -2.16045021e-03 
 6.63410251e-02  3.81506338e+01 -2.21026961e-03 
 6.78708313e-02  3.81506338e+01 -2.26123783e-03 
 6.94359143e-02  3.81506338e+01 -2.31338137e-03 
 7.10370877e-02  3.81506338e+01 -2.36672731e-03 
 7.26751838e-02  3.81506338e+01 -2.42130341e-03 
 7.43510539e-02  3.81506338e+01 -2.47713801e-03 
 7.60655691e-02  3.81506338e+01 -2.53426014e-03 
 7.78196206e-02  3.81506338e+01 -2.59269950e-03 
 7.96141200e-02  3.81506338e+01 -2.65248645e-03 
 8.14500001e-02  3.81506338e+01 -2.71365207e-03 
 8.33282151e-02  3.81506338e+01 -2.77622815e-03 
 8.52497412e-02  3.81506338e+01 -2.84024722e-03 
 8.72155772e-02  3.81506338e+01 -2.90574256e-03 
 8.92267449e-02  3.81506338e+01 -2.97274819e-03 
 9.12842895e-02  3.81506338e+01 -3.04129896e-03 
 9.33892805e-02  3.81506338e+01 -3.11143050e-03 
 9.55428121e-02  3.81506338e+01 -3.18317924e-03 
 9.77460036e-02  3.81506338e+01 -3.25658250e-03 
 1.00000000e-01  3.81506338e+01 -3.33167841e-03 
 1.02305973e-01  3.81506338e+01 -3.40850601e-03 
 1.04665121e-01  3.81506338e+01 -3.48710524e-03 
 1.07078670e-01  3.81506338e+01 -3.56751694e-03 
 1.09547876e-01  3.81506338e+01 -3.64978292e-03 
 1.12074020e-01  3.81506338e+01 -3.73394593e-03 
 1.14658417e-01  3.81506338e+01 -3.82004971e-03 
 1.17302409e-01  3.81506338e+01 -3.90813903e-03 
 1.20007371e-01  3.81506338e+01 -3.99825966e-03 
 1.22774708e-01  3.81506338e+01 -4.09045844e-03 
 1.25605860e-01  3.81506338e+01 -4.18478331e-03 
 1.28502297e-01  3.81506338e+01 -4.28128328e-03 
 1.31465525e-01  3.81506338e+01 -4.38000852e-03 
 1.34497085e-01  3.81506338e+01 -4.48101033e-03 
 1.37598551e-01  3.81506338e+01 -4.58434122e-03 
 1.40771537e-01  3.81506338e+01 -4.69005489e-03 
 1.44017690e-01  3.81506338e+01 -4.79820629e-03 
 1.47338699e-01  3.81506338e+01 -4.90885163e-03 
 1.50736290e-01  3.81506338e+01 -5.02204842e-03 
 1.54212228e-01  3.81506338e+01 -5.13785550e-03 
 1.57768320e-01  3.81506338e+01 -5.25633306e-03 
 1.61406415e-01  3.81506338e+01 -5.37754268e-03 
 1.65128404e-01  3.81506338e+01 -5.50154736e-03 
 1.68936220e-01  3.81506338e+01 -5.62841155e-03 
 1.72831844e-01  3.81506338e+01 -5.75820120e-03 
 1.76817299e-01  3.81506338e+01 -5.89098376e-03 
 1.80894658e-01  3.81506338e+01 -6.02682826e-03 
 1.85066040e-01  3.81506338e+01 -6.16580529e-03 
 1.89333613e-01  3.81506338e+01 -6.30798709e-03 
 1.93699595e-01  3.81506338e+01 -6.45344757e-03 
 1.98166255e-01  3.81506338e+01 -6.60226232e-03 
 2.02735916e-01  3.81506338e+01 -6.75450871e-03 
 2.07410951e-01  3.81506338e+01 -6.91026585e-03 
 2.12193792e-01  3.81506338e+01 -7.06961472e-03 
 2.17086923e-01  3.81506338e+01 -7.23263812e-03 
 2.22092889e-01  3.81506338e+01 -7.39942080e-03 
 2.27214291e-01  3.81506338e+01 -7.57004944e-03 
 2.32453791e-01  3.81506338e+01 -7.74461273e-03 
 2.37814113e-01  3.81506338e+01 -7.92320141e-03 
 2.43298042e-01  3.81506338e+01 -8.10590829e-03 
 2.48908429e-01  3.81506338e+01 -8.29282834e-03 
 2.54648190e-01  3.81506338e+01 -8.48405872e-03 
 2.60520309e-01  3.81506338e+01 -8.67969882e-03 
 2.66527837e-01  3.81506338e+01 -8.87985033e-03 
 2.72673897e-01  3.81506337e+01 -9.08461727e-03 
 2.78961683e-01  3.81506337e+01 -9.29410609e-03 
 2.85394464e-01  3.81506337e+01 -9.50842566e-03 
 2.91975583e-01  3.81506337e+01 -9.72768739e-03 
 2.98708461e-01  3.81506337e+01 -9.95200522e-03 
 3.05596598e-01  3.81506337e+01 -1.01814958e-02 
 3.12643573e-01  3.81506337e+01 -1.04162783e-02 
 3.19853049e-01  3.81506337e+01 -1.06564749e-02 
 3.27228774e-01  3.81506337e+01 -1.09022103e-02 
 3.34774581e-01  3.81506337e+01 -1.11536123e-02 
 3.42494392e-01  3.81506337e+01 -1.14108116e-02 
 3.50392221e-01  3.81506337e+01 -1.16739418e-02 
 3.58472171e-01  3.81506337e+01 -1.19431398e-02 
 3.66738442e-01  3.81506337e+01 -1.22185453e-02 
 3.75195331e-01  3.81506337e+01 -1.25003017e-02 
 3.83847234e-01  3.81506336e+01 -1.27885552e-02 
 3.92698648e-01  3.81506336e+01 -1.30834559e-02 
 4.01754173e-01  3.81506336e+01 -1.33851568e-02 
 4.11018515e-01  3.81506336e+01 -1.36938149e-02 
 4.20496491e-01  3.81506336e+01 -1.40095906e-02 
 4.30193027e-01  3.81506336e+01 -1.43326479e-02 
 4.40113162e-01  3.81506336e+01 -1.46631549e-02 
 4.50262052e-01  3.81506336e+01 -1.50012833e-02 
 4.60644974e-01  3.81506336e+01 -1.53472088e-02 
 4.71267322e-01  3.81506335e+01 -1.57011113e-02 
 4.82134619e-01  3.81506335e+01 -1.60631746e-02 
 4.93252513e-01  3.81506335e+01 -1.64335871e-02 
 5.04626783e-01  3.81506335e+01 -1.68125411e-02 
 5.16263340e-01  3.81506335e+01 -1.72002338e-02 
 5.28168234e-01  3.81506335e+01 -1.75968665e-02 
 5.40347650e-01  3.81506334e+01 -1.80026454e-02 
 5.52807921e-01  3.81506334e+01 -1.84177816e-02 
 5.65555523e-01  3.81506334e+01 -1.88424906e-02 
 5.78597080e-01  3.81506334e+01 -1.92769933e-02 
 5.91939372e-01  3.81506334e+01 -1.97215155e-02 
 6.05589334e-01  3.81506333e+01 -2.01762883e-02 
 6.19554061e-01  3.81506333e+01 -2.06415480e-02 
 6.33840810e-01  3.81506333e+01 -2.11175365e-02 
 6.48457008e-01  3.81506333e+01 -2.16045012e-02 
 6.63410251e-01  3.81506332e+01 -2.21026951e-02 
 6.78708313e-01  3.81506332e+01 -2.26123772e-02 
 6.94359143e-01  3.81506332e+01 -2.31338125e-02 
 7.10370877e-01  3.81506331e+01 -2.36672719e-02 
 7.26751838e-01  3.81506331e+01 -2.42130327e-02 
 7.43510539e-01  3.81506331e+01 -2.47713786e-02 
 7.60655691e-01  3.81506330e+01 -2.53425999e-02 
 7.78196206e-01  3.81506330e+01 -2.59269933e-02 
 7.96141200e-01  3.81506329e+01 -2.65248627e-02 
 8.14500001e-01  3.81506329e+01 -2.71365187e-02 
 8.33282151e-01  3.81506329e+01 -2.77622794e-02 
 8.52497412e-01  3.81506328e+01 -2.84024700e-02 
 8.72155772e-01  3.81506328e+01 -2.90574232e-02 
 8.92267449e-01  3.81506327e+01 -2.97274794e-02 
 9.12842895e-01  3.81506327e+01 -3.04129869e-02 
 9.33892805e-01  3.81506326e+01 -3.11143021e-02 
 9.55428121e-01  3.81506325e+01 -3.18317893e-02 
 9.77460036e-01  3.81506325e+01 -3.25658216e-02 
 1.00000000e+00  3.81506324e+01 -3.33167805e-02 
 1.02305973e+00  3.81506324e+01 -3.40850563e-02 
 1.04665121e+00  3.81506323e+01 -3.48710483e-02 
 1.07078670e+00  3.81506322e+01 -3.56751651e-02 
 1.09547876e+00  3.81506321e+01 -3.64978245e-02 
 1.12074020e+00  3.81506321e+01 -3.73394543e-02 
 1.14658417e+00  3.81506320e+01 -3.82004917e-02 
 1.17302409e+00  3.81506319e+01 -3.90813845e-02 
 1.20007371e+00  3.81506318e+01 -3.99825904e-02 
 1.22774708e+00  3.81506317e+01 -4.09045778e-02 
 1.25605860e+00  3.81506316e+01 -4.18478260e-02 
 1.28502297e+00  3.81506315e+01 -4.28128253e-02 
 1.31465525e+00  3.81506314e+01 -4.38000771e-02 
 1.34497085e+00  3.81506313e+01 -4.48100946e-02 
 1.37598551e+00  3.81506311e+01 -4.58434029e-02 
 1.40771537e+00  3.81506310e+01 -4.69005389e-02 
 1.44017690e+00  3.81506309e+01 -4.79820522e-02 
 1.47338699e+00  3.81506307e+01 -4.90885048e-02 
 1.50736290e+00  3.81506306e+01 -5.02204719e-02 
 1.54212228e+00  3.81506305e+01 -5.13785419e-02 
 1.57768320e+00  3.81506303e+01 -5.25633165e-02 
 1.61406415e+00  3.81506301e+01 -5.37754117e-02 
 1.65128404e+00  3.81506300e+01 -5.50154575e-02 
 1.68936220e+00  3.81506298e+01 -5.62840983e-02 
 1.72831844e+00  3.81506296e+01 -5.75819936e-02 
 1.76817299e+00  3.81506294e+01 -5.89098179e-02 
 1.80894658e+00  3.81506292e+01 -6.02682614e-02 
 1.85066040e+00  3.81506290e+01 -6.16580302e-02 
 1.89333613e+00  3.81506287e+01 -6.30798467e-02 
 1.93699595e+00  3.81506285e+01 -6.45344497e-02 
 1.98166255e+00  3.81506282e+01 -6.60225954e-02 
 2.02735916e+00  3.81506280e+01 -6.75450573e-02 
 2.07410951e+00  3.81506277e+01 -6.91026267e-02 
 2.12193792e+00  3.81506274e+01 -7.06961130e-02 
 2.17086923e+00  3.81506271e+01 -7.23263446e-02 
 2.22092889e+00  3.81506268e+01 -7.39941688e-02 
 2.27214291e+00  3.81506265e+01 -7.57004525e-02 
 2.32453791e+00  3.81506261e+01 -7.74460825e-02 
 2.37814113e+00  3.81506258e+01 -7.92319660e-02 
 2.43298042e+00  3.81506254e+01 -8.10590315e-02 
 2.48908429e+00  3.81506250e+01 -8.29282283e-02 
 2.54648190e+00  3.81506246e+01 -8.48405282e-02 
 2.60520309e+00  3.81506241e+01 -8.67969250e-02 
 2.66527837e+00  3.81506237e+01 -8.87984356e-02 
 2.72673897e+00  3.81506232e+01 -9.08461003e-02 
 2.78961683e+00  3.81506227e+01 -9.29409834e-02 
 2.85394464e+00  3.81506222e+01 -9.50841736e-02 
 2.91975583e+00  3.81506217e+01 -9.72767849e-02 
 2.98708461e+00  3.81506211e+01 -9.95199570e-02 
 3.05596598e+00  3.81506205e+01 -1.01814856e-01 
 3.12643573e+00  3.81506199e+01 -1.04162674e-01 
 3.19853049e+00  3.81506192e+01 -1.06564632e-01 
 3.27228774e+00  3.81506185e+01 -1.09021978e-01 
 3.34774581e+00  3.81506178e+01 -1.11535989e-01 
 3.42494392e+00  3.81506171e+01 -1.14107972e-01 
 3.50392221e+00  3.81506163e+01 -1.16739264e-01 
 3.58472171e+00  3.81506155e+01 -1.19431233e-01 
 3.66738442e+00  3.81506146e+01 -1.22185277e-01 
 3.75195331e+00  3.81506137e+01 -1.25002828e-01 
 3.83847234e+00  3.81506128e+01 -1.27885350e-01 
 3.92698648e+00  3.81506118e+01 -1.30834342e-01 
 4.01754173e+00  3.81506108e+01 -1.33851336e-01 
 4.11018515e+00  3.81506097e+01 -1.36937901e-01 
 4.20496491e+00  3.81506086e+01 -1.40095640e-01 
 4.30193027e+00  3.81506074e+01 -1.43326195e-01 
 4.40113162e+00  3.81506061e+01 -1.46631244e-01 
 4.50262052e+00  3.81506048e+01 -1.50012507e-01 
 4.60644974e+00  3.81506035e+01 -1.53471739e-01 
 4.71267322e+00  3.81506021e+01 -1.57010739e-01 
 4.82134619e+00  3.81506006e+01 -1.60631346e-01 
 4.93252513e+00  3.81505990e+01 -1.64335442e-01 
 5.04626783e+00  3.81505974e+01 -1.68124952e-01 
 5.16263340e+00  3.81505957e+01 -1.72001846e-01 
 5.28168234e+00  3.81505939e+01 -1.75968138e-01 
 5.40347650e+00  3.81505921e+01 -1.80025891e-01 
 5.52807921e+00  3.81505901e+01 -1.84177212e-01 
 5.65555523e+00  3.81505881e+01 -1.88424260e-01 
 5.78597080e+00  3.81505860e+01 -1.92769241e-01 
 5.91939372e+00  3.81505837e+01 -1.97214414e-01 
 6.05589334e+00  3.81505814e+01 -2.01762090e-01 
 6.19554061e+00  3.81505789e+01 -2.06414631e-01 
 6.33840810e+00  3.81505764e+01 -2.11174455e-01 
 6.48457008e+00  3.81505737e+01 -2.16044037e-01 
 6.63410251e+00  3.81505709e+01 -2.21025908e-01 
 6.78708313e+00  3.81505679e+01 -2.26122655e-01 
 6.94359143e+00  3.81505649e+01 -2.31336929e-01 
 7.10370877e+00  3.81505617e+01 -2.36671438e-01 
 7.26751838e+00  3.81505583e+01 -2.42128956e-01 
 7.43510539e+00  3.81505548e+01 -2.47712318e-01 
 7.60655691e+00  3.81505511e+01 -2.53424426e-01 
 7.78196206e+00  3.81505472e+01 -2.59268249e-01 
 7.96141200e+00  3.81505432e+01 -2.65246824e-01 
 8.14500001e+00  3.81505389e+01 -2.71363257e-01 
 8.33282151e+00  3.81505345e+01 -2.77620727e-01 
 8.52497412e+00  3.81505299e+01 -2.84022487e-01 
 8.72155772e+00  3.81505250e+01 -2.90571862e-01 
 8.92267449e+00  3.81505199e+01 -2.97272256e-01 
 9.12842895e+00  3.81505146e+01 -3.04127152e-01 
 9.33892805e+00  3.81505091e+01 -3.11140111e-01 
 9.55428121e+00  3.81505032e+01 -3.18314777e-01 
 9.77460036e+00  3.81504972e+01 -3.25654880e-01 
 1.00000000e+01  3.81504908e+01 -3.33164233e-01 
 1.02305973e+01  3.81504841e+01 -3.40846738e-01 
 1.04665121e+01  3.81504771e+01 -3.48706387e-01 
 1.07078670e+01  3.81504698e+01 -3.56747264e-01 
 1.09547876e+01  3.81504622e+01 -3.64973549e-01 
 1.12074020e+01  3.81504541e+01 -3.73389514e-01 
 1.14658417e+01  3.81504458e+01 -3.81999532e-01 
 1.17302409e+01  3.81504370e+01 -3.90808079e-01 
 1.20007371e+01  3.81504278e+01 -3.99819730e-01 
 1.22774708e+01  3.81504182e+01 -4.09039167e-01 
 1.25605860e+01  3.81504081e+01 -4.18471181e-01 
 1.28502297e+01  3.81503976e+01 -4.28120672e-01 
 1.31465525e+01  3.81503866e+01 -4.37992653e-01 
 1.34497085e+01  3.81503750e+01 -4.48092254e-01 
 1.37598551e+01  3.81503630e+01 -4.58424722e-01 
 1.40771537e+01  3.81503503e+01 -4.68995423e-01 
 1.44017690e+01  3.81503371e+01 -4.79809851e-01 
 1.47338699e+01  3.81503233e+01 -4.90873622e-01 
 1.50736290e+01  3.81503088e+01 -5.02192484e-01 
 1.54212228e+01  3.81502936e+01 -5.13772317e-01 
 1.57768320e+01  3.81502777e+01 -5.25619136e-01 
 1.61406415e+01  3.81502611e+01 -5.37739095e-01 
 1.65128404e+01  3.81502437e+01 -5.50138490e-01 
 1.68936220e+01  3.81502255e+01 -5.62823759e-01 
 1.72831844e+01  3.81502065e+01 -5.75801493e-01 
 1.76817299e+01  3.81501866e+01 -5.89078430e-01 
 1.80894658e+01  3.81501657e+01 -6.02661468e-01 
 1.85066040e+01  3.81501439e+01 -6.16557659e-01 
 1.89333613e+01  3.81501210e+01 -6.30774221e-01 
 1.93699595e+01  3.81500971e+01 -6.45318535e-01 
 1.98166255e+01  3.81500720e+01 -6.60198155e-01 
 2.02735916e+01  3.81500458e+01 -6.75420806e-01 
 2.07410951e+01  3.81500184e+01 -6.90994392e-01 
 2.12193792e+01  3.81499897e+01 -7.06926999e-01 
 2.17086923e+01  3.81499596e+01 -7.23226900e-01 
 2.22092889e+01  3.81499282e+01 -7.39902555e-01 
 2.27214291e+01  3.81498953e+01 -7.56962622e-01 
 2.32453791e+01  3.81498608e+01 -7.74415955e-01 
 2.37814113e+01  3.81498248e+01 -7.92271615e-01 
 2.43298042e+01  3.81497870e+01 -8.10538869e-01 
 2.48908429e+01  3.81497475e+01 -8.29227196e-01 
 2.54648190e+01  3.81497062e+01 -8.48346296e-01 
 2.60520309e+01  3.81496629e+01 -8.67906089e-01 
 2.66527837e+01  3.81496176e+01 -8.87916724e-01 
 2.72673897e+01  3.81495702e+01 -9.08388584e-01 
 2.78961683e+01  3.81495206e+01 -9.29332289e-01 
 2.85394464e+01  3.81494686e+01 -9.50758703e-01 
 2.91975583e+01  3.81494143e+01 -9.72678939e-01 
 2.98708461e+01  3.81493574e+01 -9.95104367e-01 
 3.05596598e+01  3.81492979e+01 -1.01804662e+00 
 3.12643573e+01  3.81492356e+01 -1.04151758e+00 
 3.19853049e+01  3.81491703e+01 -1.06552944e+00 
 3.27228774e+01  3.81491021e+01 -1.09009462e+00 
 3.34774581e+01  3.81490306e+01 -1.11522588e+00 
 3.42494392e+01  3.81489559e+01 -1.14093623e+00 
 3.50392221e+01  3.81488776e+01 -1.16723899e+00 
 3.58472171e+01  3.81487957e+01 -1.19414780e+00 
 3.66738442e+01  3.81487099e+01 -1.22167660e+00 
 3.75195331e+01  3.81486202e+01 -1.24983964e+00 
 3.83847234e+01  3.81485263e+01 -1.27865151e+00 
 3.92698648e+01  3.81484280e+01 -1.30812714e+00 
 4.01754173e+01  3.81483251e+01 -1.33828177e+00 
 4.11018515e+01  3.81482174e+01 -1.36913102e+00 
 4.20496491e+01  3.81481047e+01 -1.40069087e+00 
 4.30193027e+01  3.81479868e+01 -1.43297762e+00 
 4.40113162e+01  3.81478633e+01 -1.46600800e+00 
 4.50262052e+01  3.81477341e+01 -1.49979907e+00 
 4.60644974e+01  3.81475989e+01 -1.53436833e+00 
 4.71267322e+01  3.81474574e+01 -1.56973362e+00 
 4.82134619e+01  3.81473092e+01 -1.60591325e+00 
 4.93252513e+01  3.81471542e+01 -1.64292589e+00 
 5.04626783e+01  3.81469919e+01 -1.68079067e+00 
 5.16263340e+01  3.81468221e+01 -1.71952714e+00 
 5.28168234e+01  3.81466444e+01 -1.75915529e+00 
 5.40347650e+01  3.81464583e+01 -1.79969559e+00 
 5.52807921e+01  3.81462636e+01 -1.84116894e+00 
 5.65555523e+01  3.81460599e+01 -1.88359674e+00 
 5.78597080e+01  3.81458466e+01 -1.92700086e+00 
 5.91939372e+01  3.81456234e+01 -1.97140366e+00 
 6.05589334e+01  3.81453898e+01 -2.01682802e+00 
 6.19554061e+01  3.81451453e+01 -2.06329734e+00 
 6.33840810e+01  3.81448894e+01 -2.11083552e+00 
 6.48457008e+01  3.81446216e+01 -2.15946703e+00 
 6.63410251e+01  3.81443413e+01 -2.20921687e+00 
 6.78708313e+01  3.81440480e+01 -2.26011062e+00 
 6.94359143e+01  3.81437410e+01 -2.31217441e+00 
 7.10370877e+01  3.81434197e+01 -2.36543498e+00 
 7.26751838e+01  3.81430835e+01 -2.41991966e+00 
 7.43510539e+01  3.81427315e+01 -2.47565638e+00 
 7.60655691e+01  3.81423632e+01 -2.53267372e+00 
 7.78196206e+01  3.81419778e+01 -2.59100087e+00 
 7.96141200e+01  3.81415744e+01 -2.65066768e+00 
 8.14500001e+01  3.81411522e+01 -2.71170467e+00 
 8.33282151e+01  3.81407104e+01 -2.77414303e+00 
 8.52497412e+01  3.81402480e+01 -2.83801464e+00 
 8.72155772e+01  3.81397641e+01 -2.90335210e+00 
 8.92267449e+01  3.81392577e+01 -2.97018870e+00 
 9.12842895e+01  3.81387277e+01 -3.03855850e+00 
 9.33892805e+01  3.81381731e+01 -3.10849626e+00 
 9.55428121e+01  3.81375926e+01 -3.18003756e+00 
 9.77460036e+01  3.81369852e+01 -3.25321870e+00 
 1.00000000e+02  3.81363495e+01 -3.32807682e+00 
 1.02305973e+02  3.81356843e+01 -3.40464984e+00 
 1.04665121e+02  3.81349881e+01 -3.48297649e+00 
 1.07078670e+02  3.81342596e+01 -3.56309638e+00 
 1.09547876e+02  3.81334972e+01 -3.64504994e+00 
 1.12074020e+02  3.81326994e+01 -3.72887848e+00 
 1.14658417e+02  3.81318645e+01 -3.81462418e+00 
 1.17302409e+02  3.81309909e+01 -3.90233014e+00 
 1.20007371e+02  3.81300767e+01 -3.99204036e+00 
 1.22774708e+02  3.81291200e+01 -4.08379978e+00 
 1.25605860e+02  3.81281190e+01 -4.17765429e+00 
 1.28502297e+02  3.81270715e+01 -4.27365073e+00 
 1.31465525e+02  3.81259754e+01 -4.37183692e+00 
 1.34497085e+02  3.81248284e+01 -4.47226168e+00 
 1.37598551e+02  3.81236283e+01 -4.57497483e+00 
 1.40771537e+02  3.81223726e+01 -4.68002723e+00 
 1.44017690e+02  3.81210586e+01 -4.78747075e+00 
 1.47338699e+02  3.81196838e+01 -4.89735834e+00 
 1.50736290e+02  3.81182454e+01 -5.00974401e+00 
 1.54212228e+02  3.81167403e+01 -5.12468284e+00 
 1.57768320e+02  3.81151655e+01 -5.24223102e+00 
 1.61406415e+02  3.81135179e+01 -5.36244585e+00 
 1.65128404e+02  3.81117941e+01 -5.48538573e+00 
 1.68936220e+02  3.81099907e+01 -5.61111021e+00 
 1.72831844e+02  3.81081039e+01 -5.73967999e+00 
 1.76817299e+02  3.81061299e+01 -5.87115691e+00 
 1.80894658e+02  3.81040648e+01 -6.00560399e+00 
 1.85066040e+02  3.81019045e+01 -6.14308541e+00 
 1.89333613e+02  3.80996445e+01 -6.28366656e+00 
 1.93699595e+02  3.80972803e+01 -6.42741398e+00 
 1.98166255e+02  3.80948071e+01 -6.57439544e+00 
 2.02735916e+02  3.80922202e+01 -6.72467990e+00 
 2.07410951e+02  3.80895142e+01 -6.87833752e+00 
 2.12193792e+02  3.80866838e+01 -7.03543968e+00 
 2.17086923e+02  3.80837233e+01 -7.19605894e+00 
 2.22092889e+02  3.80806268e+01 -7.36026908e+00 
 2.27214291e+02  3.80773882e+01 -7.52814510e+00 
 2.32453791e+02  3.80740012e+01 -7.69976317e+00 
 2.37814113e+02  3.80704590e+01 -7.87520065e+00 
 2.43298042e+02  3.80667546e+01 -8.05453608e+00 
 2.48908429e+02  3.80628807e+01 -8.23784918e+00 
 2.54648190e+02  3.80588298e+01 -8.42522080e+00 
 2.60520309e+02  3.80545940e+01 -8.61673293e+00 
 2.66527837e+02  3.80501651e+01 -8.81246867e+00 
 2.72673897e+02  3.80455343e+01 -9.01251220e+00 
 2.78961683e+02  3.80406928e+01 -9.21694875e+00 
 2.85394464e+02  3.80356312e+01 -9.42586459e+00 
 2.91975583e+02  3.80303397e+01 -9.63934695e+00 
 2.98708461e+02  3.80248082e+01 -9.85748403e+00 
 3.05596598e+02  3.80190263e+01 -1.00803649e+01 
 3.12643573e+02  3.80129829e+01 -1.03080795e+01 
 3.19853049e+02  3.80066665e+01 -1.05407186e+01 
 3.27228774e+02  3.80000652e+01 -1.07783736e+01 
 3.34774581e+02  3.79931667e+01 -1.10211367e+01 
 3.42494392e+02  3.79859581e+01 -1.12691005e+01 
 3.50392221e+02  3.79784260e+01 -1.15223582e+01 
 3.58472171e+02  3.79705564e+01 -1.17810035e+01 
 3.66738442e+02  3.79623350e+01 -1.20451304e+01 
 3.75195331e+02  3.79537466e+01 -1.23148330e+01 
 3.83847234e+02  3.79447757e+01 -1.25902057e+01 
 3.92698648e+02  3.79354061e+01 -1.28713427e+01 
 4.01754173e+02  3.79256210e+01 -1.31583381e+01 
 4.11018515e+02  3.79154029e+01 -1.34512860e+01 
 4.20496491e+02  3.79047337e+01 -1.37502798e+01 
 4.30193027e+02  3.78935949e+01 -1.40554123e+01 
 4.40113162e+02  3.78819669e+01 -1.43667759e+01 
 4.50262052e+02  3.78698295e+01 -1.46844617e+01 
 4.60644974e+02  3.78571623e+01 -1.50085600e+01 
 4.71267322e+02  3.78439433e+01 -1.53391597e+01 
 4.82134619e+02  3.78301508e+01 -1.56763483e+01 
 4.93252513e+02  3.78157614e+01 -1.60202113e+01 
 5.04626783e+02  3.78007516e+01 -1.63708326e+01 
 5.16263340e+02  3.77850969e+01 -1.67282937e+01 
 5.28168234e+02  3.77687720e+01 -1.70926739e+01 
 5.40347650e+02  3.77517510e+01 -1.74640495e+01 
 5.52807921e+02  3.77340070e+01 -1.78424941e+01 
 5.65555523e+02  3.77155124e+01 -1.82280778e+01 
 5.78597080e+02  3.76962389e+01 -1.86208673e+01 
 5.91939372e+02  3.76761574e+01 -1.90209254e+01 
 6.05589334e+02  3.76552379e+01 -1.94283106e+01 
 6.19554061e+02  3.76334498e+01 -1.98430772e+01 
 6.33840810e+02  3.76107615e+01 -2.02652743e+01 
 6.48457008e+02  3.75871410e+01 -2.06949459e+01 
 6.63410251e+02  3.75625552e+01 -2.11321306e+01 
 6.78708313e+02  3.75369705e+01 -2.15768610e+01 
 6.94359143e+02  3.75103524e+01 -2.20291632e+01 
 7.10370877e+02  3.74826661e+01 -2.24890570e+01 
 7.26751838e+02  3.74538757e+01 -2.29565551e+01 
 7.43510539e+02  3.74239450e+01 -2.34316626e+01 
 7.60655691e+02  3.73928371e+01 -2.39143771e+01 
 7.78196206e+02  3.73605146e+01 -2.44046878e+01 
 7.96141200e+02  3.73269396e+01 -2.49025757e+01 
 8.14500001e+02  3.72920738e+01 -2.54080128e+01 
 8.33282151e+02  3.72558784e+01 -2.59209617e+01 
 8.52497412e+02  3.72183144e+01 -2.64413759e+01 
 8.72155772e+02  3.71793424e+01 -2.69691985e+01 
 8.92267449e+02  3.71389230e+01 -2.75043630e+01 
 9.12842895e+02  3.70970165e+01 -2.80467920e+01 
 9.33892805e+02  3.70535833e+01 -2.85963975e+01 
 9.55428121e+02  3.70085838e+01 -2.91530807e+01 
 9.77460036e+02  3.69619785e+01 -2.97167314e+01 
 1.00000000e+03  3.69137281e+01 -3.02872284e+01 
 1.02305973e+03  3.68637937e+01 -3.08644386e+01 
 1.04665121e+03  3.68121366e+01 -3.14482177e+01 
 1.07078670e+03  3.67587188e+01 -3.20384094e+01 
 1.09547876e+03  3.67035031e+01 -3.26348460e+01 
 1.12074020e+03  3.66464525e+01 -3.32373482e+01 
 1.14658417e+03  3.65875313e+01 -3.38457248e+01 
 1.17302409e+03  3.65267045e+01 -3.44597735e+01 
 1.20007371e+03  3.64639381e+01 -3.50792804e+01 
 1.22774708e+03  3.63991997e+01 -3.57040210e+01 
 1.25605860e+03  3.63324574e+01 -3.63337595e+01 
 1.28502297e+03  3.62636812e+01 -3.69682499e+01 
 1.31465525e+03  3.61928426e+01 -3.76072364e+01 
 1.34497085e+03  3.61199146e+01 -3.82504530e+01 
 1.37598551e+03  3.60448715e+01 -3.88976251e+01 
 1.40771537e+03  3.59676900e+01 -3.95484693e+01 
 1.44017690e+03  3.58883480e+01 -4.02026941e+01 
 1.47338699e+03  3.58068259e+01 -4.08600007e+01 
 1.50736290e+03  3.57231058e+01 -4.15200838e+01 
 1.54212228e+03  3.56371719e+01 -4.21826319e+01 
 1.57768320e+03  3.55490108e+01 -4.28473284e+01 
 1.61406415e+03  3.54586109e+01 -4.35138524e+01 
 1.65128404e+03  3.53659632e+01 -4.41818792e+01 
 1.68936220e+03  3.52710607e+01 -4.48510814e+01 
 1.72831844e+03  3.51738989e+01 -4.55211300e+01 
 1.76817299e+03  3.50744756e+01 -4.61916946e+01 
 1.80894658e+03  3.49727909e+01 -4.68624448e+01 
 1.85066040e+03  3.48688473e+01 -4.75330513e+01 
 1.89333613e+03  3.47626493e+01 -4.82031859e+01 
 1.93699595e+03  3.46542043e+01 -4.88725233e+01 
 1.98166255e+03  3.45435214e+01 -4.95407414e+01 
 2.02735916e+03  3.44306122e+01 -5.02075224e+01 
 2.07410951e+03  3.43154906e+01 -5.08725535e+01 
 2.12193792e+03  3.41981722e+01 -5.15355278e+01 
 2.17086923e+03  3.40786751e+01 -5.21961447e+01 
 2.22092889e+03  3.39570191e+01 -5.28541111e+01 
 2.27214291e+03  3.38332261e+01 -5.35091419e+01 
 2.32453791e+03  3.37073197e+01 -5.41609604e+01 
 2.37814113e+03  3.35793252e+01 -5.48092992e+01 
 2.43298042e+03  3.34492698e+01 -5.54539004e+01 
 2.48908429e+03  3.33171818e+01 -5.60945164e+01 
 2.54648190e+03  3.31830913e+01 -5.67309101e+01 
 2.60520309e+03  3.30470295e+01 -5.73628555e+01 
 2.66527837e+03  3.29090290e+01 -5.79901378e+01 
 2.72673897e+03  3.27691233e+01 -5.86125536e+01 
 2.78961683e+03  3.26273471e+01 -5.92299115e+01 
 2.85394464e+03  3.24837359e+01 -5.98420318e+01 
 2.91975583e+03  3.23383259e+01 -6.04487470e+01 
 2.98708461e+03  3.21911539e+01 -6.10499015e+01 
 3.05596598e+03  3.20422578e+01 -6.16453520e+01 
 3.12643573e+03  3.18916753e+01 -6.22349672e+01 
 3.19853049e+03  3.17394447e+01 -6.28186276e+01 
 3.27228774e+03  3.15856045e+01 -6.33962259e+01 
 3.34774581e+03  3.14301937e+01 -6.39676665e+01 
 3.42494392e+03  3.12732509e+01 -6.45328650e+01 
 3.50392221e+03  3.11148149e+01 -6.50917488e+01 
 3.58472171e+03  3.09549246e+01 -6.56442561e+01 
 3.66738442e+03  3.07936182e+01 -6.61903361e+01 
 3.75195331e+03  3.06309344e+01 -6.67299485e+01 
 3.83847234e+03  3.04669107e+01 -6.72630632e+01 
 3.92698648e+03  3.03015850e+01 -6.77896601e+01 
 4.01754173e+03  3.01349943e+01 -6.83097286e+01 
 4.11018515e+03  2.99671753e+01 -6.88232675e+01 
 4.20496491e+03  2.97981639e+01 -6.93302843e+01 
 4.30193027e+03  2.96279957e+01 -6.98307950e+01 
 4.40113162e+03  2.94567057e+01 -7.03248238e+01 
 4.50262052e+03  2.92843279e+01 -7.08124030e+01 
 4.60644974e+03  2.91108956e+01 -7.12935716e+01 
 4.71267322e+03  2.89364417e+01 -7.17683762e+01 
 4.82134619e+03  2.87609982e+01 -7.22368702e+01 
 4.93252513e+03  2.85845961e+01 -7.26991126e+01 
 5.04626783e+03  2.84072658e+01 -7.31551690e+01 
 5.16263340e+03  2.82290368e+01 -7.36051105e+01 
 5.28168234e+03  2.80499378e+01 -7.40490131e+01 
 5.40347650e+03  2.78699965e+01 -7.44869581e+01 
 5.52807921e+03  2.76892399e+01 -7.49190313e+01 
 5.65555523e+03  2.75076941e+01 -7.53453227e+01 
 5.78597080e+03  2.73253843e+01 -7.57659263e+01 
 5.91939372e+03  2.71423348e+01 -7.61809399e+01 
 6.05589334e+03  2.69585690e+01 -7.65904645e+01 
 6.19554061e+03  2.67741096e+01 -7.69946045e+01 
 6.33840810e+03  2.65889783e+01 -7.73934668e+01 
 6.48457008e+03  2.64031957e+01 -7.77871612e+01 
 6.63410251e+03  2.62167821e+01 -7.81757998e+01 
 6.78708313e+03  2.60297564e+01 -7.85594966e+01 
 6.94359143e+03  2.58421369e+01 -7.89383677e+01 
 7.10370877e+03  2.56539411e+01 -7.93125312e+01 
 7.26751838e+03  2.54651855e+01 -7.96821059e+01 
 7.43510539e+03  2.52758860e+01 -8.00472127e+01 
 7.60655691e+03  2.50860573e+01 -8.04079729e+01 
 7.78196206e+03  2.48957138e+01 -8.07645096e+01 
 7.96141200e+03  2.47048686e+01 -8.11169456e+01 
 8.14500001e+03  2.45135345e+01 -8.14654055e+01 
 8.33282151e+03  2.43217231e+01 -8.18100133e+01 
 8.52497412e+03  2.41294456e+01 -8.21508940e+01 
 8.72155772e+03  2.39367120e+01 -8.24881723e+01 
 8.92267449e+03  2.37435319e+01 -8.28219732e+01 
 9.12842895e+03  2.35499140e+01 -8.31524218e+01 
 9.33892805e+03  2.33558665e+01 -8.34796427e+01 
 9.55428121e+03  2.31613964e+01 -8.38037598e+01 
 9.77460036e+03  2.29665107e+01 -8.41248977e+01 
 1.00000000e+04  2.27712148e+01 -8.44431792e+01 
 1.02305973e+04  2.25755142e+01 -8.47587272e+01 
 1.04665121e+04  2.23794132e+01 -8.50716633e+01 
 1.07078670e+04  2.21829156e+01 -8.53821089e+01 
 1.09547876e+04  2.19860246e+01 -8.56901838e+01 
 1.12074020e+04  2.17887427e+01 -8.59960072e+01 
 1.14658417e+04  2.15910714e+01 -8.62996965e+01 
 1.17302409e+04  2.13930122e+01 -8.66013687e+01 
 1.20007371e+04  2.11945651e+01 -8.69011384e+01 
 1.22774708e+04  2.09957303e+01 -8.71991196e+01 
 1.25605860e+04  2.07965066e+01 -8.74954239e+01 
 1.28502297e+04  2.05968927e+01 -8.77901619e+01 
 1.31465525e+04  2.03968863e+01 -8.80834419e+01 
 1.34497085e+04  2.01964847e+01 -8.83753706e+01 
 1.37598551e+04  1.99956845e+01 -8.86660523e+01 
 1.40771537e+04  1.97944818e+01 -8.89555899e+01 
 1.44017690e+04  1.95928716e+01 -8.92440826e+01 
 1.47338699e+04  1.93908487e+01 -8.95316284e+01 
 1.50736290e+04  1.91884073e+01 -8.98183223e+01 
 1.54212228e+04  1.89855409e+01 -9.01042570e+01 
 1.57768320e+04  1.87822421e+01 -9.03895214e+01 
 1.61406415e+04  1.85785033e+01 -9.06742022e+01 
 1.65128404e+04  1.83743162e+01 -9.09583828e+01 
 1.68936220e+04  1.81696717e+01 -9.12421429e+01 
 1.72831844e+04  1.79645603e+01 -9.15255595e+01 
 1.76817299e+04  1.77589720e+01 -9.18087052e+01 
 1.80894658e+04  1.75528959e+01 -9.20916486e+01 
 1.85066040e+04  1.73463211e+01 -9.23744555e+01 
 1.89333613e+04  1.71392353e+01 -9.26571855e+01 
 1.93699595e+04  1.69316265e+01 -9.29398954e+01 
 1.98166255e+04  1.67234816e+01 -9.32226367e+01 
 2.02735916e+04  1.65147874e+01 -9.35054560e+01 
 2.07410951e+04  1.63055299e+01 -9.37883944e+01 
 2.12193792e+04  1.60956949e+01 -9.40714891e+01 
 2.17086923e+04  1.58852672e+01 -9.43547694e+01 
 2.22092889e+04  1.56742321e+01 -9.46382613e+01 
 2.27214291e+04  1.54625736e+01 -9.49219828e+01 
 2.32453791e+04  1.52502758e+01 -9.52059467e+01 
 2.37814113e+04  1.50373222e+01 -9.54901584e+01 
 2.43298042e+04  1.48236964e+01 -9.57746175e+01 
 2.48908429e+04  1.46093814e+01 -9.60593160e+01 
 2.54648190e+04  1.43943599e+01 -9.63442386e+01 
 2.60520309e+04  1.41786147e+01 -9.66293624e+01 
 2.66527837e+04  1.39621284e+01 -9.69146570e+01 
 2.72673897e+04  1.37448833e+01 -9.72000843e+01 
 2.78961683e+04  1.35268620e+01 -9.74855967e+01 
 2.85394464e+04  1.33080469e+01 -9.77711401e+01 
 2.91975583e+04  1.30884205e+01 -9.80566503e+01 
 2.98708461e+04  1.28679658e+01 -9.83420554e+01 
 3.05596598e+04  1.26466657e+01 -9.86272737e+01 
 3.12643573e+04  1.24245034e+01 -9.89122148e+01 
 3.19853049e+04  1.22014629e+01 -9.91967803e+01 
 3.27228774e+04  1.19775282e+01 -9.94808600e+01 
 3.34774581e+04  1.17526841e+01 -9.97643372e+01 
 3.42494392e+04  1.15269162e+01 -1.00047085e+02 
 3.50392221e+04  1.13002106e+01 -1.00328966e+02 
 3.58472171e+04  1.10725544e+01 -1.00609835e+02 
 3.66738442e+04  1.08439356e+01 -1.00889537e+02 
 3.75195331e+04  1.06143432e+01 -1.01167910e+02 
 3.83847234e+04  1.03837676e+01 -1.01444780e+02 
 3.92698648e+04  1.01522002e+01 -1.01719969e+02 
 4.01754173e+04  9.91963382e+00 -1.01993286e+02 
 4.11018515e+04  9.68606280e+00 -1.02264536e+02 
 4.20496491e+04  9.45148300e+00 -1.02533515e+02 
 4.30193027e+04  9.21589206e+00 -1.02800012e+02 
 4.40113162e+04  8.97928924e+00 -1.03063810e+02 
 4.50262052e+04  8.74167578e+00 -1.03324689e+02 
 4.60644974e+04  8.50305468e+00 -1.03582417e+02 
 4.71267322e+04  8.26343123e+00 -1.03836766e+02 
 4.82134619e+04  8.02281271e+00 -1.04087500e+02 
 4.93252513e+04  7.78120861e+00 -1.04334380e+02 
 5.04626783e+04  7.53863061e+00 -1.04577167e+02 
 5.16263340e+04  7.29509281e+00 -1.04815620e+02 
 5.28168234e+04  7.05061157e+00 -1.05049498e+02 
 5.40347650e+04  6.80520568e+00 -1.05278561e+02 
 5.52807921e+04  6.55889640e+00 -1.05502573e+02 
 5.65555523e+04  6.31170739e+00 -1.05721300e+02 
 5.78597080e+04  6.06366470e+00 -1.05934511e+02 
 5.91939372e+04  5.81479684e+00 -1.06141983e+02 
 6.05589334e+04  5.56513474e+00 -1.06343498e+02 
 6.19554061e+04  5.31471165e+00 -1.06538847e+02 
 6.33840810e+04  5.06356317e+00 -1.06727829e+02 
 6.48457008e+04  4.81172710e+00 -1.06910252e+02 
 6.63410251e+04  4.55924345e+00 -1.07085937e+02 
 6.78708313e+04  4.30615426e+00 -1.07254718e+02 
 6.94359143e+04  4.05250357e+00 -1.07416440e+02 
 7.10370877e+04  3.79833723e+00 -1.07570963e+02 
 7.26751838e+04  3.54370282e+00 -1.07718161e+02 
 7.43510539e+04  3.28864949e+00 -1.07857927e+02 
 7.60655691e+04  3.03322780e+00 -1.07990169e+02 
 7.78196206e+04  2.77748955e+00 -1.08114812e+02 
 7.96141200e+04  2.52148764e+00 -1.08231799e+02 
 8.14500001e+04  2.26527584e+00 -1.08341094e+02 
 8.33282151e+04  2.00890864e+00 -1.08442678e+02 
 8.52497412e+04  1.75244103e+00 -1.08536551e+02 
 8.72155772e+04  1.49592833e+00 -1.08622736e+02 
 8.92267449e+04  1.23942598e+00 -1.08701271e+02 
 9.12842895e+04  9.82989310e-01 -1.08772218e+02 
 9.33892805e+04  7.26673409e-01 -1.08835658e+02 
 9.55428121e+04  4.70532841e-01 -1.08891690e+02 
 9.77460036e+04  2.14621531e-01 -1.08940434e+02 
 1.00000000e+05 -4.10074781e-02 -1.08982028e+02 
 1.02305973e+05 -2.96302189e-01 -1.09016630e+02 
 1.04665121e+05 -5.51211835e-01 -1.09044415e+02 
 1.07078670e+05 -8.05687033e-01 -1.09065575e+02 
 1.09547876e+05 -1.05967996e+00 -1.09080320e+02 
 1.12074020e+05 -1.31314451e+00 -1.09088874e+02 
 1.14658417e+05 -1.56603639e+00 -1.09091478e+02 
 1.17302409e+05 -1.81831323e+00 -1.09088386e+02 
 1.20007371e+05 -2.06993486e+00 -1.09079865e+02 
 1.22774708e+05 -2.32086316e+00 -1.09066195e+02 
 1.25605860e+05 -2.57106235e+00 -1.09047666e+02 
 1.28502297e+05 -2.82049890e+00 -1.09024579e+02 
 1.31465525e+05 -3.06914174e+00 -1.08997244e+02 
 1.34497085e+05 -3.31696219e+00 -1.08965976e+02 
 1.37598551e+05 -3.56393408e+00 -1.08931101e+02 
 1.40771537e+05 -3.81003363e+00 -1.08892948e+02 
 1.44017690e+05 -4.05523968e+00 -1.08851852e+02 
 1.47338699e+05 -4.29953338e+00 -1.08808149e+02 
 1.50736290e+05 -4.54289850e+00 -1.08762181e+02 
 1.54212228e+05 -4.78532109e+00 -1.08714289e+02 
 1.57768320e+05 -5.02678970e+00 -1.08664815e+02 
 1.61406415e+05 -5.26729514e+00 -1.08614102e+02 
 1.65128404e+05 -5.50683053e+00 -1.08562490e+02 
 1.68936220e+05 -5.74539115e+00 -1.08510319e+02 
 1.72831844e+05 -5.98297448e+00 -1.08457924e+02 
 1.76817299e+05 -6.21957998e+00 -1.08405639e+02 
 1.80894658e+05 -6.45520911e+00 -1.08353792e+02 
 1.85066040e+05 -6.68986519e+00 -1.08302707e+02 
 1.89333613e+05 -6.92355333e+00 -1.08252704e+02 
 1.93699595e+05 -7.15628031e+00 -1.08204096e+02 
 1.98166255e+05 -7.38805449e+00 -1.08157190e+02 
 2.02735916e+05 -7.61888572e+00 -1.08112289e+02 
 2.07410951e+05 -7.84878525e+00 -1.08069686e+02 
 2.12193792e+05 -8.07776558e+00 -1.08029671e+02 
 2.17086923e+05 -8.30584042e+00 -1.07992523e+02 
 2.22092889e+05 -8.53302458e+00 -1.07958517e+02 
 2.27214291e+05 -8.75933381e+00 -1.07927920e+02 
 2.32453791e+05 -8.98478481e+00 -1.07900992e+02 
 2.37814113e+05 -9.20939508e+00 -1.07877984e+02 
 2.43298042e+05 -9.43318284e+00 -1.07859144e+02 
 2.48908429e+05 -9.65616695e+00 -1.07844709e+02 
 2.54648190e+05 -9.87836682e+00 -1.07834911e+02 
 2.60520309e+05 -1.00998024e+01 -1.07829976e+02 
 2.66527837e+05 -1.03204939e+01 -1.07830120e+02 
 2.72673897e+05 -1.05404621e+01 -1.07835558e+02 
 2.78961683e+05 -1.07597278e+01 -1.07846494e+02 
 2.85394464e+05 -1.09783124e+01 -1.07863129e+02 
 2.91975583e+05 -1.11962370e+01 -1.07885658e+02 
 2.98708461e+05 -1.14135232e+01 -1.07914269e+02 
 3.05596598e+05 -1.16301925e+01 -1.07949148e+02 
 3.12643573e+05 -1.18462665e+01 -1.07990473e+02 
 3.19853049e+05 -1.20617667e+01 -1.08038420e+02 
 3.27228774e+05 -1.22767147e+01 -1.08093159e+02 
 3.34774581e+05 -1.24911318e+01 -1.08154858e+02 
 3.42494392e+05 -1.27050394e+01 -1.08223680e+02 
 3.50392221e+05 -1.29184587e+01 -1.08299786e+02 
 3.58472171e+05 -1.31314109e+01 -1.08383333e+02 
 3.66738442e+05 -1.33439169e+01 -1.08474475e+02 
 3.75195331e+05 -1.35559973e+01 -1.08573367e+02 
 3.83847234e+05 -1.37676729e+01 -1.08680157e+02 
 3.92698648e+05 -1.39789639e+01 -1.08794996e+02 
 4.01754173e+05 -1.41898905e+01 -1.08918030e+02 
 4.11018515e+05 -1.44004729e+01 -1.09049406e+02 
 4.20496491e+05 -1.46107306e+01 -1.09189269e+02 
 4.30193027e+05 -1.48206835e+01 -1.09337764e+02 
 4.40113162e+05 -1.50303507e+01 -1.09495036e+02 
 4.50262052e+05 -1.52397517e+01 -1.09661230e+02 
 4.60644974e+05 -1.54489055e+01 -1.09836489e+02 
 4.71267322e+05 -1.56578309e+01 -1.10020959e+02 
 4.82134619e+05 -1.58665466e+01 -1.10214786e+02 
 4.93252513e+05 -1.60750713e+01 -1.10418116e+02 
 5.04626783e+05 -1.62834234e+01 -1.10631096e+02 
 5.16263340e+05 -1.64916212e+01 -1.10853875e+02 
 5.28168234e+05 -1.66996830e+01 -1.11086604e+02 
 5.40347650e+05 -1.69076270e+01 -1.11329433e+02 
 5.52807921e+05 -1.71154712e+01 -1.11582516e+02 
 5.65555523e+05 -1.73232337e+01 -1.11846009e+02 
 5.78597080e+05 -1.75309325e+01 -1.12120070e+02 
 5.91939372e+05 -1.77385856e+01 -1.12404856e+02 
 6.05589334e+05 -1.79462111e+01 -1.12700531e+02 
 6.19554061e+05 -1.81538271e+01 -1.13007259e+02 
 6.33840810e+05 -1.83614517e+01 -1.13325207e+02 
 6.48457008e+05 -1.85691032e+01 -1.13654544e+02 
 6.63410251e+05 -1.87767999e+01 -1.13995441e+02 
 6.78708313e+05 -1.89845602e+01 -1.14348076e+02 
 6.94359143e+05 -1.91924030e+01 -1.14712624e+02 
 7.10370877e+05 -1.94003469e+01 -1.15089268e+02 
 7.26751838e+05 -1.96084111e+01 -1.15478190e+02 
 7.43510539e+05 -1.98166148e+01 -1.15879577e+02 
 7.60655691e+05 -2.00249777e+01 -1.16293620e+02 
 7.78196206e+05 -2.02335195e+01 -1.16720511e+02 
 7.96141200e+05 -2.04422605e+01 -1.17160446e+02 
 8.14500001e+05 -2.06512212e+01 -1.17613623e+02 
 8.33282151e+05 -2.08604226e+01 -1.18080244e+02 
 8.52497412e+05 -2.10698859e+01 -1.18560514e+02 
 8.72155772e+05 -2.12796328e+01 -1.19054641e+02 
 8.92267449e+05 -2.14896857e+01 -1.19562835e+02 
 9.12842895e+05 -2.17000672e+01 -1.20085309e+02 
 9.33892805e+05 -2.19108006e+01 -1.20622278e+02 
 9.55428121e+05 -2.21219095e+01 -1.21173961e+02 
 9.77460036e+05 -2.23334182e+01 -1.21740578e+02 
 1.00000000e+06 -2.25453518e+01 -1.22322353e+02 
 1.02305973e+06 -2.27577358e+01 -1.22919509e+02 
 1.04665121e+06 -2.29705962e+01 -1.23532273e+02 
 1.07078670e+06 -2.31839599e+01 -1.24160874e+02 
 1.09547876e+06 -2.33978545e+01 -1.24805541e+02 
 1.12074020e+06 -2.36123081e+01 -1.25466505e+02 
 1.14658417e+06 -2.38273497e+01 -1.26143999e+02 
 1.17302409e+06 -2.40430089e+01 -1.26838253e+02 
 1.20007371e+06 -2.42593162e+01 -1.27549501e+02 
 1.22774708e+06 -2.44763027e+01 -1.28277976e+02 
 1.25605860e+06 -2.46940004e+01 -1.29023910e+02 
 1.28502297e+06 -2.49124421e+01 -1.29787535e+02 
 1.31465525e+06 -2.51316611e+01 -1.30569081e+02 
 1.34497085e+06 -2.53516919e+01 -1.31368777e+02 
 1.37598551e+06 -2.55725694e+01 -1.32186851e+02 
 1.40771537e+06 -2.57943296e+01 -1.33023527e+02 
 1.44017690e+06 -2.60170089e+01 -1.33879028e+02 
 1.47338699e+06 -2.62406449e+01 -1.34753571e+02 
 1.50736290e+06 -2.64652754e+01 -1.35647373e+02 
 1.54212228e+06 -2.66909393e+01 -1.36560644e+02 
 1.57768320e+06 -2.69176760e+01 -1.37493589e+02 
 1.61406415e+06 -2.71455254e+01 -1.38446410e+02 
 1.65128404e+06 -2.73745284e+01 -1.39419301e+02 
 1.68936220e+06 -2.76047259e+01 -1.40412451e+02 
 1.72831844e+06 -2.78361597e+01 -1.41426040e+02 
 1.76817299e+06 -2.80688717e+01 -1.42460244e+02 
 1.80894658e+06 -2.83029045e+01 -1.43515229e+02 
 1.85066040e+06 -2.85383006e+01 -1.44591153e+02 
 1.89333613e+06 -2.87751031e+01 -1.45688163e+02 
 1.93699595e+06 -2.90133548e+01 -1.46806401e+02 
 1.98166255e+06 -2.92530988e+01 -1.47945995e+02 
 2.02735916e+06 -2.94943780e+01 -1.49107065e+02 
 2.07410951e+06 -2.97372352e+01 -1.50289719e+02 
 2.12193792e+06 -2.99817129e+01 -1.51494056e+02 
 2.17086923e+06 -3.02278532e+01 -1.52720161e+02 
 2.22092889e+06 -3.04756975e+01 -1.53968109e+02 
 2.27214291e+06 -3.07252869e+01 -1.55237963e+02 
 2.32453791e+06 -3.09766614e+01 -1.56529773e+02 
 2.37814113e+06 -3.12298605e+01 -1.57843579e+02 
 2.43298042e+06 -3.14849223e+01 -1.59179405e+02 
 2.48908429e+06 -3.17418841e+01 -1.60537268e+02 
 2.54648190e+06 -3.20007818e+01 -1.61917167e+02 
 2.60520309e+06 -3.22616498e+01 -1.63319094e+02 
 2.66527837e+06 -3.25245214e+01 -1.64743027e+02 
 2.72673897e+06 -3.27894281e+01 -1.66188931e+02 
 2.78961683e+06 -3.30563995e+01 -1.67656763e+02 
 2.85394464e+06 -3.33254638e+01 -1.69146466e+02 
 2.91975583e+06 -3.35966471e+01 -1.70657975e+02 
 2.98708461e+06 -3.38699737e+01 -1.72191213e+02 
 3.05596598e+06 -3.41454657e+01 -1.73746097e+02 
 3.12643573e+06 -3.44231432e+01 -1.75322532e+02 
 3.19853049e+06 -3.47030245e+01 -1.76920418e+02 
 3.27228774e+06 -3.49851253e+01 -1.78539645e+02 
 3.34774581e+06 -3.52694596e+01 -1.80180099e+02 
 3.42494392e+06 -3.55560389e+01 -1.81841659e+02 
 3.50392221e+06 -3.58448730e+01 -1.83524202e+02 
 3.58472171e+06 -3.61359694e+01 -1.85227598e+02 
 3.66738442e+06 -3.64293337e+01 -1.86951717e+02 
 3.75195331e+06 -3.67249696e+01 -1.88696426e+02 
 3.83847234e+06 -3.70228791e+01 -1.90461593e+02 
 3.92698648e+06 -3.73230624e+01 -1.92247083e+02 
 4.01754173e+06 -3.76255183e+01 -1.94052767e+02 
 4.11018515e+06 -3.79302440e+01 -1.95878515e+02 
 4.20496491e+06 -3.82372359e+01 -1.97724202e+02 
 4.30193027e+06 -3.85464890e+01 -1.99589706e+02 
 4.40113162e+06 -3.88579979e+01 -2.01474914e+02 
 4.50262052e+06 -3.91717564e+01 -2.03379717e+02 
 4.60644974e+06 -3.94877580e+01 -2.05304015e+02 
 4.71267322e+06 -3.98059963e+01 -2.07247715e+02 
 4.82134619e+06 -4.01264651e+01 -2.09210738e+02 
 4.93252513e+06 -4.04491587e+01 -2.11193012e+02 
 5.04626783e+06 -4.07740721e+01 -2.13194481e+02 
 5.16263340e+06 -4.11012016e+01 -2.15215099e+02 
 5.28168234e+06 -4.14305448e+01 -2.17254838e+02 
 5.40347650e+06 -4.17621012e+01 -2.19313683e+02 
 5.52807921e+06 -4.20958722e+01 -2.21391641e+02 
 5.65555523e+06 -4.24318617e+01 -2.23488732e+02 
 5.78597080e+06 -4.27700763e+01 -2.25605002e+02 
 5.91939372e+06 -4.31105254e+01 -2.27740514e+02 
 6.05589334e+06 -4.34532222e+01 -2.29895360e+02 
 6.19554061e+06 -4.37981831e+01 -2.32069653e+02 
 6.33840810e+06 -4.41454286e+01 -2.34263537e+02 
 6.48457008e+06 -4.44949835e+01 -2.36477184e+02 
 6.63410251e+06 -4.48468770e+01 -2.38710800e+02 
 6.78708313e+06 -4.52011430e+01 -2.40964626e+02 
 6.94359143e+06 -4.55578203e+01 -2.43238941e+02 
 7.10370877e+06 -4.59169530e+01 -2.45534066e+02 
 7.26751838e+06 -4.62785904e+01 -2.47850368e+02 
 7.43510539e+06 -4.66427873e+01 -2.50188262e+02 
 7.60655691e+06 -4.70096038e+01 -2.52548218e+02 
 7.78196206e+06 -4.73791059e+01 -2.54930766e+02 
 7.96141200e+06 -4.77513648e+01 -2.57336499e+02 
 8.14500001e+06 -4.81264573e+01 -2.59766080e+02 
 8.33282151e+06 -4.85044657e+01 -2.62220253e+02 
 8.52497412e+06 -4.88854770e+01 -2.64699843e+02 
 8.72155772e+06 -4.92695832e+01 -2.67205771e+02 
 8.92267449e+06 -4.96568804e+01 -2.69739058e+02 
 9.12842895e+06 -5.00474686e+01 -2.72300840e+02 
 9.33892805e+06 -5.04414506e+01 -2.74892373e+02 
 9.55428121e+06 -5.08389310e+01 -2.77515052e+02 
 9.77460036e+06 -5.12400157e+01 -2.80170418e+02 
 1.00000000e+07 -5.16448096e+01 -2.82860177e+02 
 1.02305973e+07 -5.20534155e+01 -2.85586212e+02 
 1.04665121e+07 -5.24659316e+01 -2.88350603e+02 
 1.07078670e+07 -5.28824492e+01 -2.91155645e+02 
 1.09547876e+07 -5.33030496e+01 -2.94003867e+02 
 1.12074020e+07 -5.37278000e+01 -2.96898050e+02 
 1.14658417e+07 -5.41567495e+01 -2.99841255e+02 
 1.17302409e+07 -5.45899236e+01 -3.02836838e+02 
 1.20007371e+07 -5.50273177e+01 -3.05888480e+02 
 1.22774708e+07 -5.54688893e+01 -3.09000201e+02 
 1.25605860e+07 -5.59145496e+01 -3.12176384e+02 
 1.28502297e+07 -5.63641519e+01 -3.15421792e+02 
 1.31465525e+07 -5.68174797e+01 -3.18741576e+02 
 1.34497085e+07 -5.72742318e+01 -3.22141276e+02 
 1.37598551e+07 -5.77340053e+01 -3.25626818e+02 
 1.40771537e+07 -5.81962761e+01 -3.29204478e+02 
 1.44017690e+07 -5.86603772e+01 -3.32880840e+02 
 1.47338699e+07 -5.91254748e+01 -3.36662708e+02 
 1.50736290e+07 -5.95905423e+01 -3.40556996e+02 
 1.54212228e+07 -6.00543337e+01 -3.44570550e+02 
 1.57768320e+07 -6.05153583e+01 -3.48709926e+02 
 1.61406415e+07 -6.09718571e+01 -3.52981094e+02 
 1.65128404e+07 -6.14217871e+01 -3.57389060e+02 
 1.68936220e+07 -6.18628153e+01 -3.61937423e+02 
 1.72831844e+07 -6.22923276e+01 -3.66627847e+02 
 1.76817299e+07 -6.27074606e+01 -3.71459498e+02 
 1.80894658e+07 -6.31051585e+01 -3.76428453e+02 
 1.85066040e+07 -6.34822612e+01 -3.81527168e+02 
 1.89333613e+07 -6.38356237e+01 -3.86744056e+02 
 1.93699595e+07 -6.41622634e+01 -3.92063269e+02 
 1.98166255e+07 -6.44595261e+01 -3.97464770e+02 
 2.02735916e+07 -6.47252543e+01 -4.02924746e+02 
 2.07410951e+07 -6.49579397e+01 -4.08416378e+02 
 2.12193792e+07 -6.51568382e+01 -4.13910934e+02 
 2.17086923e+07 -6.53220302e+01 -4.19379066e+02 
 2.22092889e+07 -6.54544174e+01 -4.24792196e+02 
 2.27214291e+07 -6.55556554e+01 -4.30123798e+02 
 2.32453791e+07 -6.56280343e+01 -4.35350460e+02 
 2.37814113e+07 -6.56743231e+01 -4.40452617e+02 
 2.43298042e+07 -6.56976007e+01 -4.45414927e+02 
 2.48908429e+07 -6.57010914e+01 -4.50226305e+02 
 2.54648190e+07 -6.56880199e+01 -4.54879684e+02 
 2.60520309e+07 -6.56614951e+01 -4.59371576e+02 
 2.66527837e+07 -6.56244254e+01 -4.63701526e+02 
 2.72673897e+07 -6.55794642e+01 -4.67871529e+02 
 2.78961683e+07 -6.55289811e+01 -4.71885460e+02 
 2.85394464e+07 -6.54750548e+01 -4.75748564e+02 
 2.91975583e+07 -6.54194793e+01 -4.79467010e+02 
 2.98708461e+07 -6.53637818e+01 -4.83047525e+02 
 3.05596598e+07 -6.53092453e+01 -4.86497113e+02 
 3.12643573e+07 -6.52569346e+01 -4.89822822e+02 
 3.19853049e+07 -6.52077227e+01 -4.93031592e+02 
 3.27228774e+07 -6.51623159e+01 -4.96130132e+02 
 3.34774581e+07 -6.51212779e+01 -4.99124848e+02 
 3.42494392e+07 -6.50850508e+01 -5.02021793e+02 
 3.50392221e+07 -6.50539742e+01 -5.04826642e+02 
 3.58472171e+07 -6.50283020e+01 -5.07544685e+02 
 3.66738442e+07 -6.50082158e+01 -5.10180830e+02 
 3.75195331e+07 -6.49938382e+01 -5.12739611e+02 
 3.83847234e+07 -6.49852423e+01 -5.15225209e+02 
 3.92698648e+07 -6.49824607e+01 -5.17641468e+02 
 4.01754173e+07 -6.49854929e+01 -5.19991921e+02 
 4.11018515e+07 -6.49943112e+01 -5.22279807e+02 
 4.20496491e+07 -6.50088661e+01 -5.24508097e+02 
 4.30193027e+07 -6.50290902e+01 -5.26679515e+02 
 4.40113162e+07 -6.50549018e+01 -5.28796559e+02 
 4.50262052e+07 -6.50862083e+01 -5.30861517e+02 
 4.60644974e+07 -6.51229078e+01 -5.32876490e+02 
 4.71267322e+07 -6.51648918e+01 -5.34843407e+02 
 4.82134619e+07 -6.52120462e+01 -5.36764040e+02 
 4.93252513e+07 -6.52642534e+01 -5.38640021e+02 
 5.04626783e+07 -6.53213928e+01 -5.40472851e+02 
 5.16263340e+07 -6.53833420e+01 -5.42263917e+02 
 5.28168234e+07 -6.54499775e+01 -5.44014498e+02 
 5.40347650e+07 -6.55211754e+01 -5.45725779e+02 
 5.52807921e+07 -6.55968118e+01 -5.47398860e+02 
 5.65555523e+07 -6.56767632e+01 -5.49034763e+02 
 5.78597080e+07 -6.57609070e+01 -5.50634437e+02 
 5.91939372e+07 -6.58491218e+01 -5.52198770e+02 
 6.05589334e+07 -6.59412873e+01 -5.53728593e+02 
 6.19554061e+07 -6.60372849e+01 -5.55224684e+02 
 6.33840810e+07 -6.61369977e+01 -5.56687775e+02 
 6.48457008e+07 -6.62403105e+01 -5.58118555e+02 
 6.63410251e+07 -6.63471102e+01 -5.59517677e+02 
 6.78708313e+07 -6.64572854e+01 -5.60885758e+02 
 6.94359143e+07 -6.65707271e+01 -5.62223385e+02 
 7.10370877e+07 -6.66873282e+01 -5.63531116e+02 
 7.26751838e+07 -6.68069839e+01 -5.64809484e+02 
 7.43510539e+07 -6.69295916e+01 -5.66059001e+02 
 7.60655691e+07 -6.70550507e+01 -5.67280155e+02 
 7.78196206e+07 -6.71832632e+01 -5.68473419e+02 
 7.96141200e+07 -6.73141331e+01 -5.69639245e+02 
 8.14500001e+07 -6.74475666e+01 -5.70778071e+02 
 8.33282151e+07 -6.75834724e+01 -5.71890323e+02 
 8.52497412e+07 -6.77217612e+01 -5.72976409e+02 
 8.72155772e+07 -6.78623460e+01 -5.74036731e+02 
 8.92267449e+07 -6.80051420e+01 -5.75071674e+02 
 9.12842895e+07 -6.81500667e+01 -5.76081617e+02 
 9.33892805e+07 -6.82970396e+01 -5.77066927e+02 
 9.55428121e+07 -6.84459825e+01 -5.78027964e+02 
 9.77460036e+07 -6.85968192e+01 -5.78965077e+02 
 1.00000000e+08 -6.87494756e+01 -5.79878610e+02 
 1.02305973e+08 -6.89038798e+01 -5.80768897e+02 
 1.04665121e+08 -6.90599617e+01 -5.81636267e+02 
 1.07078670e+08 -6.92176533e+01 -5.82481039e+02 
 1.09547876e+08 -6.93768885e+01 -5.83303529e+02 
 1.12074020e+08 -6.95376031e+01 -5.84104043e+02 
 1.14658417e+08 -6.96997348e+01 -5.84882884e+02 
 1.17302409e+08 -6.98632231e+01 -5.85640347e+02 
 1.20007371e+08 -7.00280091e+01 -5.86376720e+02 
 1.22774708e+08 -7.01940360e+01 -5.87092287e+02 
 1.25605860e+08 -7.03612483e+01 -5.87787326e+02 
 1.28502297e+08 -7.05295923e+01 -5.88462108e+02 
 1.31465525e+08 -7.06990157e+01 -5.89116899e+02 
 1.34497085e+08 -7.08694680e+01 -5.89751959e+02 
 1.37598551e+08 -7.10409000e+01 -5.90367542e+02 
 1.40771537e+08 -7.12132639e+01 -5.90963899e+02 
 1.44017690e+08 -7.13865134e+01 -5.91541270e+02 
 1.47338699e+08 -7.15606033e+01 -5.92099895e+02 
 1.50736290e+08 -7.17354899e+01 -5.92640005e+02 
 1.54212228e+08 -7.19111306e+01 -5.93161827e+02 
 1.57768320e+08 -7.20874839e+01 -5.93665580e+02 
 1.61406415e+08 -7.22645097e+01 -5.94151481e+02 
 1.65128404e+08 -7.24421686e+01 -5.94619739e+02 
 1.68936220e+08 -7.26204223e+01 -5.95070557e+02 
 1.72831844e+08 -7.27992337e+01 -5.95504135e+02 
 1.76817299e+08 -7.29785663e+01 -5.95920665e+02 
 1.80894658e+08 -7.31583846e+01 -5.96320334e+02 
 1.85066040e+08 -7.33386539e+01 -5.96703325e+02 
 1.89333613e+08 -7.35193404e+01 -5.97069813e+02 
 1.93699595e+08 -7.37004106e+01 -5.97419971e+02 
 1.98166255e+08 -7.38818321e+01 -5.97753963e+02 
 2.02735916e+08 -7.40635729e+01 -5.98071951e+02 
 2.07410951e+08 -7.42456015e+01 -5.98374089e+02 
 2.12193792e+08 -7.44278871e+01 -5.98660527e+02 
 2.17086923e+08 -7.46103993e+01 -5.98931409e+02 
 2.22092889e+08 -7.47931081e+01 -5.99186877e+02 
 2.27214291e+08 -7.49759838e+01 -5.99427065e+02 
 2.32453791e+08 -7.51589972e+01 -5.99652101e+02 
 2.37814113e+08 -7.53421193e+01 -5.99862113e+02 
 2.43298042e+08 -7.55253213e+01 -6.00057219e+02 
 2.48908429e+08 -7.57085747e+01 -6.00237537e+02 
 2.54648190e+08 -7.58918512e+01 -6.00403176e+02 
 2.60520309e+08 -7.60751223e+01 -6.00554245e+02 
 2.66527837e+08 -7.62583601e+01 -6.00690846e+02 
 2.72673897e+08 -7.64415362e+01 -6.00813078e+02 
 2.78961683e+08 -7.66246226e+01 -6.00921035e+02 
 2.85394464e+08 -7.68075910e+01 -6.01014810e+02 
 2.91975583e+08 -7.69904132e+01 -6.01094488e+02 
 2.98708461e+08 -7.71730608e+01 -6.01160155e+02 
 3.05596598e+08 -7.73555053e+01 -6.01211892e+02 
 3.12643573e+08 -7.75377179e+01 -6.01249776e+02 
 3.19853049e+08 -7.77196696e+01 -6.01273882e+02 
 3.27228774e+08 -7.79013314e+01 -6.01284283e+02 
 3.34774581e+08 -7.80826736e+01 -6.01281049e+02 
 3.42494392e+08 -7.82636665e+01 -6.01264248e+02 
 3.50392221e+08 -7.84442799e+01 -6.01233947e+02 
 3.58472171e+08 -7.86244834e+01 -6.01190210e+02 
 3.66738442e+08 -7.88042459e+01 -6.01133099e+02 
 3.75195331e+08 -7.89835361e+01 -6.01062679e+02 
 3.83847234e+08 -7.91623223e+01 -6.00979009e+02 
 3.92698648e+08 -7.93405721e+01 -6.00882151e+02 
 4.01754173e+08 -7.95182528e+01 -6.00772167e+02 
 4.11018515e+08 -7.96953313e+01 -6.00649116e+02 
 4.20496491e+08 -7.98717736e+01 -6.00513062e+02 
 4.30193027e+08 -8.00475456e+01 -6.00364067e+02 
 4.40113162e+08 -8.02226123e+01 -6.00202194e+02 
 4.50262052e+08 -8.03969384e+01 -6.00027510e+02 
 4.60644974e+08 -8.05704880e+01 -5.99840081e+02 
 4.71267322e+08 -8.07432247e+01 -5.99639979e+02 
 4.82134619e+08 -8.09151114e+01 -5.99427276e+02 
 4.93252513e+08 -8.10861105e+01 -5.99202048e+02 
 5.04626783e+08 -8.12561841e+01 -5.98964376e+02 
 5.16263340e+08 -8.14252935e+01 -5.98714342e+02 
 5.28168234e+08 -8.15933996e+01 -5.98452035e+02 
 5.40347650e+08 -8.17604631e+01 -5.98177550e+02 
 5.52807921e+08 -8.19264438e+01 -5.97890983e+02 
 5.65555523e+08 -8.20913014e+01 -5.97592439e+02 
 5.78597080e+08 -8.22549952e+01 -5.97282029e+02 
 5.91939372e+08 -8.24174840e+01 -5.96959870e+02 
 6.05589334e+08 -8.25787266e+01 -5.96626086e+02 
 6.19554061e+08 -8.27386813e+01 -5.96280807e+02 
 6.33840810e+08 -8.28973064e+01 -5.95924172e+02 
 6.48457008e+08 -8.30545600e+01 -5.95556330e+02 
 6.63410251e+08 -8.32104001e+01 -5.95177434e+02 
 6.78708313e+08 -8.33647849e+01 -5.94787648e+02 
 6.94359143e+08 -8.35176726e+01 -5.94387147e+02 
 7.10370877e+08 -8.36690215e+01 -5.93976112e+02 
 7.26751838e+08 -8.38187902e+01 -5.93554734e+02 
 7.43510539e+08 -8.39669378e+01 -5.93123216e+02 
 7.60655691e+08 -8.41134237e+01 -5.92681768e+02 
 7.78196206e+08 -8.42582077e+01 -5.92230612e+02 
 7.96141200e+08 -8.44012506e+01 -5.91769978e+02 
 8.14500001e+08 -8.45425137e+01 -5.91300109e+02 
 8.33282151e+08 -8.46819591e+01 -5.90821255e+02 
 8.52497412e+08 -8.48195499e+01 -5.90333678e+02 
 8.72155772e+08 -8.49552504e+01 -5.89837649e+02 
 8.92267449e+08 -8.50890258e+01 -5.89333449e+02 
 9.12842895e+08 -8.52208427e+01 -5.88821369e+02 
 9.33892805e+08 -8.53506692e+01 -5.88301707e+02 
 9.55428121e+08 -8.54784745e+01 -5.87774773e+02 
 9.77460036e+08 -8.56042298e+01 -5.87240884e+02 
 1.00000000e+09 -8.57279077e+01 -5.86700365e+02 
