 time            v(vin)          v(vout_buf)     v(vout_st)     
 0.00000000e+00  0.00000000e+00  1.11355078e-09  1.11355086e-09 
 5.00000000e-08  1.65000000e-04  1.11506423e-09  1.11957527e-09 
 1.00000000e-07  3.30000000e-04  1.11355181e-09  1.11356767e-09 
 2.00000000e-07  6.60000000e-04  1.11354977e-09  1.11353395e-09 
 4.00000000e-07  1.32000000e-03  1.11355207e-09  1.11356764e-09 
 8.00000000e-07  2.64000000e-03  1.11354982e-09  1.11353407e-09 
 1.60000000e-06  5.28000000e-03  1.11355193e-09  1.11356729e-09 
 3.20000000e-06  1.05600000e-02  1.11354968e-09  1.11353412e-09 
 6.40000000e-06  2.11200000e-02  1.11355197e-09  1.11356734e-09 
 1.14000000e-05  3.76200000e-02  1.11354970e-09  1.11353415e-09 
 1.64000000e-05  5.41200000e-02  1.11355173e-09  1.11356732e-09 
 2.14000000e-05  7.06200000e-02  1.11354957e-09  1.11353409e-09 
 2.64000000e-05  8.71200000e-02  1.11355165e-09  1.11356735e-09 
 3.14000000e-05  1.03620000e-01  1.11354947e-09  1.11353378e-09 
 3.64000000e-05  1.20120000e-01  1.11355141e-09  1.11356701e-09 
 4.14000000e-05  1.36620000e-01  1.11354888e-09  1.11353347e-09 
 4.64000000e-05  1.53120000e-01  1.11355056e-09  1.11356631e-09 
 5.14000000e-05  1.69620000e-01  1.11354766e-09  1.11353264e-09 
 5.64000000e-05  1.86120000e-01  1.11354856e-09  1.11356501e-09 
 6.14000000e-05  2.02620000e-01  1.11354184e-09  1.11352888e-09 
 6.64000000e-05  2.19120000e-01  1.11354392e-09  1.11356210e-09 
 7.14000000e-05  2.35620000e-01  1.11353271e-09  1.11352314e-09 
 7.64000000e-05  2.52120000e-01  1.11352895e-09  1.11355363e-09 
 8.14000000e-05  2.68620000e-01  1.11350871e-09  1.11351449e-09 
 8.64000000e-05  2.85120000e-01  1.11349048e-09  1.11358438e-09 
 9.14000000e-05  3.01620000e-01  1.11344720e-09  1.11361025e-09 
 9.64000000e-05  3.18120000e-01  1.11339188e-09  1.11347548e-09 
 1.01400000e-04  3.34620000e-01  1.11328855e-09  1.11363628e-09 
 1.06400000e-04  3.51120000e-01  1.11313651e-09  1.11345846e-09 
 1.11400000e-04  3.67620000e-01  1.11287729e-09  1.11364926e-09 
 1.16400000e-04  3.84120000e-01  1.11247303e-09  1.11344699e-09 
 1.21400000e-04  4.00620000e-01  1.11180663e-09  1.11365971e-09 
 1.26400000e-04  4.17120000e-01  1.11074579e-09  1.11343730e-09 
 1.31400000e-04  4.33620000e-01  1.10902136e-09  1.11366898e-09 
 1.36400000e-04  4.50120000e-01  1.10626232e-09  1.11342778e-09 
 1.41400000e-04  4.66620000e-01  1.10183054e-09  1.11367824e-09 
 1.46400000e-04  4.83120000e-01  1.09480588e-09  1.11341849e-09 
 1.51400000e-04  4.99620000e-01  1.08378520e-09  1.11368761e-09 
 1.56400000e-04  5.16120000e-01  1.06690566e-09  1.11340911e-09 
 1.61400000e-04  5.32620000e-01  1.04186220e-09  1.11369650e-09 
 1.66400000e-04  5.49120000e-01  1.00640337e-09  1.11339953e-09 
 1.71400000e-04  5.65620000e-01  9.58914538e-10  1.11370557e-09 
 1.76400000e-04  5.82120000e-01  8.99070560e-10  1.11338971e-09 
 1.81400000e-04  5.98620000e-01  8.27780564e-10  1.11371470e-09 
 1.86400000e-04  6.15120000e-01  7.46792057e-10  1.11338029e-09 
 1.91400000e-04  6.31620000e-01  6.57998447e-10  1.11372425e-09 
 1.96400000e-04  6.48120000e-01  5.63135951e-10  1.11337088e-09 
 2.01400000e-04  6.64620000e-01  4.63558409e-10  1.11373409e-09 
 2.06400000e-04  6.81120000e-01  3.60346360e-10  1.11336149e-09 
 2.11400000e-04  6.97620000e-01  2.54295170e-10  1.11374407e-09 
 2.16400000e-04  7.14120000e-01  1.46080848e-10  1.11335182e-09 
 2.21400000e-04  7.30620000e-01  3.62325619e-11  1.11375394e-09 
 2.26400000e-04  7.47120000e-01 -7.47355330e-11  1.11334222e-09 
 2.31400000e-04  7.63620000e-01 -1.86381715e-10  1.11376389e-09 
 2.36400000e-04  7.80120000e-01 -2.98226116e-10  1.11333230e-09 
 2.41400000e-04  7.96620000e-01 -4.09821126e-10  1.11377394e-09 
 2.46400000e-04  8.13120000e-01 -5.20645420e-10  1.11332247e-09 
 2.51400000e-04  8.29620000e-01 -6.30174188e-10  1.11378409e-09 
 2.56400000e-04  8.46120000e-01 -7.37771812e-10  1.11331233e-09 
 2.61400000e-04  8.62620000e-01 -8.42755247e-10  1.11379437e-09 
 2.66400000e-04  8.79120000e-01 -9.44276997e-10  1.11330208e-09 
 2.71400000e-04  8.95620000e-01 -1.04137607e-09  1.11380476e-09 
 2.76400000e-04  9.12120000e-01 -1.13284325e-09  1.11329192e-09 
 2.81400000e-04  9.28620000e-01 -1.21724925e-09  1.11381531e-09 
 2.86400000e-04  9.45120000e-01 -1.29277912e-09  1.11328145e-09 
 2.91400000e-04  9.61620000e-01 -1.35722053e-09  1.11382580e-09 
 2.96400000e-04  9.78120000e-01 -1.40774279e-09  1.11327068e-09 
 3.01400000e-04  9.94620000e-01 -1.44081243e-09  1.11383663e-09 
 3.06400000e-04  1.01112000e+00 -1.45187322e-09  1.11326000e-09 
 3.11400000e-04  1.02762000e+00 -1.43512440e-09  1.11384744e-09 
 3.16400000e-04  1.04412000e+00 -1.23417774e-09  1.11324908e-09 
 3.21400000e-04  1.06062000e+00 -1.47702154e-09  1.11385929e-09 
 3.26400000e-04  1.07712000e+00 -9.97092537e-10  1.11323620e-09 
 3.31400000e-04  1.09362000e+00 -1.10863911e-09  1.11387227e-09 
 3.36400000e-04  1.11012000e+00 -4.60746040e-10  1.11322326e-09 
 3.41400000e-04  1.12662000e+00 -3.54516079e-10  1.11388557e-09 
 3.46400000e-04  1.14312000e+00  5.81805463e-10  1.11320989e-09 
 3.51400000e-04  1.15962000e+00  1.06941830e-09  1.11389861e-09 
 3.56400000e-04  1.17612000e+00  2.51912043e-09  1.11319666e-09 
 3.61400000e-04  1.19262000e+00  3.70055079e-09  1.11391237e-09 
 3.66400000e-04  1.20912000e+00  6.10360016e-09  1.11318317e-09 
 3.71400000e-04  1.22562000e+00  8.60646825e-09  1.11392588e-09 
 3.76400000e-04  1.24212000e+00  1.28724326e-08  1.11316942e-09 
 3.81400000e-04  1.25862000e+00  1.80363861e-08  1.11393993e-09 
 3.86400000e-04  1.27512000e+00  2.61756843e-08  1.11315541e-09 
 3.91400000e-04  1.29162000e+00  3.70790729e-08  1.11395393e-09 
 3.96400000e-04  1.30812000e+00  5.39143825e-08  1.11314132e-09 
 4.01400000e-04  1.32462000e+00  7.83060409e-08  1.11396828e-09 
 4.06400000e-04  1.34112000e+00  1.16650420e-07  1.11312677e-09 
 4.11400000e-04  1.35762000e+00  1.76414555e-07  1.11398300e-09 
 4.16400000e-04  1.37412000e+00  2.75057840e-07  1.11311213e-09 
 4.21400000e-04  1.39062000e+00  4.41945310e-07  1.11399769e-09 
 4.26400000e-04  1.40712000e+00  7.40362451e-07  1.11309721e-09 
 4.31400000e-04  1.42362000e+00  1.30178035e-06  1.11401295e-09 
 4.36400000e-04  1.44012000e+00  2.43478726e-06  1.11308182e-09 
 4.41400000e-04  1.45662000e+00  6.22515556e-06  1.11402846e-09 
 4.46400000e-04  1.47312000e+00  1.47909781e-05  1.11306520e-09 
 4.51400000e-04  1.48962000e+00  4.07494251e-05  1.11404609e-09 
 4.56400000e-04  1.50612000e+00  1.34523288e-04  1.11304736e-09 
 4.61400000e-04  1.52262000e+00  5.27911933e-04  1.11406408e-09 
 4.66400000e-04  1.53912000e+00  2.15235888e-03  1.11302943e-09 
 4.71400000e-04  1.55562000e+00  8.41404233e-03  1.11408252e-09 
 4.76400000e-04  1.57212000e+00  3.33487533e-02  1.11301092e-09 
 4.81400000e-04  1.58862000e+00  1.56125262e-01  1.11410132e-09 
 4.86400000e-04  1.60512000e+00  2.96257520e+00  1.11299198e-09 
 4.90333752e-04  1.61810138e+00  3.20886094e+00  1.11412322e-09 
 4.94034864e-04  1.63031505e+00  3.27072649e+00  1.11296664e-09 
 4.99034864e-04  1.64681505e+00  3.29433960e+00  1.11414622e-09 
 5.04034864e-04  1.66331505e+00  3.29914920e+00  1.11294683e-09 
 5.09034864e-04  1.67981505e+00  3.29990313e+00  1.11416627e-09 
 5.14034864e-04  1.69631505e+00  3.29996059e+00  1.11292649e-09 
 5.19034864e-04  1.71281505e+00  3.30000699e+00  1.11418704e-09 
 5.24034864e-04  1.72931505e+00  3.29998306e+00  1.11290586e-09 
 5.29034864e-04  1.74581505e+00  3.30001293e+00  1.11420828e-09 
 5.34034864e-04  1.76231505e+00  3.29998539e+00  1.11288433e-09 
 5.39034864e-04  1.77881505e+00  3.30001362e+00  1.11423011e-09 
 5.44034864e-04  1.79531505e+00  3.29998593e+00  1.11286230e-09 
 5.49034864e-04  1.81181505e+00  3.30001369e+00  1.11425256e-09 
 5.54034864e-04  1.82831505e+00  3.29998616e+00  1.11283973e-09 
 5.59034864e-04  1.84481505e+00  3.30001364e+00  1.11427599e-09 
 5.64034864e-04  1.86131505e+00  3.29998629e+00  1.11281605e-09 
 5.69034864e-04  1.87781505e+00  3.30001358e+00  1.11430011e-09 
 5.74034864e-04  1.89431505e+00  3.29998639e+00  1.11279181e-09 
 5.79034864e-04  1.91081505e+00  3.30001352e+00  1.11432504e-09 
 5.84034864e-04  1.92731505e+00  3.29998646e+00  1.11276682e-09 
 5.89034864e-04  1.94381505e+00  3.30001346e+00  1.11435119e-09 
 5.94034864e-04  1.96031505e+00  3.29998653e+00  1.11274050e-09 
 5.99034864e-04  1.97681505e+00  3.30001341e+00  1.11437811e-09 
 6.04034864e-04  1.99331505e+00  3.29998658e+00  1.11271340e-09 
 6.09034864e-04  2.00981505e+00  3.30001336e+00  1.11440628e-09 
 6.14034864e-04  2.02631505e+00  3.29998663e+00  1.11268495e-09 
 6.19034864e-04  2.04281505e+00  3.30001332e+00  1.11443574e-09 
 6.24034864e-04  2.05931505e+00  3.29998667e+00  1.11265517e-09 
 6.29034864e-04  2.07581505e+00  3.30001328e+00  1.11446704e-09 
 6.34034864e-04  2.09231505e+00  3.29998671e+00  1.11262400e-09 
 6.39034864e-04  2.10881505e+00  3.30001325e+00  1.11449949e-09 
 6.44034864e-04  2.12531505e+00  3.29998675e+00  1.11259079e-09 
 6.49034864e-04  2.14181505e+00  3.30001322e+00  1.11453407e-09 
 6.54034864e-04  2.15831505e+00  3.29998678e+00  1.11255575e-09 
 6.59034864e-04  2.17481505e+00  3.30001319e+00  1.11457008e-09 
 6.64034864e-04  2.19131505e+00  3.29998681e+00  1.11251716e-09 
 6.69034864e-04  2.20781505e+00  3.30001317e+00  1.11460625e-09 
 6.74034864e-04  2.22431505e+00  3.29998683e+00  1.11247158e-09 
 6.79034864e-04  2.24081505e+00  3.30001315e+00  1.11463500e-09 
 6.84034864e-04  2.25731505e+00  3.29998685e+00  1.11240145e-09 
 6.89034864e-04  2.27381505e+00  3.30001313e+00  1.11462240e-09 
 6.94034864e-04  2.29031505e+00  3.29998687e+00  1.11223451e-09 
 6.99034864e-04  2.30681505e+00  3.30001311e+00  1.11441816e-09 
 7.04034864e-04  2.32331505e+00  3.29998689e+00  1.11165342e-09 
 7.09034864e-04  2.33981505e+00  3.30001309e+00  1.11335767e-09 
 7.14034864e-04  2.35631505e+00  3.29998691e+00  1.10925479e-09 
 7.19034864e-04  2.37281505e+00  3.30001308e+00  1.10847708e-09 
 7.24034864e-04  2.38931505e+00  3.29998692e+00  1.09875284e-09 
 7.29034864e-04  2.40581505e+00  3.30001306e+00  1.08640714e-09 
 7.34034864e-04  2.42231505e+00  3.29998693e+00  1.05156851e-09 
 7.39034864e-04  2.43881505e+00  3.30001305e+00  9.85656919e-10 
 7.44034864e-04  2.45531505e+00  3.29998695e+00  8.33881384e-10 
 7.49034864e-04  2.47181505e+00  3.30001304e+00  5.08658719e-10 
 7.54034864e-04  2.48831505e+00  3.29998696e+00 -2.47968967e-10 
 7.59034864e-04  2.50481505e+00  3.30001304e+00 -2.16318467e-09 
 7.64034864e-04  2.52131505e+00  3.29998696e+00 -9.06653042e-09 
 7.64659864e-04  2.52337755e+00  3.30000000e+00 -1.67638203e-08 
 7.65909864e-04  2.52750255e+00  3.30000000e+00 -6.27106775e-08 
 7.65948926e-04  2.52763146e+00  3.30000000e+00 -5.04140078e-07 
 7.65950147e-04  2.52763549e+00  3.30000000e+00 -5.49551869e-07 
 7.65952589e-04  2.52764354e+00  3.30000000e+00 -6.50290456e-07 
 7.65957471e-04  2.52765966e+00  3.30000000e+00 -9.47427554e-07 
 7.65967237e-04  2.52769188e+00  3.30000000e+00 -4.51181863e-06 
 7.65969678e-04  2.52769994e+00  3.30000000e+00 -1.17475565e-05 
 7.65970289e-04  2.52770195e+00  3.30000000e+00 -1.48295514e-05 
 7.65971509e-04  2.52770598e+00  3.30000000e+00 -2.49869764e-05 
 7.65972654e-04  2.52770976e+00  3.30000000e+00  3.16708204e+00 
 7.65973486e-04  2.52771250e+00  3.30000000e+00  3.37517396e+00 
 7.65974266e-04  2.52771508e+00  3.30000000e+00  3.23131117e+00 
 7.65974816e-04  2.52771689e+00  3.30000000e+00  3.34963450e+00 
 7.65975425e-04  2.52771890e+00  3.30000000e+00  3.25648916e+00 
 7.65976038e-04  2.52772092e+00  3.30000000e+00  3.33678579e+00 
 7.65976751e-04  2.52772328e+00  3.30000000e+00  3.26657900e+00 
 7.65977692e-04  2.52772638e+00  3.30000000e+00  3.33039057e+00 
 7.65978875e-04  2.52773029e+00  3.30000000e+00  3.27114320e+00 
 7.65980529e-04  2.52773575e+00  3.30000000e+00  3.32729236e+00 
 7.65983111e-04  2.52774427e+00  3.30000000e+00  3.27320502e+00 
 7.65987595e-04  2.52775906e+00  3.30000000e+00  3.32609781e+00 
 7.65996562e-04  2.52778866e+00  3.30000000e+00  3.27386157e+00 
 7.66014497e-04  2.52784784e+00  3.30000000e+00  3.32578059e+00 
 7.66050366e-04  2.52796621e+00  3.30000000e+00  3.27402285e+00 
 7.66122104e-04  2.52820294e+00  3.30000000e+00  3.32570194e+00 
 7.66265580e-04  2.52867641e+00  3.30000000e+00  3.27406299e+00 
 7.66552532e-04  2.52962336e+00  3.30000000e+00  3.32568232e+00 
 7.67126437e-04  2.53151724e+00  3.30000000e+00  3.27407300e+00 
 7.68274246e-04  2.53530501e+00  3.30000000e+00  3.32567738e+00 
 7.70569864e-04  2.54288055e+00  3.30000000e+00  3.27407545e+00 
 7.75161100e-04  2.55803163e+00  3.30000000e+00  3.32567605e+00 
 7.80161100e-04  2.57453163e+00  3.30000000e+00  3.27407610e+00 
 7.85161100e-04  2.59103163e+00  3.30000000e+00  3.32567515e+00 
 7.90161100e-04  2.60753163e+00  3.30000000e+00  3.27407672e+00 
 7.95161100e-04  2.62403163e+00  3.30000000e+00  3.32567426e+00 
 8.00161100e-04  2.64053163e+00  3.30000000e+00  3.27407734e+00 
 8.05161100e-04  2.65703163e+00  3.30000000e+00  3.32567337e+00 
 8.10161100e-04  2.67353163e+00  3.30000000e+00  3.27407797e+00 
 8.15161100e-04  2.69003163e+00  3.30000000e+00  3.32567248e+00 
 8.20161100e-04  2.70653163e+00  3.30000000e+00  3.27407860e+00 
 8.25161100e-04  2.72303163e+00  3.30000000e+00  3.32567160e+00 
 8.30161100e-04  2.73953163e+00  3.30000000e+00  3.27407924e+00 
 8.35161100e-04  2.75603163e+00  3.30000000e+00  3.32567073e+00 
 8.40161100e-04  2.77253163e+00  3.30000000e+00  3.27407989e+00 
 8.45161100e-04  2.78903163e+00  3.30000000e+00  3.32566981e+00 
 8.50161100e-04  2.80553163e+00  3.30000000e+00  3.27408048e+00 
 8.55161100e-04  2.82203163e+00  3.30000000e+00  3.32566891e+00 
 8.60161100e-04  2.83853163e+00  3.30000000e+00  3.27408107e+00 
 8.65161100e-04  2.85503163e+00  3.30000000e+00  3.32566798e+00 
 8.70161100e-04  2.87153163e+00  3.30000000e+00  3.27408165e+00 
 8.75161100e-04  2.88803163e+00  3.30000000e+00  3.32566708e+00 
 8.80161100e-04  2.90453163e+00  3.30000000e+00  3.27408231e+00 
 8.85161100e-04  2.92103163e+00  3.30000000e+00  3.32566622e+00 
 8.90161100e-04  2.93753163e+00  3.30000000e+00  3.27408296e+00 
 8.95161100e-04  2.95403163e+00  3.30000000e+00  3.32566541e+00 
 9.00161100e-04  2.97053163e+00  3.30000000e+00  3.27408369e+00 
 9.05161100e-04  2.98703163e+00  3.30000000e+00  3.32566452e+00 
 9.10161100e-04  3.00353163e+00  3.30000000e+00  3.27408437e+00 
 9.15161100e-04  3.02003163e+00  3.30000000e+00  3.32566373e+00 
 9.20161100e-04  3.03653163e+00  3.30000000e+00  3.27408505e+00 
 9.25161100e-04  3.05303163e+00  3.30000000e+00  3.32566289e+00 
 9.30161100e-04  3.06953163e+00  3.30000000e+00  3.27408573e+00 
 9.35161100e-04  3.08603163e+00  3.30000000e+00  3.32566205e+00 
 9.40161100e-04  3.10253163e+00  3.30000000e+00  3.27408642e+00 
 9.45161100e-04  3.11903163e+00  3.30000000e+00  3.32566122e+00 
 9.50161100e-04  3.13553163e+00  3.30000000e+00  3.27408711e+00 
 9.55161100e-04  3.15203163e+00  3.30000000e+00  3.32566039e+00 
 9.60161100e-04  3.16853163e+00  3.30000000e+00  3.27408781e+00 
 9.65161100e-04  3.18503163e+00  3.30000000e+00  3.32565956e+00 
 9.70161100e-04  3.20153163e+00  3.30000000e+00  3.27408851e+00 
 9.75161100e-04  3.21803163e+00  3.30000000e+00  3.32565873e+00 
 9.80161100e-04  3.23453163e+00  3.30000000e+00  3.27408921e+00 
 9.85161100e-04  3.25103163e+00  3.30000000e+00  3.32565791e+00 
 9.90161100e-04  3.26753163e+00  3.30000000e+00  3.27408991e+00 
 9.95161100e-04  3.28403163e+00  3.30000000e+00  3.32565709e+00 
 1.00000000e-03  3.30000000e+00  3.30000000e+00  3.27409063e+00 
 1.00050000e-03  3.30000000e+00  3.30000000e+00  3.29999905e+00 
 1.00150000e-03  3.30000000e+00  3.30000000e+00  3.30000096e+00 
 1.00350000e-03  3.30000000e+00  3.30000000e+00  3.29999904e+00 
 1.00666725e-03  3.30000000e+00  3.30000000e+00  3.30000096e+00 
 1.01166725e-03  3.30000000e+00  3.30000000e+00  3.29999904e+00 
 1.01666725e-03  3.30000000e+00  3.30000000e+00  3.30000096e+00 
 1.02166725e-03  3.30000000e+00  3.30000000e+00  3.29999904e+00 
 1.02666725e-03  3.30000000e+00  3.30000000e+00  3.30000096e+00 
 1.03166725e-03  3.30000000e+00  3.30000000e+00  3.29999904e+00 
 1.03666725e-03  3.30000000e+00  3.30000000e+00  3.30000096e+00 
 1.04166725e-03  3.30000000e+00  3.30000000e+00  3.29999904e+00 
 1.04666725e-03  3.30000000e+00  3.30000000e+00  3.30000096e+00 
 1.05166725e-03  3.30000000e+00  3.30000000e+00  3.29999904e+00 
 1.05666725e-03  3.30000000e+00  3.30000000e+00  3.30000096e+00 
 1.06166725e-03  3.30000000e+00  3.30000000e+00  3.29999904e+00 
 1.06666725e-03  3.30000000e+00  3.30000000e+00  3.30000096e+00 
 1.07166725e-03  3.30000000e+00  3.30000000e+00  3.29999904e+00 
 1.07666725e-03  3.30000000e+00  3.30000000e+00  3.30000096e+00 
 1.08166725e-03  3.30000000e+00  3.30000000e+00  3.29999904e+00 
 1.08666725e-03  3.30000000e+00  3.30000000e+00  3.30000096e+00 
 1.09166725e-03  3.30000000e+00  3.30000000e+00  3.29999904e+00 
 1.09666725e-03  3.30000000e+00  3.30000000e+00  3.30000096e+00 
 1.10166725e-03  3.30000000e+00  3.30000000e+00  3.29999904e+00 
 1.10666725e-03  3.30000000e+00  3.30000000e+00  3.30000096e+00 
 1.11166725e-03  3.30000000e+00  3.30000000e+00  3.29999904e+00 
 1.11666725e-03  3.30000000e+00  3.30000000e+00  3.30000096e+00 
 1.12166725e-03  3.30000000e+00  3.30000000e+00  3.29999904e+00 
 1.12666725e-03  3.30000000e+00  3.30000000e+00  3.30000096e+00 
 1.13166725e-03  3.30000000e+00  3.30000000e+00  3.29999904e+00 
 1.13666725e-03  3.30000000e+00  3.30000000e+00  3.30000096e+00 
 1.14166725e-03  3.30000000e+00  3.30000000e+00  3.29999904e+00 
 1.14666725e-03  3.30000000e+00  3.30000000e+00  3.30000096e+00 
 1.15166725e-03  3.30000000e+00  3.30000000e+00  3.29999904e+00 
 1.15666725e-03  3.30000000e+00  3.30000000e+00  3.30000096e+00 
 1.16166725e-03  3.30000000e+00  3.30000000e+00  3.29999904e+00 
 1.16666725e-03  3.30000000e+00  3.30000000e+00  3.30000096e+00 
 1.17166725e-03  3.30000000e+00  3.30000000e+00  3.29999904e+00 
 1.17666725e-03  3.30000000e+00  3.30000000e+00  3.30000096e+00 
 1.18166725e-03  3.30000000e+00  3.30000000e+00  3.29999904e+00 
 1.18666725e-03  3.30000000e+00  3.30000000e+00  3.30000096e+00 
 1.19166725e-03  3.30000000e+00  3.30000000e+00  3.29999904e+00 
 1.19666725e-03  3.30000000e+00  3.30000000e+00  3.30000096e+00 
 1.20166725e-03  3.30000000e+00  3.30000000e+00  3.29999904e+00 
 1.20666725e-03  3.30000000e+00  3.30000000e+00  3.30000096e+00 
 1.21166725e-03  3.30000000e+00  3.30000000e+00  3.29999904e+00 
 1.21666725e-03  3.30000000e+00  3.30000000e+00  3.30000096e+00 
 1.22166725e-03  3.30000000e+00  3.30000000e+00  3.29999904e+00 
 1.22666725e-03  3.30000000e+00  3.30000000e+00  3.30000096e+00 
 1.23166725e-03  3.30000000e+00  3.30000000e+00  3.29999904e+00 
 1.23666725e-03  3.30000000e+00  3.30000000e+00  3.30000096e+00 
 1.24166725e-03  3.30000000e+00  3.30000000e+00  3.29999904e+00 
 1.24666725e-03  3.30000000e+00  3.30000000e+00  3.30000096e+00 
 1.25166725e-03  3.30000000e+00  3.30000000e+00  3.29999904e+00 
 1.25666725e-03  3.30000000e+00  3.30000000e+00  3.30000096e+00 
 1.26166725e-03  3.30000000e+00  3.30000000e+00  3.29999904e+00 
 1.26666725e-03  3.30000000e+00  3.30000000e+00  3.30000096e+00 
 1.27166725e-03  3.30000000e+00  3.30000000e+00  3.29999904e+00 
 1.27666725e-03  3.30000000e+00  3.30000000e+00  3.30000096e+00 
 1.28166725e-03  3.30000000e+00  3.30000000e+00  3.29999904e+00 
 1.28666725e-03  3.30000000e+00  3.30000000e+00  3.30000096e+00 
 1.29166725e-03  3.30000000e+00  3.30000000e+00  3.29999904e+00 
 1.29666725e-03  3.30000000e+00  3.30000000e+00  3.30000096e+00 
 1.30166725e-03  3.30000000e+00  3.30000000e+00  3.29999904e+00 
 1.30666725e-03  3.30000000e+00  3.30000000e+00  3.30000096e+00 
 1.31166725e-03  3.30000000e+00  3.30000000e+00  3.29999904e+00 
 1.31666725e-03  3.30000000e+00  3.30000000e+00  3.30000096e+00 
 1.32166725e-03  3.30000000e+00  3.30000000e+00  3.29999904e+00 
 1.32666725e-03  3.30000000e+00  3.30000000e+00  3.30000096e+00 
 1.33166725e-03  3.30000000e+00  3.30000000e+00  3.29999904e+00 
 1.33666725e-03  3.30000000e+00  3.30000000e+00  3.30000096e+00 
 1.34166725e-03  3.30000000e+00  3.30000000e+00  3.29999904e+00 
 1.34666725e-03  3.30000000e+00  3.30000000e+00  3.30000096e+00 
 1.35166725e-03  3.30000000e+00  3.30000000e+00  3.29999904e+00 
 1.35666725e-03  3.30000000e+00  3.30000000e+00  3.30000096e+00 
 1.36166725e-03  3.30000000e+00  3.30000000e+00  3.29999904e+00 
 1.36666725e-03  3.30000000e+00  3.30000000e+00  3.30000096e+00 
 1.37166725e-03  3.30000000e+00  3.30000000e+00  3.29999904e+00 
 1.37666725e-03  3.30000000e+00  3.30000000e+00  3.30000096e+00 
 1.38166725e-03  3.30000000e+00  3.30000000e+00  3.29999904e+00 
 1.38666725e-03  3.30000000e+00  3.30000000e+00  3.30000096e+00 
 1.39166725e-03  3.30000000e+00  3.30000000e+00  3.29999904e+00 
 1.39666725e-03  3.30000000e+00  3.30000000e+00  3.30000096e+00 
 1.40166725e-03  3.30000000e+00  3.30000000e+00  3.29999904e+00 
 1.40666725e-03  3.30000000e+00  3.30000000e+00  3.30000096e+00 
 1.41166725e-03  3.30000000e+00  3.30000000e+00  3.29999904e+00 
 1.41666725e-03  3.30000000e+00  3.30000000e+00  3.30000096e+00 
 1.42166725e-03  3.30000000e+00  3.30000000e+00  3.29999904e+00 
 1.42666725e-03  3.30000000e+00  3.30000000e+00  3.30000096e+00 
 1.43166725e-03  3.30000000e+00  3.30000000e+00  3.29999904e+00 
 1.43666725e-03  3.30000000e+00  3.30000000e+00  3.30000096e+00 
 1.44166725e-03  3.30000000e+00  3.30000000e+00  3.29999904e+00 
 1.44666725e-03  3.30000000e+00  3.30000000e+00  3.30000096e+00 
 1.45166725e-03  3.30000000e+00  3.30000000e+00  3.29999904e+00 
 1.45666725e-03  3.30000000e+00  3.30000000e+00  3.30000096e+00 
 1.46166725e-03  3.30000000e+00  3.30000000e+00  3.29999904e+00 
 1.46666725e-03  3.30000000e+00  3.30000000e+00  3.30000096e+00 
 1.47166725e-03  3.30000000e+00  3.30000000e+00  3.29999904e+00 
 1.47666725e-03  3.30000000e+00  3.30000000e+00  3.30000096e+00 
 1.48166725e-03  3.30000000e+00  3.30000000e+00  3.29999904e+00 
 1.48666725e-03  3.30000000e+00  3.30000000e+00  3.30000096e+00 
 1.49166725e-03  3.30000000e+00  3.30000000e+00  3.29999904e+00 
 1.49666725e-03  3.30000000e+00  3.30000000e+00  3.30000096e+00 
 1.50166725e-03  3.30000000e+00  3.30000000e+00  3.29999904e+00 
 1.50666725e-03  3.30000000e+00  3.30000000e+00  3.30000096e+00 
 1.51166725e-03  3.30000000e+00  3.30000000e+00  3.29999904e+00 
 1.51666725e-03  3.30000000e+00  3.30000000e+00  3.30000096e+00 
 1.52166725e-03  3.30000000e+00  3.30000000e+00  3.29999904e+00 
 1.52666725e-03  3.30000000e+00  3.30000000e+00  3.30000096e+00 
 1.53166725e-03  3.30000000e+00  3.30000000e+00  3.29999904e+00 
 1.53666725e-03  3.30000000e+00  3.30000000e+00  3.30000096e+00 
 1.54166725e-03  3.30000000e+00  3.30000000e+00  3.29999904e+00 
 1.54666725e-03  3.30000000e+00  3.30000000e+00  3.30000096e+00 
 1.55166725e-03  3.30000000e+00  3.30000000e+00  3.29999904e+00 
 1.55666725e-03  3.30000000e+00  3.30000000e+00  3.30000096e+00 
 1.56166725e-03  3.30000000e+00  3.30000000e+00  3.29999904e+00 
 1.56666725e-03  3.30000000e+00  3.30000000e+00  3.30000096e+00 
 1.57166725e-03  3.30000000e+00  3.30000000e+00  3.29999904e+00 
 1.57666725e-03  3.30000000e+00  3.30000000e+00  3.30000096e+00 
 1.58166725e-03  3.30000000e+00  3.30000000e+00  3.29999904e+00 
 1.58666725e-03  3.30000000e+00  3.30000000e+00  3.30000096e+00 
 1.59166725e-03  3.30000000e+00  3.30000000e+00  3.29999904e+00 
 1.59666725e-03  3.30000000e+00  3.30000000e+00  3.30000096e+00 
 1.60166725e-03  3.30000000e+00  3.30000000e+00  3.29999904e+00 
 1.60666725e-03  3.30000000e+00  3.30000000e+00  3.30000096e+00 
 1.61166725e-03  3.30000000e+00  3.30000000e+00  3.29999904e+00 
 1.61666725e-03  3.30000000e+00  3.30000000e+00  3.30000096e+00 
 1.62166725e-03  3.30000000e+00  3.30000000e+00  3.29999904e+00 
 1.62666725e-03  3.30000000e+00  3.30000000e+00  3.30000096e+00 
 1.63166725e-03  3.30000000e+00  3.30000000e+00  3.29999904e+00 
 1.63666725e-03  3.30000000e+00  3.30000000e+00  3.30000096e+00 
 1.64166725e-03  3.30000000e+00  3.30000000e+00  3.29999904e+00 
 1.64666725e-03  3.30000000e+00  3.30000000e+00  3.30000096e+00 
 1.65166725e-03  3.30000000e+00  3.30000000e+00  3.29999904e+00 
 1.65666725e-03  3.30000000e+00  3.30000000e+00  3.30000096e+00 
 1.66166725e-03  3.30000000e+00  3.30000000e+00  3.29999904e+00 
 1.66666725e-03  3.30000000e+00  3.30000000e+00  3.30000096e+00 
 1.67166725e-03  3.30000000e+00  3.30000000e+00  3.29999904e+00 
 1.67666725e-03  3.30000000e+00  3.30000000e+00  3.30000096e+00 
 1.68166725e-03  3.30000000e+00  3.30000000e+00  3.29999904e+00 
 1.68666725e-03  3.30000000e+00  3.30000000e+00  3.30000096e+00 
 1.69166725e-03  3.30000000e+00  3.30000000e+00  3.29999904e+00 
 1.69666725e-03  3.30000000e+00  3.30000000e+00  3.30000095e+00 
 1.70166725e-03  3.30000000e+00  3.30000000e+00  3.29999904e+00 
 1.70666725e-03  3.30000000e+00  3.30000000e+00  3.30000095e+00 
 1.71166725e-03  3.30000000e+00  3.30000000e+00  3.29999904e+00 
 1.71666725e-03  3.30000000e+00  3.30000000e+00  3.30000095e+00 
 1.72166725e-03  3.30000000e+00  3.30000000e+00  3.29999904e+00 
 1.72666725e-03  3.30000000e+00  3.30000000e+00  3.30000095e+00 
 1.73166725e-03  3.30000000e+00  3.30000000e+00  3.29999904e+00 
 1.73666725e-03  3.30000000e+00  3.30000000e+00  3.30000095e+00 
 1.74166725e-03  3.30000000e+00  3.30000000e+00  3.29999904e+00 
 1.74666725e-03  3.30000000e+00  3.30000000e+00  3.30000095e+00 
 1.75166725e-03  3.30000000e+00  3.30000000e+00  3.29999904e+00 
 1.75666725e-03  3.30000000e+00  3.30000000e+00  3.30000095e+00 
 1.76166725e-03  3.30000000e+00  3.30000000e+00  3.29999905e+00 
 1.76666725e-03  3.30000000e+00  3.30000000e+00  3.30000095e+00 
 1.77166725e-03  3.30000000e+00  3.30000000e+00  3.29999905e+00 
 1.77666725e-03  3.30000000e+00  3.30000000e+00  3.30000095e+00 
 1.78166725e-03  3.30000000e+00  3.30000000e+00  3.29999905e+00 
 1.78666725e-03  3.30000000e+00  3.30000000e+00  3.30000095e+00 
 1.79166725e-03  3.30000000e+00  3.30000000e+00  3.29999905e+00 
 1.79666725e-03  3.30000000e+00  3.30000000e+00  3.30000095e+00 
 1.80166725e-03  3.30000000e+00  3.30000000e+00  3.29999905e+00 
 1.80666725e-03  3.30000000e+00  3.30000000e+00  3.30000095e+00 
 1.81166725e-03  3.30000000e+00  3.30000000e+00  3.29999905e+00 
 1.81666725e-03  3.30000000e+00  3.30000000e+00  3.30000095e+00 
 1.82166725e-03  3.30000000e+00  3.30000000e+00  3.29999905e+00 
 1.82666725e-03  3.30000000e+00  3.30000000e+00  3.30000095e+00 
 1.83166725e-03  3.30000000e+00  3.30000000e+00  3.29999905e+00 
 1.83666725e-03  3.30000000e+00  3.30000000e+00  3.30000095e+00 
 1.84166725e-03  3.30000000e+00  3.30000000e+00  3.29999905e+00 
 1.84666725e-03  3.30000000e+00  3.30000000e+00  3.30000095e+00 
 1.85166725e-03  3.30000000e+00  3.30000000e+00  3.29999905e+00 
 1.85666725e-03  3.30000000e+00  3.30000000e+00  3.30000095e+00 
 1.86166725e-03  3.30000000e+00  3.30000000e+00  3.29999905e+00 
 1.86666725e-03  3.30000000e+00  3.30000000e+00  3.30000095e+00 
 1.87166725e-03  3.30000000e+00  3.30000000e+00  3.29999905e+00 
 1.87666725e-03  3.30000000e+00  3.30000000e+00  3.30000095e+00 
 1.88166725e-03  3.30000000e+00  3.30000000e+00  3.29999905e+00 
 1.88666725e-03  3.30000000e+00  3.30000000e+00  3.30000095e+00 
 1.89166725e-03  3.30000000e+00  3.30000000e+00  3.29999905e+00 
 1.89666725e-03  3.30000000e+00  3.30000000e+00  3.30000095e+00 
 1.90166725e-03  3.30000000e+00  3.30000000e+00  3.29999905e+00 
 1.90666725e-03  3.30000000e+00  3.30000000e+00  3.30000095e+00 
 1.91166725e-03  3.30000000e+00  3.30000000e+00  3.29999905e+00 
 1.91666725e-03  3.30000000e+00  3.30000000e+00  3.30000095e+00 
 1.92166725e-03  3.30000000e+00  3.30000000e+00  3.29999905e+00 
 1.92666725e-03  3.30000000e+00  3.30000000e+00  3.30000095e+00 
 1.93166725e-03  3.30000000e+00  3.30000000e+00  3.29999905e+00 
 1.93666725e-03  3.30000000e+00  3.30000000e+00  3.30000095e+00 
 1.94166725e-03  3.30000000e+00  3.30000000e+00  3.29999905e+00 
 1.94666725e-03  3.30000000e+00  3.30000000e+00  3.30000095e+00 
 1.95166725e-03  3.30000000e+00  3.30000000e+00  3.29999905e+00 
 1.95666725e-03  3.30000000e+00  3.30000000e+00  3.30000095e+00 
 1.96166725e-03  3.30000000e+00  3.30000000e+00  3.29999905e+00 
 1.96666725e-03  3.30000000e+00  3.30000000e+00  3.30000095e+00 
 1.97166725e-03  3.30000000e+00  3.30000000e+00  3.29999905e+00 
 1.97666725e-03  3.30000000e+00  3.30000000e+00  3.30000095e+00 
 1.98166725e-03  3.30000000e+00  3.30000000e+00  3.29999905e+00 
 1.98666725e-03  3.30000000e+00  3.30000000e+00  3.30000095e+00 
 1.99166725e-03  3.30000000e+00  3.30000000e+00  3.29999905e+00 
 1.99666725e-03  3.30000000e+00  3.30000000e+00  3.30000095e+00 
 2.00000000e-03  3.30000000e+00  3.30000000e+00  3.29999905e+00 
 2.00050000e-03  3.29835000e+00  3.30000000e+00  3.30000000e+00 
 2.00150000e-03  3.29505000e+00  3.30000000e+00  3.30000000e+00 
 2.00350000e-03  3.28845000e+00  3.30000000e+00  3.30000000e+00 
 2.00750000e-03  3.27525000e+00  3.30000000e+00  3.30000000e+00 
 2.01250000e-03  3.25875000e+00  3.30000000e+00  3.30000000e+00 
 2.01750000e-03  3.24225000e+00  3.30000000e+00  3.30000000e+00 
 2.02250000e-03  3.22575000e+00  3.30000000e+00  3.30000000e+00 
 2.02750000e-03  3.20925000e+00  3.30000000e+00  3.30000000e+00 
 2.03250000e-03  3.19275000e+00  3.30000000e+00  3.30000000e+00 
 2.03750000e-03  3.17625000e+00  3.30000000e+00  3.30000000e+00 
 2.04250000e-03  3.15975000e+00  3.30000000e+00  3.30000000e+00 
 2.04750000e-03  3.14325000e+00  3.30000000e+00  3.30000000e+00 
 2.05250000e-03  3.12675000e+00  3.30000000e+00  3.30000000e+00 
 2.05750000e-03  3.11025000e+00  3.30000000e+00  3.30000000e+00 
 2.06250000e-03  3.09375000e+00  3.30000000e+00  3.30000000e+00 
 2.06750000e-03  3.07725000e+00  3.30000000e+00  3.30000000e+00 
 2.07250000e-03  3.06075000e+00  3.30000000e+00  3.30000000e+00 
 2.07750000e-03  3.04425000e+00  3.30000000e+00  3.30000000e+00 
 2.08250000e-03  3.02775000e+00  3.30000000e+00  3.30000000e+00 
 2.08750000e-03  3.01125000e+00  3.30000000e+00  3.30000000e+00 
 2.09250000e-03  2.99475000e+00  3.30000000e+00  3.30000000e+00 
 2.09750000e-03  2.97825000e+00  3.30000000e+00  3.30000000e+00 
 2.10250000e-03  2.96175000e+00  3.30000000e+00  3.30000000e+00 
 2.10750000e-03  2.94525000e+00  3.30000000e+00  3.30000000e+00 
 2.11250000e-03  2.92875000e+00  3.30000000e+00  3.30000000e+00 
 2.11750000e-03  2.91225000e+00  3.30000000e+00  3.30000000e+00 
 2.12250000e-03  2.89575000e+00  3.30000000e+00  3.30000000e+00 
 2.12750000e-03  2.87925000e+00  3.30000000e+00  3.30000000e+00 
 2.13250000e-03  2.86275000e+00  3.30000000e+00  3.30000000e+00 
 2.13750000e-03  2.84625000e+00  3.30000000e+00  3.30000000e+00 
 2.14250000e-03  2.82975000e+00  3.30000000e+00  3.30000000e+00 
 2.14750000e-03  2.81325000e+00  3.30000000e+00  3.30000000e+00 
 2.15250000e-03  2.79675000e+00  3.30000000e+00  3.30000000e+00 
 2.15750000e-03  2.78025000e+00  3.30000000e+00  3.30000000e+00 
 2.16250000e-03  2.76375000e+00  3.30000000e+00  3.30000000e+00 
 2.16750000e-03  2.74725000e+00  3.30000000e+00  3.30000000e+00 
 2.17250000e-03  2.73075000e+00  3.30000000e+00  3.30000000e+00 
 2.17750000e-03  2.71425000e+00  3.30000000e+00  3.30000000e+00 
 2.18250000e-03  2.69775000e+00  3.30000000e+00  3.30000000e+00 
 2.18750000e-03  2.68125000e+00  3.30000000e+00  3.30000000e+00 
 2.19250000e-03  2.66475000e+00  3.30000000e+00  3.30000000e+00 
 2.19750000e-03  2.64825000e+00  3.30000000e+00  3.30000000e+00 
 2.20250000e-03  2.63175000e+00  3.30000000e+00  3.30000000e+00 
 2.20750000e-03  2.61525000e+00  3.30000000e+00  3.30000000e+00 
 2.21250000e-03  2.59875000e+00  3.30000000e+00  3.30000000e+00 
 2.21750000e-03  2.58225000e+00  3.30000000e+00  3.30000000e+00 
 2.22250000e-03  2.56575000e+00  3.30000000e+00  3.30000000e+00 
 2.22750000e-03  2.54925000e+00  3.30000000e+00  3.30000000e+00 
 2.23250000e-03  2.53275000e+00  3.30000000e+00  3.30000000e+00 
 2.23750000e-03  2.51625000e+00  3.30000000e+00  3.30000000e+00 
 2.24250000e-03  2.49975000e+00  3.30000000e+00  3.30000000e+00 
 2.24750000e-03  2.48325000e+00  3.30000000e+00  3.30000000e+00 
 2.25250000e-03  2.46675000e+00  3.30000000e+00  3.30000000e+00 
 2.25750000e-03  2.45025000e+00  3.30000000e+00  3.30000000e+00 
 2.26250000e-03  2.43375000e+00  3.30000000e+00  3.30000000e+00 
 2.26750000e-03  2.41725000e+00  3.30000000e+00  3.30000000e+00 
 2.27250000e-03  2.40075000e+00  3.30000000e+00  3.30000000e+00 
 2.27750000e-03  2.38425000e+00  3.30000000e+00  3.30000000e+00 
 2.28250000e-03  2.36775000e+00  3.30000000e+00  3.30000000e+00 
 2.28750000e-03  2.35125000e+00  3.30000000e+00  3.30000000e+00 
 2.29250000e-03  2.33475000e+00  3.30000000e+00  3.30000000e+00 
 2.29750000e-03  2.31825000e+00  3.30000000e+00  3.30000000e+00 
 2.30250000e-03  2.30175000e+00  3.30000000e+00  3.30000000e+00 
 2.30750000e-03  2.28525000e+00  3.30000000e+00  3.30000000e+00 
 2.31250000e-03  2.26875000e+00  3.30000000e+00  3.30000000e+00 
 2.31750000e-03  2.25225000e+00  3.30000001e+00  3.30000000e+00 
 2.32250000e-03  2.23575000e+00  3.30000001e+00  3.30000000e+00 
 2.32750000e-03  2.21925000e+00  3.30000001e+00  3.30000000e+00 
 2.33250000e-03  2.20275000e+00  3.30000001e+00  3.30000000e+00 
 2.33750000e-03  2.18625000e+00  3.30000001e+00  3.30000000e+00 
 2.34250000e-03  2.16975000e+00  3.30000001e+00  3.30000000e+00 
 2.34750000e-03  2.15325000e+00  3.30000001e+00  3.30000000e+00 
 2.35250000e-03  2.13675000e+00  3.30000001e+00  3.30000000e+00 
 2.35750000e-03  2.12025000e+00  3.30000001e+00  3.30000000e+00 
 2.36250000e-03  2.10375000e+00  3.30000001e+00  3.30000000e+00 
 2.36750000e-03  2.08725000e+00  3.30000001e+00  3.30000000e+00 
 2.37250000e-03  2.07075000e+00  3.30000001e+00  3.30000000e+00 
 2.37750000e-03  2.05425000e+00  3.30000001e+00  3.30000000e+00 
 2.38250000e-03  2.03775000e+00  3.30000001e+00  3.30000000e+00 
 2.38750000e-03  2.02125000e+00  3.30000001e+00  3.30000000e+00 
 2.39250000e-03  2.00475000e+00  3.30000001e+00  3.30000000e+00 
 2.39750000e-03  1.98825000e+00  3.30000001e+00  3.30000000e+00 
 2.40250000e-03  1.97175000e+00  3.30000001e+00  3.30000000e+00 
 2.40750000e-03  1.95525000e+00  3.30000001e+00  3.30000000e+00 
 2.41250000e-03  1.93875000e+00  3.30000001e+00  3.30000000e+00 
 2.41750000e-03  1.92225000e+00  3.30000001e+00  3.30000000e+00 
 2.42250000e-03  1.90575000e+00  3.30000001e+00  3.30000000e+00 
 2.42750000e-03  1.88925000e+00  3.30000000e+00  3.30000000e+00 
 2.43250000e-03  1.87275000e+00  3.30000000e+00  3.30000000e+00 
 2.43750000e-03  1.85625000e+00  3.29999999e+00  3.30000000e+00 
 2.44250000e-03  1.83975000e+00  3.29999998e+00  3.30000000e+00 
 2.44750000e-03  1.82325000e+00  3.29999995e+00  3.30000000e+00 
 2.45250000e-03  1.80675000e+00  3.29999991e+00  3.30000000e+00 
 2.45750000e-03  1.79025000e+00  3.29999984e+00  3.30000000e+00 
 2.46250000e-03  1.77375000e+00  3.29999968e+00  3.30000000e+00 
 2.46750000e-03  1.75725000e+00  3.29999936e+00  3.30000000e+00 
 2.47250000e-03  1.74075000e+00  3.29999858e+00  3.30000000e+00 
 2.47750000e-03  1.72425000e+00  3.29999647e+00  3.30000000e+00 
 2.48250000e-03  1.70775000e+00  3.29998958e+00  3.30000000e+00 
 2.48750000e-03  1.69125000e+00  3.29996072e+00  3.30000000e+00 
 2.49250000e-03  1.67475000e+00  3.29979136e+00  3.30000000e+00 
 2.49750000e-03  1.65825000e+00  3.29850004e+00  3.30000000e+00 
 2.50250000e-03  1.64175000e+00  3.29036879e+00  3.30000000e+00 
 2.50750000e-03  1.62525000e+00  3.25306542e+00  3.30000000e+00 
 2.51250000e-03  1.60875000e+00  3.07575334e+00  3.30000000e+00 
 2.51750000e-03  1.59225000e+00  2.35042676e-01  3.30000000e+00 
 2.52139136e-03  1.57940853e+00  6.37468646e-02  3.30000000e+00 
 2.52503607e-03  1.56738096e+00  2.22801424e-02  3.30000000e+00 
 2.52987053e-03  1.55142724e+00  5.95029870e-03  3.30000000e+00 
 2.53487053e-03  1.53492724e+00  1.52504735e-03  3.30000000e+00 
 2.53987053e-03  1.51842724e+00  3.56310398e-04  3.30000000e+00 
 2.54487053e-03  1.50192724e+00  1.11633259e-04  3.30000000e+00 
 2.54987053e-03  1.48542724e+00  1.76201959e-05  3.30000000e+00 
 2.55487053e-03  1.46892724e+00  2.48299304e-05  3.30000000e+00 
 2.55987053e-03  1.45242724e+00 -7.86814757e-06  3.30000000e+00 
 2.56487053e-03  1.43592724e+00  1.54228445e-05  3.30000000e+00 
 2.56987053e-03  1.41942724e+00 -1.21677042e-05  3.30000000e+00 
 2.57487053e-03  1.40292724e+00  1.34792881e-05  3.30000000e+00 
 2.57987053e-03  1.38642724e+00 -1.24688077e-05  3.30000000e+00 
 2.58487053e-03  1.36992724e+00  1.30257041e-05  3.30000000e+00 
 2.58987053e-03  1.35342724e+00 -1.25605084e-05  3.30000000e+00 
 2.59487053e-03  1.33692724e+00  1.28007906e-05  3.30000000e+00 
 2.59987053e-03  1.32042724e+00 -1.25547214e-05  3.30000000e+00 
 2.60487053e-03  1.30392724e+00  1.26660809e-05  3.30000000e+00 
 2.60987053e-03  1.28742724e+00 -1.25186690e-05  3.30000000e+00 
 2.61487053e-03  1.27092724e+00  1.25728295e-05  3.30000000e+00 
 2.61987053e-03  1.25442724e+00 -1.24747091e-05  3.30000000e+00 
 2.62487053e-03  1.23792724e+00  1.25016205e-05  3.30000000e+00 
 2.62987053e-03  1.22142724e+00 -1.24305342e-05  3.30000000e+00 
 2.63487053e-03  1.20492724e+00  1.24437405e-05  3.30000000e+00 
 2.63987053e-03  1.18842724e+00 -1.23887693e-05  3.30000000e+00 
 2.64487053e-03  1.17192724e+00  1.23948166e-05  3.30000000e+00 
 2.64987053e-03  1.15542724e+00 -1.23501975e-05  3.30000000e+00 
 2.65487053e-03  1.13892724e+00  1.23524268e-05  3.30000000e+00 
 2.65987053e-03  1.12242724e+00 -1.23149187e-05  3.30000000e+00 
 2.66487053e-03  1.10592724e+00  1.23151116e-05  3.30000000e+00 
 2.66987053e-03  1.08942724e+00 -1.22827883e-05  3.30000000e+00 
 2.67487053e-03  1.07292724e+00  1.22819286e-05  3.30000000e+00 
 2.67987053e-03  1.05642724e+00 -1.22535884e-05  3.30000000e+00 
 2.68487053e-03  1.03992724e+00  1.22273517e-05  3.30000000e+00 
 2.68987053e-03  1.02342724e+00 -1.22032237e-05  3.30000000e+00 
 2.69487053e-03  1.00692724e+00  1.22031654e-05  3.30000000e+00 
 2.69987053e-03  9.90427238e-01 -1.21816271e-05  3.30000000e+00 
 2.70487053e-03  9.73927238e-01  1.21814715e-05  3.30000000e+00 
 2.70987053e-03  9.57427238e-01 -1.21621671e-05  3.30000000e+00 
 2.71487053e-03  9.40927238e-01  1.21620479e-05  3.30000000e+00 
 2.71987053e-03  9.24427238e-01 -1.21447232e-05  3.30000000e+00 
 2.72487053e-03  9.07927238e-01  1.21447211e-05  3.30000000e+00 
 2.72987053e-03  8.91427238e-01 -1.21291890e-05  3.30000000e+00 
 2.73487053e-03  8.74927238e-01  1.21293522e-05  3.30000001e+00 
 2.73987053e-03  8.58427238e-01 -1.21154703e-05  3.30000001e+00 
 2.74487053e-03  8.41927238e-01  1.21158267e-05  3.30000002e+00 
 2.74549553e-03  8.39864738e-01  3.50817852e-09  3.30000003e+00 
 2.74674553e-03  8.35739738e-01  2.92532270e-09  3.30000005e+00 
 2.74705803e-03  8.34708488e-01  3.19065701e-09  3.30000182e+00 
 2.74768303e-03  8.32645988e-01  3.16235431e-09  3.29999792e+00 
 2.74783928e-03  8.32130363e-01  3.16360210e-09  3.29999991e+00 
 2.74815178e-03  8.31099113e-01  3.14950046e-09  3.29999980e+00 
 2.74877678e-03  8.29036613e-01  3.13382208e-09  3.29999965e+00 
 2.74936363e-03  8.27100024e-01  3.11137585e-09  2.03781742e-04 
 2.74978360e-03  8.25714133e-01  3.10273527e-09 -2.03598303e-04 
 2.75017351e-03  8.24427414e-01  3.09406953e-09  2.03413785e-04 
 2.75066285e-03  8.22812588e-01  3.07088245e-09 -2.03677366e-04 
 2.75164153e-03  8.19582936e-01  3.06290604e-09  2.03321119e-04 
 2.75359890e-03  8.13123632e-01  2.99910918e-09 -2.03630665e-04 
 2.75751363e-03  8.00205024e-01  2.82072998e-09  2.03515673e-04 
 2.76251363e-03  7.83705024e-01  2.76110979e-09 -2.03399598e-04 
 2.76751363e-03  7.67205024e-01  2.53362278e-09  2.03503132e-04 
 2.77251363e-03  7.50705024e-01  2.48320463e-09 -2.03388204e-04 
 2.77751363e-03  7.34205024e-01  2.26461930e-09  2.03490696e-04 
 2.78251363e-03  7.17705024e-01  2.22276125e-09 -2.03376878e-04 
 2.78751363e-03  7.01205024e-01  2.01283089e-09  2.03478363e-04 
 2.79251363e-03  6.84705024e-01  1.97974189e-09 -2.03365618e-04 
 2.79751363e-03  6.68205024e-01  1.77914953e-09  2.03466129e-04 
 2.80251363e-03  6.51705024e-01  1.75614402e-09 -2.03354422e-04 
 2.80751363e-03  6.35205024e-01  1.56698252e-09  2.03453990e-04 
 2.81251363e-03  6.18705024e-01  1.55721338e-09 -2.03343289e-04 
 2.81751363e-03  6.02205024e-01  1.38389521e-09  2.03441942e-04 
 2.82251363e-03  5.85705024e-01  1.39309961e-09 -2.03332217e-04 
 2.82751363e-03  5.69205024e-01  1.24214533e-09  2.03429984e-04 
 2.83251363e-03  5.52705024e-01  1.27630147e-09 -2.03321204e-04 
 2.83751363e-03  5.36205024e-01  1.15108923e-09  2.03418112e-04 
 2.84251363e-03  5.19705024e-01  1.20924454e-09 -2.03310248e-04 
 2.84751363e-03  5.03205024e-01  1.10423525e-09  2.03406324e-04 
 2.85251363e-03  4.86705024e-01  1.17785125e-09 -2.03299346e-04 
 2.85751363e-03  4.70205024e-01  1.08384335e-09  2.03394619e-04 
 2.86251363e-03  4.53705024e-01  1.16486259e-09 -2.03288457e-04 
 2.86751363e-03  4.37205024e-01  1.07568046e-09  2.03383061e-04 
 2.87191671e-03  4.22674866e-01  1.16001109e-09 -2.03276694e-04 
 2.87615822e-03  4.08677870e-01  1.07273196e-09  2.03370027e-04 
 2.88007587e-03  3.95749637e-01  1.15820182e-09 -2.03263020e-04 
 2.88397808e-03  3.82872320e-01  1.07154097e-09  2.03355653e-04 
 2.88827897e-03  3.68679406e-01  1.15734671e-09 -2.03249555e-04 
 2.89327897e-03  3.52179406e-01  1.07090716e-09  2.03343246e-04 
 2.89827897e-03  3.35679406e-01  1.15690930e-09 -2.03238783e-04 
 2.90327897e-03  3.19179406e-01  1.07063975e-09  2.03331800e-04 
 2.90827897e-03  3.02679406e-01  1.15673906e-09 -2.03228066e-04 
 2.91327897e-03  2.86179406e-01  1.07058094e-09  2.03129038e-04 
 2.91827897e-03  2.69679406e-01  1.15658472e-09 -2.03217389e-04 
 2.92327897e-03  2.53179406e-01  1.07060328e-09  2.03119110e-04 
 2.92827897e-03  2.36679406e-01  1.15653357e-09 -2.03396899e-04 
 2.93327897e-03  2.20179406e-01  1.07059253e-09  2.03108294e-04 
 2.93827897e-03  2.03679406e-01  1.15652272e-09 -2.03384879e-04 
 2.94327897e-03  1.87179406e-01  1.07058977e-09  2.03098420e-04 
 2.94827897e-03  1.70679406e-01  1.15651675e-09 -2.03372939e-04 
 2.95327897e-03  1.54179406e-01  1.07059001e-09  2.03088575e-04 
 2.95827897e-03  1.37679406e-01  1.15651324e-09 -2.03361078e-04 
 2.96327897e-03  1.21179406e-01  1.07059159e-09  2.03078759e-04 
 2.96827897e-03  1.04679406e-01  1.15651031e-09 -2.03349296e-04 
 2.97327897e-03  8.81794056e-02  1.07059366e-09  2.03068971e-04 
 2.97827897e-03  7.16794056e-02  1.15650762e-09 -2.03337588e-04 
 2.98327897e-03  5.51794056e-02  1.07059596e-09  2.03059211e-04 
 2.98827897e-03  3.86794056e-02  1.15650511e-09 -2.03325953e-04 
 2.99327897e-03  2.21794056e-02  1.07059831e-09  2.03049480e-04 
 2.99827897e-03  5.67940565e-03  1.15650270e-09 -2.03314389e-04 
 3.00000000e-03  0.00000000e+00  1.07060280e-09  2.03029790e-04