 v-sweep         v(vinp)         v(voutp)       
 5.00000000e-01  5.00000000e-01  6.00862233e-03 
 5.01000000e-01  5.01000000e-01  6.00985651e-03 
 5.02000000e-01  5.02000000e-01  6.01114322e-03 
 5.03000000e-01  5.03000000e-01  6.01246761e-03 
 5.04000000e-01  5.04000000e-01  6.01382757e-03 
 5.05000000e-01  5.05000000e-01  6.01523302e-03 
 5.06000000e-01  5.06000000e-01  6.01667145e-03 
 5.07000000e-01  5.07000000e-01  6.01816382e-03 
 5.08000000e-01  5.08000000e-01  6.01969533e-03 
 5.09000000e-01  5.09000000e-01  6.02127800e-03 
 5.10000000e-01  5.10000000e-01  6.02289684e-03 
 5.11000000e-01  5.11000000e-01  6.02457354e-03 
 5.12000000e-01  5.12000000e-01  6.02629986e-03 
 5.13000000e-01  5.13000000e-01  6.02807662e-03 
 5.14000000e-01  5.14000000e-01  6.02991376e-03 
 5.15000000e-01  5.15000000e-01  6.03180377e-03 
 5.16000000e-01  5.16000000e-01  6.03375272e-03 
 5.17000000e-01  5.17000000e-01  6.03575914e-03 
 5.18000000e-01  5.18000000e-01  6.03783308e-03 
 5.19000000e-01  5.19000000e-01  6.03996130e-03 
 5.20000000e-01  5.20000000e-01  6.04216392e-03 
 5.21000000e-01  5.21000000e-01  6.04443459e-03 
 5.22000000e-01  5.22000000e-01  6.04676810e-03 
 5.23000000e-01  5.23000000e-01  6.04918941e-03 
 5.24000000e-01  5.24000000e-01  6.05167593e-03 
 5.25000000e-01  5.25000000e-01  6.05424157e-03 
 5.26000000e-01  5.26000000e-01  6.05689193e-03 
 5.27000000e-01  5.27000000e-01  6.05962586e-03 
 5.28000000e-01  5.28000000e-01  6.06244319e-03 
 5.29000000e-01  5.29000000e-01  6.06535396e-03 
 5.30000000e-01  5.30000000e-01  6.06835932e-03 
 5.31000000e-01  5.31000000e-01  6.07145001e-03 
 5.32000000e-01  5.32000000e-01  6.07465271e-03 
 5.33000000e-01  5.33000000e-01  6.07794708e-03 
 5.34000000e-01  5.34000000e-01  6.08134831e-03 
 5.35000000e-01  5.35000000e-01  6.08486302e-03 
 5.36000000e-01  5.36000000e-01  6.08848811e-03 
 5.37000000e-01  5.37000000e-01  6.09223119e-03 
 5.38000000e-01  5.38000000e-01  6.09609919e-03 
 5.39000000e-01  5.39000000e-01  6.10009031e-03 
 5.40000000e-01  5.40000000e-01  6.10420341e-03 
 5.41000000e-01  5.41000000e-01  6.10846046e-03 
 5.42000000e-01  5.42000000e-01  6.11285141e-03 
 5.43000000e-01  5.43000000e-01  6.11737526e-03 
 5.44000000e-01  5.44000000e-01  6.12206559e-03 
 5.45000000e-01  5.45000000e-01  6.12688908e-03 
 5.46000000e-01  5.46000000e-01  6.13188365e-03 
 5.47000000e-01  5.47000000e-01  6.13703456e-03 
 5.48000000e-01  5.48000000e-01  6.14234444e-03 
 5.49000000e-01  5.49000000e-01  6.14784928e-03 
 5.50000000e-01  5.50000000e-01  6.15351600e-03 
 5.51000000e-01  5.51000000e-01  6.15938285e-03 
 5.52000000e-01  5.52000000e-01  6.16542576e-03 
 5.53000000e-01  5.53000000e-01  6.17168376e-03 
 5.54000000e-01  5.54000000e-01  6.17813373e-03 
 5.55000000e-01  5.55000000e-01  6.18480687e-03 
 5.56000000e-01  5.56000000e-01  6.19168739e-03 
 5.57000000e-01  5.57000000e-01  6.19880785e-03 
 5.58000000e-01  5.58000000e-01  6.20615905e-03 
 5.59000000e-01  5.59000000e-01  6.21374284e-03 
 5.60000000e-01  5.60000000e-01  6.22157942e-03 
 5.61000000e-01  5.61000000e-01  6.22966834e-03 
 5.62000000e-01  5.62000000e-01  6.23802935e-03 
 5.63000000e-01  5.63000000e-01  6.24666354e-03 
 5.64000000e-01  5.64000000e-01  6.25559638e-03 
 5.65000000e-01  5.65000000e-01  6.26480385e-03 
 5.66000000e-01  5.66000000e-01  6.27434725e-03 
 5.67000000e-01  5.67000000e-01  6.28415854e-03 
 5.68000000e-01  5.68000000e-01  6.29432831e-03 
 5.69000000e-01  5.69000000e-01  6.30481771e-03 
 5.70000000e-01  5.70000000e-01  6.31565400e-03 
 5.71000000e-01  5.71000000e-01  6.32685590e-03 
 5.72000000e-01  5.72000000e-01  6.33841563e-03 
 5.73000000e-01  5.73000000e-01  6.35036257e-03 
 5.74000000e-01  5.74000000e-01  6.36271496e-03 
 5.75000000e-01  5.75000000e-01  6.37545844e-03 
 5.76000000e-01  5.76000000e-01  6.38863816e-03 
 5.77000000e-01  5.77000000e-01  6.40223255e-03 
 5.78000000e-01  5.78000000e-01  6.41629656e-03 
 5.79000000e-01  5.79000000e-01  6.43079759e-03 
 5.80000000e-01  5.80000000e-01  6.44579397e-03 
 5.81000000e-01  5.81000000e-01  6.46128967e-03 
 5.82000000e-01  5.82000000e-01  6.47727937e-03 
 5.83000000e-01  5.83000000e-01  6.49380274e-03 
 5.84000000e-01  5.84000000e-01  6.51086484e-03 
 5.85000000e-01  5.85000000e-01  6.52850020e-03 
 5.86000000e-01  5.86000000e-01  6.54673667e-03 
 5.87000000e-01  5.87000000e-01  6.56553594e-03 
 5.88000000e-01  5.88000000e-01  6.58497392e-03 
 5.89000000e-01  5.89000000e-01  6.60503406e-03 
 5.90000000e-01  5.90000000e-01  6.62576972e-03 
 5.91000000e-01  5.91000000e-01  6.64718001e-03 
 5.92000000e-01  5.92000000e-01  6.66929045e-03 
 5.93000000e-01  5.93000000e-01  6.69214540e-03 
 5.94000000e-01  5.94000000e-01  6.71573953e-03 
 5.95000000e-01  5.95000000e-01  6.74010709e-03 
 5.96000000e-01  5.96000000e-01  6.76527811e-03 
 5.97000000e-01  5.97000000e-01  6.79127624e-03 
 5.98000000e-01  5.98000000e-01  6.81811204e-03 
 5.99000000e-01  5.99000000e-01  6.84584358e-03 
 6.00000000e-01  6.00000000e-01  6.87448485e-03 
 6.01000000e-01  6.01000000e-01  6.90407212e-03 
 6.02000000e-01  6.02000000e-01  6.93462522e-03 
 6.03000000e-01  6.03000000e-01  6.96617322e-03 
 6.04000000e-01  6.04000000e-01  6.99876751e-03 
 6.05000000e-01  6.05000000e-01  7.03240904e-03 
 6.06000000e-01  6.06000000e-01  7.06717971e-03 
 6.07000000e-01  6.07000000e-01  7.10305900e-03 
 6.08000000e-01  6.08000000e-01  7.14012356e-03 
 6.09000000e-01  6.09000000e-01  7.17842838e-03 
 6.10000000e-01  6.10000000e-01  7.21795809e-03 
 6.11000000e-01  6.11000000e-01  7.25879742e-03 
 6.12000000e-01  6.12000000e-01  7.30096330e-03 
 6.13000000e-01  6.13000000e-01  7.34451939e-03 
 6.14000000e-01  6.14000000e-01  7.38951206e-03 
 6.15000000e-01  6.15000000e-01  7.43591834e-03 
 6.16000000e-01  6.16000000e-01  7.48392293e-03 
 6.17000000e-01  6.17000000e-01  7.53343709e-03 
 6.18000000e-01  6.18000000e-01  7.58460909e-03 
 6.19000000e-01  6.19000000e-01  7.63742304e-03 
 6.20000000e-01  6.20000000e-01  7.69197244e-03 
 6.21000000e-01  6.21000000e-01  7.74830968e-03 
 6.22000000e-01  6.22000000e-01  7.80649738e-03 
 6.23000000e-01  6.23000000e-01  7.86655868e-03 
 6.24000000e-01  6.24000000e-01  7.92863021e-03 
 6.25000000e-01  6.25000000e-01  7.99269674e-03 
 6.26000000e-01  6.26000000e-01  8.05888168e-03 
 6.27000000e-01  6.27000000e-01  8.12721427e-03 
 6.28000000e-01  6.28000000e-01  8.19776583e-03 
 6.29000000e-01  6.29000000e-01  8.27063816e-03 
 6.30000000e-01  6.30000000e-01  8.34592061e-03 
 6.31000000e-01  6.31000000e-01  8.42362185e-03 
 6.32000000e-01  6.32000000e-01  8.50391642e-03 
 6.33000000e-01  6.33000000e-01  8.58677654e-03 
 6.34000000e-01  6.34000000e-01  8.67240438e-03 
 6.35000000e-01  6.35000000e-01  8.76078186e-03 
 6.36000000e-01  6.36000000e-01  8.85206015e-03 
 6.37000000e-01  6.37000000e-01  8.94633403e-03 
 6.38000000e-01  6.38000000e-01  9.04369006e-03 
 6.39000000e-01  6.39000000e-01  9.14422990e-03 
 6.40000000e-01  6.40000000e-01  9.24810950e-03 
 6.41000000e-01  6.41000000e-01  9.35531637e-03 
 6.42000000e-01  6.42000000e-01  9.46605237e-03 
 6.43000000e-01  6.43000000e-01  9.58043892e-03 
 6.44000000e-01  6.44000000e-01  9.69855787e-03 
 6.45000000e-01  6.45000000e-01  9.82053031e-03 
 6.46000000e-01  6.46000000e-01  9.94647422e-03 
 6.47000000e-01  6.47000000e-01  1.00764798e-02 
 6.48000000e-01  6.48000000e-01  1.02108914e-02 
 6.49000000e-01  6.49000000e-01  1.03495885e-02 
 6.50000000e-01  6.50000000e-01  1.04929089e-02 
 6.51000000e-01  6.51000000e-01  1.06408856e-02 
 6.52000000e-01  6.52000000e-01  1.07936445e-02 
 6.53000000e-01  6.53000000e-01  1.09515122e-02 
 6.54000000e-01  6.54000000e-01  1.11144592e-02 
 6.55000000e-01  6.55000000e-01  1.12828558e-02 
 6.56000000e-01  6.56000000e-01  1.14566136e-02 
 6.57000000e-01  6.57000000e-01  1.16361455e-02 
 6.58000000e-01  6.58000000e-01  1.18215301e-02 
 6.59000000e-01  6.59000000e-01  1.20130031e-02 
 6.60000000e-01  6.60000000e-01  1.22107922e-02 
 6.61000000e-01  6.61000000e-01  1.24149635e-02 
 6.62000000e-01  6.62000000e-01  1.26258567e-02 
 6.63000000e-01  6.63000000e-01  1.28437802e-02 
 6.64000000e-01  6.64000000e-01  1.30687250e-02 
 6.65000000e-01  6.65000000e-01  1.33010861e-02 
 6.66000000e-01  6.66000000e-01  1.35410516e-02 
 6.67000000e-01  6.67000000e-01  1.37888213e-02 
 6.68000000e-01  6.68000000e-01  1.40448862e-02 
 6.69000000e-01  6.69000000e-01  1.43091744e-02 
 6.70000000e-01  6.70000000e-01  1.45821547e-02 
 6.71000000e-01  6.71000000e-01  1.48640768e-02 
 6.72000000e-01  6.72000000e-01  1.51553330e-02 
 6.73000000e-01  6.73000000e-01  1.54561515e-02 
 6.74000000e-01  6.74000000e-01  1.57668072e-02 
 6.75000000e-01  6.75000000e-01  1.60877331e-02 
 6.76000000e-01  6.76000000e-01  1.64192687e-02 
 6.77000000e-01  6.77000000e-01  1.67614047e-02 
 6.78000000e-01  6.78000000e-01  1.71149788e-02 
 6.79000000e-01  6.79000000e-01  1.74802062e-02 
 6.80000000e-01  6.80000000e-01  1.78577167e-02 
 6.81000000e-01  6.81000000e-01  1.82475398e-02 
 6.82000000e-01  6.82000000e-01  1.86501651e-02 
 6.83000000e-01  6.83000000e-01  1.90660244e-02 
 6.84000000e-01  6.84000000e-01  1.94957840e-02 
 6.85000000e-01  6.85000000e-01  1.99394717e-02 
 6.86000000e-01  6.86000000e-01  2.03985069e-02 
 6.87000000e-01  6.87000000e-01  2.08723934e-02 
 6.88000000e-01  6.88000000e-01  2.13618889e-02 
 6.89000000e-01  6.89000000e-01  2.18678641e-02 
 6.90000000e-01  6.90000000e-01  2.23909790e-02 
 6.91000000e-01  6.91000000e-01  2.29312916e-02 
 6.92000000e-01  6.92000000e-01  2.34901872e-02 
 6.93000000e-01  6.93000000e-01  2.40674603e-02 
 6.94000000e-01  6.94000000e-01  2.46641292e-02 
 6.95000000e-01  6.95000000e-01  2.52815211e-02 
 6.96000000e-01  6.96000000e-01  2.59195539e-02 
 6.97000000e-01  6.97000000e-01  2.65792080e-02 
 6.98000000e-01  6.98000000e-01  2.72616984e-02 
 6.99000000e-01  6.99000000e-01  2.79674884e-02 
 7.00000000e-01  7.00000000e-01  2.86975345e-02 
 7.01000000e-01  7.01000000e-01  2.94531467e-02 
 7.02000000e-01  7.02000000e-01  3.02352203e-02 
 7.03000000e-01  7.03000000e-01  3.10447119e-02 
 7.04000000e-01  7.04000000e-01  3.18823445e-02 
 7.05000000e-01  7.05000000e-01  3.27505390e-02 
 7.06000000e-01  7.06000000e-01  3.36489543e-02 
 7.07000000e-01  7.07000000e-01  3.45805705e-02 
 7.08000000e-01  7.08000000e-01  3.55468192e-02 
 7.09000000e-01  7.09000000e-01  3.65477261e-02 
 7.10000000e-01  7.10000000e-01  3.75857432e-02 
 7.11000000e-01  7.11000000e-01  3.86637745e-02 
 7.12000000e-01  7.12000000e-01  3.97821194e-02 
 7.13000000e-01  7.13000000e-01  4.09442827e-02 
 7.14000000e-01  7.14000000e-01  4.21514662e-02 
 7.15000000e-01  7.15000000e-01  4.34064243e-02 
 7.16000000e-01  7.16000000e-01  4.47138536e-02 
 7.17000000e-01  7.17000000e-01  4.60730312e-02 
 7.18000000e-01  7.18000000e-01  4.74894636e-02 
 7.19000000e-01  7.19000000e-01  4.89667150e-02 
 7.20000000e-01  7.20000000e-01  5.05080564e-02 
 7.21000000e-01  7.21000000e-01  5.21189850e-02 
 7.22000000e-01  7.22000000e-01  5.38029029e-02 
 7.23000000e-01  7.23000000e-01  5.55647378e-02 
 7.24000000e-01  7.24000000e-01  5.74125720e-02 
 7.25000000e-01  7.25000000e-01  5.93524769e-02 
 7.26000000e-01  7.26000000e-01  6.13912248e-02 
 7.27000000e-01  7.27000000e-01  6.35380875e-02 
 7.28000000e-01  7.28000000e-01  6.58037475e-02 
 7.29000000e-01  7.29000000e-01  6.82678049e-02 
 7.30000000e-01  7.30000000e-01  7.08142152e-02 
 7.31000000e-01  7.31000000e-01  7.35208170e-02 
 7.32000000e-01  7.32000000e-01  7.64070558e-02 
 7.33000000e-01  7.33000000e-01  7.94975230e-02 
 7.34000000e-01  7.34000000e-01  8.28190676e-02 
 7.35000000e-01  7.35000000e-01  8.64060090e-02 
 7.36000000e-01  7.36000000e-01  9.03046017e-02 
 7.37000000e-01  7.37000000e-01  9.45697428e-02 
 7.38000000e-01  7.38000000e-01  9.92745665e-02 
 7.39000000e-01  7.39000000e-01  1.04520322e-01 
 7.40000000e-01  7.40000000e-01  1.10443718e-01 
 7.41000000e-01  7.41000000e-01  1.17248511e-01 
 7.42000000e-01  7.42000000e-01  1.25238875e-01 
 7.43000000e-01  7.43000000e-01  1.34904507e-01 
 7.44000000e-01  7.44000000e-01  1.47085017e-01 
 7.45000000e-01  7.45000000e-01  1.63312849e-01 
 7.46000000e-01  7.46000000e-01  1.86416953e-01 
 7.47000000e-01  7.47000000e-01  2.20659316e-01 
 7.48000000e-01  7.48000000e-01  2.62296623e-01 
 7.49000000e-01  7.49000000e-01  3.04515023e-01 
 7.50000000e-01  7.50000000e-01  3.47031518e-01 
 7.51000000e-01  7.51000000e-01  3.89516725e-01 
 7.52000000e-01  7.52000000e-01  4.31960439e-01 
 7.53000000e-01  7.53000000e-01  4.73575689e-01 
 7.54000000e-01  7.54000000e-01  5.08394836e-01 
 7.55000000e-01  7.55000000e-01  5.32798611e-01 
 7.56000000e-01  7.56000000e-01  5.50714128e-01 
 7.57000000e-01  7.57000000e-01  5.64703167e-01 
 7.58000000e-01  7.58000000e-01  5.76307100e-01 
 7.59000000e-01  7.59000000e-01  5.86309700e-01 
 7.60000000e-01  7.60000000e-01  5.95161970e-01 
 7.61000000e-01  7.61000000e-01  6.03170453e-01 
 7.62000000e-01  7.62000000e-01  6.10494719e-01 
 7.63000000e-01  7.63000000e-01  6.17299466e-01 
 7.64000000e-01  7.64000000e-01  6.23651075e-01 
 7.65000000e-01  7.65000000e-01  6.29622342e-01 
 7.66000000e-01  7.66000000e-01  6.35275438e-01 
 7.67000000e-01  7.67000000e-01  6.40638671e-01 
 7.68000000e-01  7.68000000e-01  6.45747562e-01 
 7.69000000e-01  7.69000000e-01  6.50647928e-01 
 7.70000000e-01  7.70000000e-01  6.55325680e-01 
 7.71000000e-01  7.71000000e-01  6.59831457e-01 
 7.72000000e-01  7.72000000e-01  6.64165663e-01 
 7.73000000e-01  7.73000000e-01  6.68433581e-01 
 7.74000000e-01  7.74000000e-01  6.72461856e-01 
 7.75000000e-01  7.75000000e-01  6.76351249e-01 
 7.76000000e-01  7.76000000e-01  6.80134244e-01 
 7.77000000e-01  7.77000000e-01  6.83770971e-01 
 7.78000000e-01  7.78000000e-01  6.87315485e-01 
 7.79000000e-01  7.79000000e-01  6.90741565e-01 
 7.80000000e-01  7.80000000e-01  6.94052230e-01 
 7.81000000e-01  7.81000000e-01  6.97288336e-01 
 7.82000000e-01  7.82000000e-01  7.00428484e-01 
 7.83000000e-01  7.83000000e-01  7.03472990e-01 
 7.84000000e-01  7.84000000e-01  7.06441636e-01 
 7.85000000e-01  7.85000000e-01  7.09307334e-01 
 7.86000000e-01  7.86000000e-01  7.12119001e-01 
 7.87000000e-01  7.87000000e-01  7.14816742e-01 
 7.88000000e-01  7.88000000e-01  7.17476077e-01 
 7.89000000e-01  7.89000000e-01  7.20039912e-01 
 7.90000000e-01  7.90000000e-01  7.22554259e-01 
 7.91000000e-01  7.91000000e-01  7.24972887e-01 
 7.92000000e-01  7.92000000e-01  7.27372355e-01 
 7.93000000e-01  7.93000000e-01  7.29675580e-01 
 7.94000000e-01  7.94000000e-01  7.31907756e-01 
 7.95000000e-01  7.95000000e-01  7.34092294e-01 
 7.96000000e-01  7.96000000e-01  7.36215523e-01 
 7.97000000e-01  7.97000000e-01  7.38291046e-01 
 7.98000000e-01  7.98000000e-01  7.40291844e-01 
 7.99000000e-01  7.99000000e-01  7.42248566e-01 
 8.00000000e-01  8.00000000e-01  7.44150599e-01 
 8.01000000e-01  8.01000000e-01  7.46018448e-01 
 8.02000000e-01  8.02000000e-01  7.47822187e-01 
 8.03000000e-01  8.03000000e-01  7.49570488e-01 
 8.04000000e-01  8.04000000e-01  7.51285112e-01 
 8.05000000e-01  8.05000000e-01  7.52934270e-01 
 8.06000000e-01  8.06000000e-01  7.54559149e-01 
 8.07000000e-01  8.07000000e-01  7.56130040e-01 
 8.08000000e-01  8.08000000e-01  7.57668199e-01 
 8.09000000e-01  8.09000000e-01  7.59159373e-01 
 8.10000000e-01  8.10000000e-01  7.60632215e-01 
 8.11000000e-01  8.11000000e-01  7.62024973e-01 
 8.12000000e-01  8.12000000e-01  7.63394328e-01 
 8.13000000e-01  8.13000000e-01  7.64706065e-01 
 8.14000000e-01  8.14000000e-01  7.66033074e-01 
 8.15000000e-01  8.15000000e-01  7.67281748e-01 
 8.16000000e-01  8.16000000e-01  7.68493813e-01 
 8.17000000e-01  8.17000000e-01  7.69706165e-01 
 8.18000000e-01  8.18000000e-01  7.70856065e-01 
 8.19000000e-01  8.19000000e-01  7.71969232e-01 
 8.20000000e-01  8.20000000e-01  7.73052057e-01 
 8.21000000e-01  8.21000000e-01  7.74130885e-01 
 8.22000000e-01  8.22000000e-01  7.75159400e-01 
 8.23000000e-01  8.23000000e-01  7.76168965e-01 
 8.24000000e-01  8.24000000e-01  7.77153580e-01 
 8.25000000e-01  8.25000000e-01  7.78082816e-01 
 8.26000000e-01  8.26000000e-01  7.79011546e-01 
 8.27000000e-01  8.27000000e-01  7.79893682e-01 
 8.28000000e-01  8.28000000e-01  7.80782501e-01 
 8.29000000e-01  8.29000000e-01  7.81601485e-01 
 8.30000000e-01  8.30000000e-01  7.82439751e-01 
 8.31000000e-01  8.31000000e-01  7.83216703e-01 
 8.32000000e-01  8.32000000e-01  7.84006180e-01 
 8.33000000e-01  8.33000000e-01  7.84737651e-01 
 8.34000000e-01  8.34000000e-01  7.85497347e-01 
 8.35000000e-01  8.35000000e-01  7.86189152e-01 
 8.36000000e-01  8.36000000e-01  7.86888900e-01 
 8.37000000e-01  8.37000000e-01  7.87563893e-01 
 8.38000000e-01  8.38000000e-01  7.88203049e-01 
 8.39000000e-01  8.39000000e-01  7.88824060e-01 
 8.40000000e-01  8.40000000e-01  7.89411775e-01 
 8.41000000e-01  8.41000000e-01  7.90017455e-01 
 8.42000000e-01  8.42000000e-01  7.90609507e-01 
 8.43000000e-01  8.43000000e-01  7.91146994e-01 
 8.44000000e-01  8.44000000e-01  7.91688650e-01 
 8.45000000e-01  8.45000000e-01  7.92207858e-01 
 8.46000000e-01  8.46000000e-01  7.92717802e-01 
 8.47000000e-01  8.47000000e-01  7.93200484e-01 
 8.48000000e-01  8.48000000e-01  7.93703928e-01 
 8.49000000e-01  8.49000000e-01  7.94157714e-01 
 8.50000000e-01  8.50000000e-01  7.94602381e-01 
 8.51000000e-01  8.51000000e-01  7.95053650e-01 
 8.52000000e-01  8.52000000e-01  7.95468985e-01 
 8.53000000e-01  8.53000000e-01  7.95883165e-01 
 8.54000000e-01  8.54000000e-01  7.96266925e-01 
 8.55000000e-01  8.55000000e-01  7.96667970e-01 
 8.56000000e-01  8.56000000e-01  7.97040551e-01 
 8.57000000e-01  8.57000000e-01  7.97409545e-01 
 8.58000000e-01  8.58000000e-01  7.97756745e-01 
 8.59000000e-01  8.59000000e-01  7.98101820e-01 
 8.60000000e-01  8.60000000e-01  7.98419938e-01 
 8.61000000e-01  8.61000000e-01  7.98756001e-01 
 8.62000000e-01  8.62000000e-01  7.99050926e-01 
 8.63000000e-01  8.63000000e-01  7.99357898e-01 
 8.64000000e-01  8.64000000e-01  7.99648368e-01 
 8.65000000e-01  8.65000000e-01  7.99935885e-01 
 8.66000000e-01  8.66000000e-01  8.00218220e-01 
 8.67000000e-01  8.67000000e-01  8.00483246e-01 
 8.68000000e-01  8.68000000e-01  8.00734531e-01 
 8.69000000e-01  8.69000000e-01  8.00981743e-01 
 8.70000000e-01  8.70000000e-01  8.01263200e-01 
 8.71000000e-01  8.71000000e-01  8.01481272e-01 
 8.72000000e-01  8.72000000e-01  8.01694770e-01 
 8.73000000e-01  8.73000000e-01  8.01923556e-01 
 8.74000000e-01  8.74000000e-01  8.02148582e-01 
 8.75000000e-01  8.75000000e-01  8.02334989e-01 
 8.76000000e-01  8.76000000e-01  8.02538866e-01 
 8.77000000e-01  8.77000000e-01  8.02738362e-01 
 8.78000000e-01  8.78000000e-01  8.02923557e-01 
 8.79000000e-01  8.79000000e-01  8.03115219e-01 
 8.80000000e-01  8.80000000e-01  8.03290438e-01 
 8.81000000e-01  8.81000000e-01  8.03473433e-01 
 8.82000000e-01  8.82000000e-01  8.03608551e-01 
 8.83000000e-01  8.83000000e-01  8.03797005e-01 
 8.84000000e-01  8.84000000e-01  8.03937730e-01 
 8.85000000e-01  8.85000000e-01  8.04099785e-01 
 8.86000000e-01  8.86000000e-01  8.04234228e-01 
 8.87000000e-01  8.87000000e-01  8.04408386e-01 
 8.88000000e-01  8.88000000e-01  8.04539385e-01 
 8.89000000e-01  8.89000000e-01  8.04670547e-01 
 8.90000000e-01  8.90000000e-01  8.04792710e-01 
 8.91000000e-01  8.91000000e-01  8.04912914e-01 
 8.92000000e-01  8.92000000e-01  8.05041644e-01 
 8.93000000e-01  8.93000000e-01  8.05149365e-01 
 8.94000000e-01  8.94000000e-01  8.05269889e-01 
 8.95000000e-01  8.95000000e-01  8.05374746e-01 
 8.96000000e-01  8.96000000e-01  8.05489302e-01 
 8.97000000e-01  8.97000000e-01  8.05597091e-01 
 8.98000000e-01  8.98000000e-01  8.05683501e-01 
 8.99000000e-01  8.99000000e-01  8.05794021e-01 
 9.00000000e-01  9.00000000e-01  8.05892221e-01 
 9.01000000e-01  9.01000000e-01  8.05977985e-01 
 9.02000000e-01  9.02000000e-01  8.06059309e-01 
 9.03000000e-01  9.03000000e-01  8.06142509e-01 
 9.04000000e-01  9.04000000e-01  8.06229813e-01 
 9.05000000e-01  9.05000000e-01  8.06320107e-01 
 9.06000000e-01  9.06000000e-01  8.06384049e-01 
 9.07000000e-01  9.07000000e-01  8.06474798e-01 
 9.08000000e-01  9.08000000e-01  8.06552835e-01 
 9.09000000e-01  9.09000000e-01  8.06602693e-01 
 9.10000000e-01  9.10000000e-01  8.06696404e-01 
 9.11000000e-01  9.11000000e-01  8.06757019e-01 
 9.12000000e-01  9.12000000e-01  8.06805423e-01 
 9.13000000e-01  9.13000000e-01  8.06883783e-01 
 9.14000000e-01  9.14000000e-01  8.06942933e-01 
 9.15000000e-01  9.15000000e-01  8.07005818e-01 
 9.16000000e-01  9.16000000e-01  8.07062201e-01 
 9.17000000e-01  9.17000000e-01  8.07111428e-01 
 9.18000000e-01  9.18000000e-01  8.07158474e-01 
 9.19000000e-01  9.19000000e-01  8.07204071e-01 
 9.20000000e-01  9.20000000e-01  8.07265294e-01 
 9.21000000e-01  9.21000000e-01  8.07327416e-01 
 9.22000000e-01  9.22000000e-01  8.07346617e-01 
 9.23000000e-01  9.23000000e-01  8.07403586e-01 
 9.24000000e-01  9.24000000e-01  8.07453511e-01 
 9.25000000e-01  9.25000000e-01  8.07486652e-01 
 9.26000000e-01  9.26000000e-01  8.07533676e-01 
 9.27000000e-01  9.27000000e-01  8.07578581e-01 
 9.28000000e-01  9.28000000e-01  8.07621642e-01 
 9.29000000e-01  9.29000000e-01  8.07640858e-01 
 9.30000000e-01  9.30000000e-01  8.07689908e-01 
 9.31000000e-01  9.31000000e-01  8.07732615e-01 
 9.32000000e-01  9.32000000e-01  8.07754996e-01 
 9.33000000e-01  9.33000000e-01  8.07786709e-01 
 9.34000000e-01  9.34000000e-01  8.07824625e-01 
 9.35000000e-01  9.35000000e-01  8.07847649e-01 
 9.36000000e-01  9.36000000e-01  8.07890263e-01 
 9.37000000e-01  9.37000000e-01  8.07919179e-01 
 9.38000000e-01  9.38000000e-01  8.07940857e-01 
 9.39000000e-01  9.39000000e-01  8.07971497e-01 
 9.40000000e-01  9.40000000e-01  8.07992805e-01 
 9.41000000e-01  9.41000000e-01  8.08010286e-01 
 9.42000000e-01  9.42000000e-01  8.08051644e-01 
 9.43000000e-01  9.43000000e-01  8.08065247e-01 
 9.44000000e-01  9.44000000e-01  8.08092256e-01 
 9.45000000e-01  9.45000000e-01  8.08119507e-01 
 9.46000000e-01  9.46000000e-01  8.08149247e-01 
 9.47000000e-01  9.47000000e-01  8.08162598e-01 
 9.48000000e-01  9.48000000e-01  8.08187235e-01 
 9.49000000e-01  9.49000000e-01  8.08221865e-01 
 9.50000000e-01  9.50000000e-01  8.08227742e-01 
 9.51000000e-01  9.51000000e-01  8.08225987e-01 
 9.52000000e-01  9.52000000e-01  8.08259459e-01 
 9.53000000e-01  9.53000000e-01  8.08265222e-01 
 9.54000000e-01  9.54000000e-01  8.08293418e-01 
 9.55000000e-01  9.55000000e-01  8.08312404e-01 
 9.56000000e-01  9.56000000e-01  8.08328250e-01 
 9.57000000e-01  9.57000000e-01  8.08325610e-01 
 9.58000000e-01  9.58000000e-01  8.08362840e-01 
 9.59000000e-01  9.59000000e-01  8.08373009e-01 
 9.60000000e-01  9.60000000e-01  8.08378121e-01 
 9.61000000e-01  9.61000000e-01  8.08385336e-01 
 9.62000000e-01  9.62000000e-01  8.08418246e-01 
 9.63000000e-01  9.63000000e-01  8.08410684e-01 
 9.64000000e-01  9.64000000e-01  8.08432697e-01 
 9.65000000e-01  9.65000000e-01  8.08444999e-01 
 9.66000000e-01  9.66000000e-01  8.08462264e-01 
 9.67000000e-01  9.67000000e-01  8.08472681e-01 
 9.68000000e-01  9.68000000e-01  8.08489647e-01 
 9.69000000e-01  9.69000000e-01  8.08485251e-01 
 9.70000000e-01  9.70000000e-01  8.08504054e-01 
 9.71000000e-01  9.71000000e-01  8.08497045e-01 
 9.72000000e-01  9.72000000e-01  8.08536442e-01 
 9.73000000e-01  9.73000000e-01  8.08550069e-01 
 9.74000000e-01  9.74000000e-01  8.08534651e-01 
 9.75000000e-01  9.75000000e-01  8.08552338e-01 
 9.76000000e-01  9.76000000e-01  8.08537009e-01 
 9.77000000e-01  9.77000000e-01  8.08550350e-01 
 9.78000000e-01  9.78000000e-01  8.08573787e-01 
 9.79000000e-01  9.79000000e-01  8.08574711e-01 
 9.80000000e-01  9.80000000e-01  8.08579590e-01 
 9.81000000e-01  9.81000000e-01  8.08588469e-01 
 9.82000000e-01  9.82000000e-01  8.08603989e-01 
 9.83000000e-01  9.83000000e-01  8.08597588e-01 
 9.84000000e-01  9.84000000e-01  8.08603442e-01 
 9.85000000e-01  9.85000000e-01  8.08626884e-01 
 9.86000000e-01  9.86000000e-01  8.08613362e-01 
 9.87000000e-01  9.87000000e-01  8.08629816e-01 
 9.88000000e-01  9.88000000e-01  8.08643197e-01 
 9.89000000e-01  9.89000000e-01  8.08648905e-01 
 9.90000000e-01  9.90000000e-01  8.08639991e-01 
 9.91000000e-01  9.91000000e-01  8.08649333e-01 
 9.92000000e-01  9.92000000e-01  8.08652879e-01 
 9.93000000e-01  9.93000000e-01  8.08683850e-01 
 9.94000000e-01  9.94000000e-01  8.08686873e-01 
 9.95000000e-01  9.95000000e-01  8.08691640e-01 
 9.96000000e-01  9.96000000e-01  8.08670634e-01 
 9.97000000e-01  9.97000000e-01  8.08674187e-01 
 9.98000000e-01  9.98000000e-01  8.08682670e-01 
 9.99000000e-01  9.99000000e-01  8.08699214e-01 
 1.00000000e+00  1.00000000e+00  8.08680109e-01 
