 v-sweep         v(Ileak_lv_w_dummy) v(Ileak_hv_w_dummy) v(Ileak_lv_wo_dummy) v(Ileak_hv_wo_dummy)
 0.00000000e+00  1.02525284e-09  1.26177172e-15  5.70014113e-12  4.30987443e-16 
 1.00000000e-02  1.05229796e-09  4.98723304e-15  3.27452577e-11  4.15644876e-15 
 2.00000000e-02  1.07135412e-09  7.51887484e-15  5.18014159e-11  6.68809057e-15 
 3.00000000e-02  1.08488044e-09  9.22638410e-15  6.53277375e-11  8.39559982e-15 
 4.00000000e-02  1.09456389e-09  1.03831562e-14  7.50111903e-11  9.55237196e-15 
 5.00000000e-02  1.10157125e-09  1.11789584e-14  8.20185431e-11  1.03481741e-14 
 6.00000000e-02  1.10672025e-09  1.17400324e-14  8.71675448e-11  1.09092481e-14 
 7.00000000e-02  1.11059150e-09  1.21482606e-14  9.10387983e-11  1.13174763e-14 
 8.00000000e-02  1.11359953e-09  1.24561352e-14  9.40468263e-11  1.16253509e-14 
 9.00000000e-02  1.11628223e-09  1.26972660e-14  9.67295251e-11  1.18664818e-14 
 1.00000000e-01  1.11826615e-09  1.29129850e-14  9.87134500e-11  1.20822007e-14 
 1.10000000e-01  1.12005172e-09  1.30719625e-14  1.00499019e-10  1.22411782e-14 
 1.20000000e-01  1.12171994e-09  1.32112959e-14  1.02167238e-10  1.23805116e-14 
 1.30000000e-01  1.12332099e-09  1.33365126e-14  1.03768291e-10  1.25057284e-14 
 1.40000000e-01  1.12488531e-09  1.34514255e-14  1.05332603e-10  1.26206413e-14 
 1.50000000e-01  1.12643104e-09  1.35587088e-14  1.06878337e-10  1.27279245e-14 
 1.60000000e-01  1.12796887e-09  1.36602701e-14  1.08416169e-10  1.28294858e-14 
 1.70000000e-01  1.12950492e-09  1.37574897e-14  1.09952212e-10  1.29267054e-14 
 1.80000000e-01  1.13104250e-09  1.38513812e-14  1.11489799e-10  1.30205970e-14 
 1.90000000e-01  1.13258327e-09  1.39426996e-14  1.13030568e-10  1.31119153e-14 
 2.00000000e-01  1.13412783e-09  1.40320149e-14  1.14575122e-10  1.32012306e-14 
 2.10000000e-01  1.13567615e-09  1.41197611e-14  1.16123446e-10  1.32889769e-14 
 2.20000000e-01  1.13722786e-09  1.42062743e-14  1.17675161e-10  1.33754901e-14 
 2.30000000e-01  1.13878239e-09  1.42918176e-14  1.19229686e-10  1.34610333e-14 
 2.40000000e-01  1.14033904e-09  1.43765976e-14  1.20786340e-10  1.35458133e-14 
 2.50000000e-01  1.14189710e-09  1.44607787e-14  1.22344401e-10  1.36299944e-14 
 2.60000000e-01  1.14345585e-09  1.45444953e-14  1.23903148e-10  1.37137110e-14 
 2.70000000e-01  1.14501459e-09  1.46278532e-14  1.25461883e-10  1.37970689e-14 
 2.80000000e-01  1.14657265e-09  1.47109397e-14  1.27019946e-10  1.38801555e-14 
 2.90000000e-01  1.14812942e-09  1.47938299e-14  1.28576719e-10  1.39630457e-14 
 3.00000000e-01  1.14968433e-09  1.48765825e-14  1.30131631e-10  1.40457982e-14 
 3.10000000e-01  1.15123686e-09  1.49592504e-14  1.31684159e-10  1.41284661e-14 
 3.20000000e-01  1.15278653e-09  1.50418738e-14  1.33233824e-10  1.42110895e-14 
 3.30000000e-01  1.15433290e-09  1.51244894e-14  1.34780194e-10  1.42937052e-14 
 3.40000000e-01  1.15587558e-09  1.52071293e-14  1.36322875e-10  1.43763450e-14 
 3.50000000e-01  1.15741422e-09  1.52898184e-14  1.37861513e-10  1.44590341e-14 
 3.60000000e-01  1.15894849e-09  1.53725799e-14  1.39395791e-10  1.45417956e-14 
 3.70000000e-01  1.16047813e-09  1.54554349e-14  1.40925422e-10  1.46246507e-14 
 3.80000000e-01  1.16200285e-09  1.55384000e-14  1.42450151e-10  1.47076157e-14 
 3.90000000e-01  1.16352245e-09  1.56214918e-14  1.43969750e-10  1.47907075e-14 
 4.00000000e-01  1.16503672e-09  1.57047220e-14  1.45484017e-10  1.48739377e-14 
 4.10000000e-01  1.16654548e-09  1.57881035e-14  1.46992773e-10  1.49573192e-14 
 4.20000000e-01  1.16804856e-09  1.58716485e-14  1.48495858e-10  1.50408643e-14 
 4.30000000e-01  1.16954584e-09  1.59553640e-14  1.49993133e-10  1.51245797e-14 
 4.40000000e-01  1.17103718e-09  1.60392622e-14  1.51484476e-10  1.52084780e-14 
 4.50000000e-01  1.17252248e-09  1.61233478e-14  1.52969781e-10  1.52925635e-14 
 4.60000000e-01  1.17400166e-09  1.62076313e-14  1.54448955e-10  1.53768470e-14 
 4.70000000e-01  1.17547462e-09  1.62921156e-14  1.55921920e-10  1.54613313e-14 
 4.80000000e-01  1.17694131e-09  1.63768106e-14  1.57388608e-10  1.55460263e-14 
 4.90000000e-01  1.17840167e-09  1.64617190e-14  1.58848964e-10  1.56309347e-14 
 5.00000000e-01  1.17985564e-09  1.65468473e-14  1.60302941e-10  1.57160630e-14 
 5.10000000e-01  1.18130320e-09  1.66321999e-14  1.61750501e-10  1.58014156e-14 
 5.20000000e-01  1.18274432e-09  1.67177824e-14  1.63191616e-10  1.58869981e-14 
 5.30000000e-01  1.18417897e-09  1.68035984e-14  1.64626264e-10  1.59728141e-14 
 5.40000000e-01  1.18560713e-09  1.68896514e-14  1.66054429e-10  1.60588672e-14 
 5.50000000e-01  1.18702881e-09  1.69759462e-14  1.67476102e-10  1.61451619e-14 
 5.60000000e-01  1.18844398e-09  1.70624861e-14  1.68891280e-10  1.62317018e-14 
 5.70000000e-01  1.18985267e-09  1.71492739e-14  1.70299964e-10  1.63184897e-14 
 5.80000000e-01  1.19125486e-09  1.72363132e-14  1.71702160e-10  1.64055290e-14 
 5.90000000e-01  1.19265058e-09  1.73236075e-14  1.73097879e-10  1.64928232e-14 
 6.00000000e-01  1.19403984e-09  1.74111603e-14  1.74487135e-10  1.65803760e-14 
 6.10000000e-01  1.19542265e-09  1.74989732e-14  1.75869945e-10  1.66681889e-14 
 6.20000000e-01  1.19679903e-09  1.75870497e-14  1.77246329e-10  1.67562654e-14 
 6.30000000e-01  1.19816901e-09  1.76753933e-14  1.78616311e-10  1.68446090e-14 
 6.40000000e-01  1.19953262e-09  1.77640046e-14  1.79979917e-10  1.69332203e-14 
 6.50000000e-01  1.20088988e-09  1.78528871e-14  1.81337175e-10  1.70221028e-14 
 6.60000000e-01  1.20224082e-09  1.79420441e-14  1.82688114e-10  1.71112599e-14 
 6.70000000e-01  1.20358547e-09  1.80314763e-14  1.84032768e-10  1.72006921e-14 
 6.80000000e-01  1.20492387e-09  1.81211879e-14  1.85371169e-10  1.72904036e-14 
 6.90000000e-01  1.20625606e-09  1.82111795e-14  1.86703352e-10  1.73803952e-14 
 7.00000000e-01  1.20758206e-09  1.83014553e-14  1.88029354e-10  1.74706710e-14 
 7.10000000e-01  1.20890192e-09  1.83920158e-14  1.89349213e-10  1.75612315e-14 
 7.20000000e-01  1.21021567e-09  1.84828643e-14  1.90662966e-10  1.76520801e-14 
 7.30000000e-01  1.21152336e-09  1.85740014e-14  1.91970655e-10  1.77432171e-14 
 7.40000000e-01  1.21282502e-09  1.86654302e-14  1.93272318e-10  1.78346459e-14 
 7.50000000e-01  1.21412070e-09  1.87571540e-14  1.94567998e-10  1.79263697e-14 
 7.60000000e-01  1.21541044e-09  1.88491732e-14  1.95857734e-10  1.80183889e-14 
 7.70000000e-01  1.21669427e-09  1.89414891e-14  1.97141571e-10  1.81107048e-14 
 7.80000000e-01  1.21797225e-09  1.90341059e-14  1.98419549e-10  1.82033217e-14 
 7.90000000e-01  1.21924442e-09  1.91270231e-14  1.99691713e-10  1.82962389e-14 
 8.00000000e-01  1.22051081e-09  1.92202456e-14  2.00958105e-10  1.83894614e-14 
 8.10000000e-01  1.22177147e-09  1.93137729e-14  2.02218769e-10  1.84829887e-14 
 8.20000000e-01  1.22302645e-09  1.94076073e-14  2.03473748e-10  1.85768230e-14 
 8.30000000e-01  1.22427579e-09  1.95017526e-14  2.04723087e-10  1.86709683e-14 
 8.40000000e-01  1.22551953e-09  1.95962074e-14  2.05966828e-10  1.87654232e-14 
 8.50000000e-01  1.22675772e-09  1.96909785e-14  2.07205016e-10  1.88601943e-14 
 8.60000000e-01  1.22799040e-09  1.97860617e-14  2.08437694e-10  1.89552774e-14 
 8.70000000e-01  1.22921761e-09  1.98814627e-14  2.09664907e-10  1.90506784e-14 
 8.80000000e-01  1.23043940e-09  1.99771818e-14  2.10886698e-10  1.91463976e-14 
 8.90000000e-01  1.23165581e-09  2.00732230e-14  2.12103111e-10  1.92424388e-14 
 9.00000000e-01  1.23286689e-09  2.01695848e-14  2.13314188e-10  1.93388005e-14 
 9.10000000e-01  1.23407268e-09  2.02662738e-14  2.14519975e-10  1.94354895e-14 
 9.20000000e-01  1.23527322e-09  2.03632875e-14  2.15720512e-10  1.95325032e-14 
 9.30000000e-01  1.23646855e-09  2.04606280e-14  2.16915844e-10  1.96298438e-14 
 9.40000000e-01  1.23765872e-09  2.05582993e-14  2.18106014e-10  1.97275150e-14 
 9.50000000e-01  1.23884377e-09  2.06563016e-14  2.19291063e-10  1.98255173e-14 
 9.60000000e-01  1.24002374e-09  2.07546387e-14  2.20471034e-10  1.99238544e-14 
 9.70000000e-01  1.24119867e-09  2.08533092e-14  2.21645969e-10  2.00225249e-14 
 9.80000000e-01  1.24236861e-09  2.09523176e-14  2.22815909e-10  2.01215334e-14 
 9.90000000e-01  1.24353360e-09  2.10516662e-14  2.23980896e-10  2.02208820e-14 
 1.00000000e+00  1.24469367e-09  2.11513534e-14  2.25140971e-10  2.03205691e-14 
 1.01000000e+00  1.24584888e-09  2.12513837e-14  2.26296174e-10  2.04205995e-14 
 1.02000000e+00  1.24699925e-09  2.13517585e-14  2.27446547e-10  2.05209742e-14 
 1.03000000e+00  1.24814483e-09  2.14524797e-14  2.28592129e-10  2.06216954e-14 
 1.04000000e+00  1.24928566e-09  2.15535485e-14  2.29732959e-10  2.07227642e-14 
 1.05000000e+00  1.25042178e-09  2.16549660e-14  2.30869079e-10  2.08241817e-14 
 1.06000000e+00  1.25155323e-09  2.17567360e-14  2.32000525e-10  2.09259517e-14 
 1.07000000e+00  1.25268004e-09  2.18588598e-14  2.33127338e-10  2.10280755e-14 
 1.08000000e+00  1.25380226e-09  2.19613404e-14  2.34249555e-10  2.11305561e-14 
 1.09000000e+00  1.25491992e-09  2.20641763e-14  2.35367216e-10  2.12333920e-14 
 1.10000000e+00  1.25603306e-09  2.21673734e-14  2.36480356e-10  2.13365891e-14 
 1.11000000e+00  1.25714172e-09  2.22709314e-14  2.37589015e-10  2.14401471e-14 
 1.12000000e+00  1.25824593e-09  2.23748538e-14  2.38693228e-10  2.15440695e-14 
 1.13000000e+00  1.25934574e-09  2.24791435e-14  2.39793034e-10  2.16483592e-14 
 1.14000000e+00  1.26044117e-09  2.25838029e-14  2.40888467e-10  2.17530186e-14 
 1.15000000e+00  1.26153227e-09  2.26888369e-14  2.41979565e-10  2.18580526e-14 
 1.16000000e+00  1.26261907e-09  2.27942503e-14  2.43066363e-10  2.19634660e-14 
 1.17000000e+00  1.26370160e-09  2.29000476e-14  2.44148897e-10  2.20692634e-14 
 1.18000000e+00  1.26477991e-09  2.30062391e-14  2.45227202e-10  2.21754548e-14 
 1.19000000e+00  1.26585402e-09  2.31128350e-14  2.46301315e-10  2.22820508e-14 
 1.20000000e+00  1.26692398e-09  2.32198513e-14  2.47371272e-10  2.23890670e-14 
 1.21000000e+00  1.26798981e-09  2.33273101e-14  2.48437108e-10  2.24965258e-14 
 1.22000000e+00  1.26905156e-09  2.34352425e-14  2.49498861e-10  2.26044583e-14 
 1.23000000e+00  1.27010927e-09  2.35436955e-14  2.50556569e-10  2.27129112e-14 
 1.24000000e+00  1.27116298e-09  2.36527358e-14  2.51610273e-10  2.28219515e-14 
 1.25000000e+00  1.27221272e-09  2.37624610e-14  2.52660017e-10  2.29316767e-14 
 1.26000000e+00  1.27325855e-09  2.38730126e-14  2.53705848e-10  2.30422283e-14 
 1.27000000e+00  1.27430053e-09  2.39845995e-14  2.54747822e-10  2.31538152e-14 
 1.28000000e+00  1.27533871e-09  2.40975291e-14  2.55786004e-10  2.32667448e-14 
 1.29000000e+00  1.27637318e-09  2.42122514e-14  2.56820475e-10  2.33814671e-14 
 1.30000000e+00  1.27740404e-09  2.43294256e-14  2.57851337e-10  2.34986413e-14 
 1.31000000e+00  1.27843143e-09  2.44500273e-14  2.58878723e-10  2.36192431e-14 
 1.32000000e+00  1.27945552e-09  2.45754840e-14  2.59902814e-10  2.37446997e-14 
 1.33000000e+00  1.28047656e-09  2.47078995e-14  2.60923854e-10  2.38771153e-14 
 1.34000000e+00  1.28149489e-09  2.48503671e-14  2.61942188e-10  2.40195828e-14 
 1.35000000e+00  1.28251100e-09  2.50074361e-14  2.62958296e-10  2.41766518e-14 
 1.36000000e+00  1.28352557e-09  2.51858001e-14  2.63972864e-10  2.43550159e-14 
 1.37000000e+00  1.28453957e-09  2.53953096e-14  2.64986870e-10  2.45645253e-14 
 1.38000000e+00  1.28555442e-09  2.56504518e-14  2.66001715e-10  2.48196675e-14 
 1.39000000e+00  1.28657212e-09  2.59725420e-14  2.67019415e-10  2.51417577e-14 
 1.40000000e+00  1.28759558e-09  2.63929342e-14  2.68042876e-10  2.55621499e-14 
 1.41000000e+00  1.28862899e-09  2.69577621e-14  2.69076288e-10  2.61269779e-14 
 1.42000000e+00  1.28967841e-09  2.77348871e-14  2.70125704e-10  2.69041028e-14 
 1.43000000e+00  1.29075257e-09  2.88241410e-14  2.71199871e-10  2.79933567e-14 
 1.44000000e+00  1.29186414e-09  3.03723775e-14  2.72311436e-10  2.95415932e-14 
 1.45000000e+00  1.29303139e-09  3.25956247e-14  2.73478689e-10  3.17648404e-14 
 1.46000000e+00  1.29428079e-09  3.58116547e-14  2.74728086e-10  3.49808705e-14 
 1.47000000e+00  1.29565060e-09  4.04878905e-14  2.76097899e-10  3.96571062e-14 
 1.48000000e+00  1.29719621e-09  4.73118786e-14  2.77643505e-10  4.64810943e-14 
 1.49000000e+00  1.29899773e-09  5.72949101e-14  2.79445029e-10  5.64641259e-14 
 1.50000000e+00  1.30117111e-09  7.19244397e-14  2.81618407e-10  7.10936554e-14 
 0.00000000e+00 -1.75746918e-10 -1.78343757e-14 -1.88700804e-10 -1.76084784e-14 
 1.00000000e-02 -1.18234817e-10 -1.28231671e-14 -1.31188703e-10 -1.25972698e-14 
 2.00000000e-02 -7.82278317e-11 -9.36920623e-15 -9.11817179e-11 -9.14330892e-15 
 3.00000000e-02 -5.04004989e-11 -6.98669634e-15 -6.33543852e-11 -6.76079902e-15 
 4.00000000e-02 -3.10466170e-11 -5.34137114e-15 -4.40005033e-11 -5.11547382e-15 
 5.00000000e-02 -1.75871995e-11 -4.20323156e-15 -3.05410857e-11 -3.97733424e-15 
 6.00000000e-02 -8.22783056e-12 -3.41402985e-15 -2.11817168e-11 -3.18813254e-15 
 7.00000000e-02 -1.72010701e-12 -2.86488790e-15 -1.46739933e-11 -2.63899059e-15 
 8.00000000e-02  2.80442577e-12 -2.48089205e-15 -1.01494605e-11 -2.25499474e-15 
 9.00000000e-02  5.94985721e-12 -2.21050968e-15 -7.00402904e-12 -1.98461237e-15 
 1.00000000e-01  8.55799331e-12 -1.98405453e-15 -4.39589294e-12 -1.75815722e-15 
 1.10000000e-01  9.94926649e-12 -1.85627120e-15 -3.00461976e-12 -1.63037388e-15 
 1.20000000e-01  1.09161628e-11 -1.76213784e-15 -2.03772344e-12 -1.53624053e-15 
 1.30000000e-01  1.15880671e-11 -1.69114857e-15 -1.36581917e-12 -1.46525125e-15 
 1.40000000e-01  1.20549357e-11 -1.63607874e-15 -8.98950577e-13 -1.41018143e-15 
 1.50000000e-01  1.23793064e-11 -1.59196003e-15 -5.74579896e-13 -1.36606272e-15 
 1.60000000e-01  1.26046516e-11 -1.55537236e-15 -3.49234611e-13 -1.32947504e-15 
 1.70000000e-01  1.27611883e-11 -1.52396181e-15 -1.92697971e-13 -1.29806449e-15 
 1.80000000e-01  1.28699173e-11 -1.49611673e-15 -8.39689206e-14 -1.27021942e-15 
 1.90000000e-01  1.29454334e-11 -1.47072178e-15 -8.45283087e-15 -1.24482447e-15 
 2.00000000e-01  1.29978781e-11 -1.44701185e-15  4.39918723e-14 -1.22111453e-15 
 2.10000000e-01  1.30342979e-11 -1.42446071e-15  8.04116861e-14 -1.19856340e-15 
 2.20000000e-01  1.30595884e-11 -1.40270647e-15  1.05702151e-13 -1.17680916e-15 
 2.30000000e-01  1.30771503e-11 -1.38150023e-15  1.23264056e-13 -1.15560292e-15 
 2.40000000e-01  1.30893459e-11 -1.36067083e-15  1.35459623e-13 -1.13477352e-15 
 2.50000000e-01  1.30978157e-11 -1.34010055e-15  1.43929473e-13 -1.11420324e-15 
 2.60000000e-01  1.31036992e-11 -1.31970845e-15  1.49812956e-13 -1.09381114e-15 
 2.70000000e-01  1.31077875e-11 -1.29943887e-15  1.53901207e-13 -1.07354156e-15 
 2.80000000e-01  1.31106298e-11 -1.27925353e-15  1.56743512e-13 -1.05335621e-15 
 2.90000000e-01  1.31126075e-11 -1.25912610e-15  1.58721201e-13 -1.03322879e-15 
 3.00000000e-01  1.31139852e-11 -1.23903850e-15  1.60098968e-13 -1.01314119e-15 
 3.10000000e-01  1.31149468e-11 -1.21897828e-15  1.61060523e-13 -9.93080966e-16 
 3.20000000e-01  1.31156196e-11 -1.19893688e-15  1.61733362e-13 -9.73039566e-16 
 3.30000000e-01  1.31160922e-11 -1.17890842e-15  1.62205959e-13 -9.53011106e-16 
 3.40000000e-01  1.31164259e-11 -1.15888886e-15  1.62539683e-13 -9.32991543e-16 
 3.50000000e-01  1.31166634e-11 -1.13887541e-15  1.62777114e-13 -9.12978096e-16 
 3.60000000e-01  1.31168340e-11 -1.11886616e-15  1.62947782e-13 -8.92968853e-16 
 3.70000000e-01  1.31169584e-11 -1.09885981e-15  1.63072181e-13 -8.72962500e-16 
 3.80000000e-01  1.31170507e-11 -1.07885544e-15  1.63164497e-13 -8.52958133e-16 
 3.90000000e-01  1.31171208e-11 -1.05885244e-15  1.63234587e-13 -8.32955132e-16 
 4.00000000e-01  1.31171755e-11 -1.03885038e-15  1.63289274e-13 -8.12953069e-16 
 4.10000000e-01  1.31172195e-11 -1.01884896e-15  1.63333292e-13 -7.92951652e-16 
 4.20000000e-01  1.31172562e-11 -9.98847989e-16  1.63369920e-13 -7.72950678e-16 
 4.30000000e-01  1.31172877e-11 -9.78847320e-16  1.63401430e-13 -7.52950008e-16 
 4.40000000e-01  1.31173156e-11 -9.58846860e-16  1.63429395e-13 -7.32949548e-16 
 4.50000000e-01  1.31173412e-11 -9.38846544e-16  1.63454906e-13 -7.12949232e-16 
 4.60000000e-01  1.31173650e-11 -9.18846326e-16  1.63478719e-13 -6.92949015e-16 
 4.70000000e-01  1.31173876e-11 -8.98846177e-16  1.63501356e-13 -6.72948865e-16 
 4.80000000e-01  1.31174094e-11 -8.78846075e-16  1.63523180e-13 -6.52948763e-16 
 4.90000000e-01  1.31174307e-11 -8.58846004e-16  1.63544441e-13 -6.32948692e-16 
 5.00000000e-01  1.31174516e-11 -8.38845956e-16  1.63565313e-13 -6.12948644e-16 
 5.10000000e-01  1.31174722e-11 -8.18845923e-16  1.63585915e-13 -5.92948611e-16 
 5.20000000e-01  1.31174926e-11 -7.98845900e-16  1.63606331e-13 -5.72948588e-16 
 5.30000000e-01  1.31175129e-11 -7.78845884e-16  1.63626619e-13 -5.52948572e-16 
 5.40000000e-01  1.31175331e-11 -7.58845873e-16  1.63646817e-13 -5.32948562e-16 
 5.50000000e-01  1.31175532e-11 -7.38845866e-16  1.63666954e-13 -5.12948554e-16 
 5.60000000e-01  1.31175733e-11 -7.18845861e-16  1.63687049e-13 -4.92948549e-16 
 5.70000000e-01  1.31175934e-11 -6.98845857e-16  1.63707114e-13 -4.72948546e-16 
 5.80000000e-01  1.31176134e-11 -6.78845855e-16  1.63727159e-13 -4.52948543e-16 
 5.90000000e-01  1.31176334e-11 -6.58845853e-16  1.63747190e-13 -4.32948542e-16 
 6.00000000e-01  1.31176535e-11 -6.38845852e-16  1.63767211e-13 -4.12948540e-16 
 6.10000000e-01  1.31176735e-11 -6.18845851e-16  1.63787225e-13 -3.92948540e-16 
 6.20000000e-01  1.31176935e-11 -5.98845851e-16  1.63807235e-13 -3.72948539e-16 
 6.30000000e-01  1.31177135e-11 -5.78845850e-16  1.63827242e-13 -3.52948539e-16 
 6.40000000e-01  1.31177335e-11 -5.58845850e-16  1.63847247e-13 -3.32948538e-16 
 6.50000000e-01  1.31177535e-11 -5.38845850e-16  1.63867250e-13 -3.12948538e-16 
 6.60000000e-01  1.31177735e-11 -5.18845850e-16  1.63887252e-13 -2.92948538e-16 
 6.70000000e-01  1.31177935e-11 -4.98845850e-16  1.63907253e-13 -2.72948538e-16 
 6.80000000e-01  1.31178135e-11 -4.78845850e-16  1.63927254e-13 -2.52948538e-16 
 6.90000000e-01  1.31178335e-11 -4.58845850e-16  1.63947255e-13 -2.32948538e-16 
 7.00000000e-01  1.31178535e-11 -4.38845850e-16  1.63967255e-13 -2.12948538e-16 
 7.10000000e-01  1.31178735e-11 -4.18845850e-16  1.63987255e-13 -1.92948538e-16 
 7.20000000e-01  1.31178935e-11 -3.98845850e-16  1.64007255e-13 -1.72948538e-16 
 7.30000000e-01  1.31179135e-11 -3.78845850e-16  1.64027256e-13 -1.52948538e-16 
 7.40000000e-01  1.31179335e-11 -3.58845850e-16  1.64047256e-13 -1.32948538e-16 
 7.50000000e-01  1.31179535e-11 -3.38845850e-16  1.64067256e-13 -1.12948538e-16 
 7.60000000e-01  1.31179735e-11 -3.18845850e-16  1.64087256e-13 -9.29485379e-17 
 7.70000000e-01  1.31179935e-11 -2.98845850e-16  1.64107256e-13 -7.29485379e-17 
 7.80000000e-01  1.31180135e-11 -2.78845850e-16  1.64127256e-13 -5.29485379e-17 
 7.90000000e-01  1.31180335e-11 -2.58845850e-16  1.64147256e-13 -3.29485379e-17 
 8.00000000e-01  1.31180535e-11 -2.38845850e-16  1.64167256e-13 -1.29485378e-17 
 8.10000000e-01  1.31180735e-11 -2.18845850e-16  1.64187256e-13  7.05146219e-18 
 8.20000000e-01  1.31180935e-11 -1.98845850e-16  1.64207256e-13  2.70514622e-17 
 8.30000000e-01  1.31181135e-11 -1.78845849e-16  1.64227256e-13  4.70514623e-17 
 8.40000000e-01  1.31181335e-11 -1.58845849e-16  1.64247257e-13  6.70514624e-17 
 8.50000000e-01  1.31181535e-11 -1.38845849e-16  1.64267257e-13  8.70514626e-17 
 8.60000000e-01  1.31181735e-11 -1.18845849e-16  1.64287257e-13  1.07051463e-16 
 8.70000000e-01  1.31181935e-11 -9.88458486e-17  1.64307257e-13  1.27051463e-16 
 8.80000000e-01  1.31182135e-11 -7.88458481e-17  1.64327258e-13  1.47051464e-16 
 8.90000000e-01  1.31182335e-11 -5.88458474e-17  1.64347258e-13  1.67051464e-16 
 9.00000000e-01  1.31182535e-11 -3.88458464e-17  1.64367258e-13  1.87051465e-16 
 9.10000000e-01  1.31182735e-11 -1.88458448e-17  1.64387259e-13  2.07051467e-16 
 9.20000000e-01  1.31182935e-11  1.15415748e-18  1.64407260e-13  2.27051469e-16 
 9.30000000e-01  1.31183135e-11  2.11541609e-17  1.64427261e-13  2.47051473e-16 
 9.40000000e-01  1.31183335e-11  4.11541659e-17  1.64447262e-13  2.67051478e-16 
 9.50000000e-01  1.31183535e-11  6.11541732e-17  1.64467264e-13  2.87051485e-16 
 9.60000000e-01  1.31183735e-11  8.11541841e-17  1.64487267e-13  3.07051496e-16 
 9.70000000e-01  1.31183935e-11  1.01154200e-16  1.64507271e-13  3.27051512e-16 
 9.80000000e-01  1.31184135e-11  1.21154224e-16  1.64527276e-13  3.47051536e-16 
 9.90000000e-01  1.31184335e-11  1.41154259e-16  1.64547284e-13  3.67051570e-16 
 1.00000000e+00  1.31184535e-11  1.61154310e-16  1.64567295e-13  3.87051622e-16 
 1.01000000e+00  1.31184736e-11  1.81154386e-16  1.64587311e-13  4.07051698e-16 
 1.02000000e+00  1.31184936e-11  2.01154498e-16  1.64607335e-13  4.27051810e-16 
 1.03000000e+00  1.31185136e-11  2.21154663e-16  1.64627368e-13  4.47051975e-16 
 1.04000000e+00  1.31185337e-11  2.41154906e-16  1.64647417e-13  4.67052218e-16 
 1.05000000e+00  1.31185537e-11  2.61155264e-16  1.64667487e-13  4.87052576e-16 
 1.06000000e+00  1.31185738e-11  2.81155792e-16  1.64687589e-13  5.07053104e-16 
 1.07000000e+00  1.31185940e-11  3.01156571e-16  1.64707736e-13  5.27053883e-16 
 1.08000000e+00  1.31186142e-11  3.21157719e-16  1.64727949e-13  5.47055030e-16 
 1.09000000e+00  1.31186345e-11  3.41159410e-16  1.64748257e-13  5.67056722e-16 
 1.10000000e+00  1.31186550e-11  3.61161903e-16  1.64768702e-13  5.87059214e-16 
 1.11000000e+00  1.31186756e-11  3.81165576e-16  1.64789348e-13  6.07062888e-16 
 1.12000000e+00  1.31186965e-11  4.01170990e-16  1.64810282e-13  6.27068302e-16 
 1.13000000e+00  1.31187179e-11  4.21178968e-16  1.64831635e-13  6.47076280e-16 
 1.14000000e+00  1.31187398e-11  4.41190725e-16  1.64853593e-13  6.67088037e-16 
 1.15000000e+00  1.31187627e-11  4.61208050e-16  1.64876428e-13  6.87105362e-16 
 1.16000000e+00  1.31187868e-11  4.81233578e-16  1.64900533e-13  7.07130890e-16 
 1.17000000e+00  1.31188127e-11  5.01271194e-16  1.64926474e-13  7.27168505e-16 
 1.18000000e+00  1.31188413e-11  5.21326617e-16  1.64955076e-13  7.47223929e-16 
 1.19000000e+00  1.31188738e-11  5.41408278e-16  1.64987529e-13  7.67305590e-16 
 1.20000000e+00  1.31189118e-11  5.61528594e-16  1.65025556e-13  7.87425906e-16 
 1.21000000e+00  1.31189579e-11  5.81705856e-16  1.65071654e-13  8.07603168e-16 
 1.22000000e+00  1.31190157e-11  6.01967011e-16  1.65129434e-13  8.27864323e-16 
 1.23000000e+00  1.31190904e-11  6.22351752e-16  1.65204125e-13  8.48249064e-16 
 1.24000000e+00  1.31191895e-11  6.42918549e-16  1.65303297e-13  8.68815861e-16 
 1.25000000e+00  1.31193242e-11  6.63753527e-16  1.65437909e-13  8.89650839e-16 
 1.26000000e+00  1.31195101e-11  6.84983542e-16  1.65623821e-13  9.10880854e-16 
 1.27000000e+00  1.31197702e-11  7.06795445e-16  1.65883994e-13  9.32692756e-16 
 1.28000000e+00  1.31201379e-11  7.29464440e-16  1.66251665e-13  9.55361751e-16 
 1.29000000e+00  1.31206612e-11  7.53395860e-16  1.66774945e-13  9.79293172e-16 
 1.30000000e+00  1.31214097e-11  7.79186642e-16  1.67523474e-13  1.00508395e-15 
 1.31000000e+00  1.31224843e-11  8.07716301e-16  1.68598058e-13  1.03361361e-15 
 1.32000000e+00  1.31240309e-11  8.40278666e-16  1.70144615e-13  1.06617598e-15 
 1.33000000e+00  1.31262606e-11  8.78781700e-16  1.72374357e-13  1.10467901e-15 
 1.34000000e+00  1.31294793e-11  9.26033266e-16  1.75593013e-13  1.15193058e-15 
 1.35000000e+00  1.31341294e-11  9.86169065e-16  1.80243112e-13  1.21206638e-15 
 1.36000000e+00  1.31408515e-11  1.06527714e-15  1.86965204e-13  1.29117445e-15 
 1.37000000e+00  1.31505727e-11  1.17232700e-15  1.96686451e-13  1.39822431e-15 
 1.38000000e+00  1.31646351e-11  1.32052111e-15  2.10748871e-13  1.54641842e-15 
 1.39000000e+00  1.31849812e-11  1.52930281e-15  2.31094945e-13  1.75520012e-15 
 1.40000000e+00  1.32144225e-11  1.82730071e-15  2.60536275e-13  2.05319802e-15 
 1.41000000e+00  1.32570287e-11  2.25666633e-15  3.03142417e-13  2.48256364e-15 
 1.42000000e+00  1.33186899e-11  2.87946320e-15  3.64803681e-13  3.10536051e-15 
 1.43000000e+00  1.34079319e-11  3.78706904e-15  4.54045689e-13  4.01296635e-15 
 1.44000000e+00  1.35370946e-11  5.11401660e-15  5.83208334e-13  5.33991391e-15 
 1.45000000e+00  1.37240384e-11  7.05837280e-15  7.70152126e-13  7.28427012e-15 
 1.46000000e+00  1.39946141e-11  9.91173603e-15  1.04072782e-12  1.01376333e-14 
 1.47000000e+00  1.43862370e-11  1.41033866e-14  1.43235076e-12  1.43292839e-14 
 1.48000000e+00  1.49530602e-11  2.02652915e-14  1.99917397e-12  2.04911889e-14 
 1.49000000e+00  1.57734614e-11  2.93277664e-14  2.81957520e-12  2.95536637e-14 
 1.50000000e+00  1.69608787e-11  4.26603031e-14  4.00699244e-12  4.28862004e-14 
 0.00000000e+00 -3.82075366e-10 -7.53314895e-14 -2.79379165e-10 -7.40731994e-14 
 1.00000000e-02 -2.99878812e-10 -6.82962311e-14 -1.97182612e-10 -6.70379411e-14 
 2.00000000e-02 -2.42515607e-10 -6.34283112e-14 -1.39819406e-10 -6.21700212e-14 
 3.00000000e-02 -2.02484688e-10 -6.00529443e-14 -9.97884874e-11 -5.87946542e-14 
 4.00000000e-02 -1.74550058e-10 -5.77054123e-14 -7.18538576e-11 -5.64471223e-14 
 5.00000000e-02 -1.55057097e-10 -5.60656754e-14 -5.23608960e-11 -5.48073853e-14 
 6.00000000e-02 -1.41455108e-10 -5.49133393e-14 -3.87589074e-11 -5.36550492e-14 
 7.00000000e-02 -1.31963957e-10 -5.40966323e-14 -2.92677565e-11 -5.28383423e-14 
 8.00000000e-02 -1.25341337e-10 -5.35110412e-14 -2.26451360e-11 -5.22527511e-14 
 9.00000000e-02 -1.20720307e-10 -5.30845970e-14 -1.80241063e-11 -5.18263070e-14 
 1.00000000e-01 -1.17495898e-10 -5.27197306e-14 -1.47996971e-11 -5.14614406e-14 
 1.10000000e-01 -1.14816930e-10 -5.24932944e-14 -1.21207293e-11 -5.12350043e-14 
 1.20000000e-01 -1.13376588e-10 -5.23141739e-14 -1.06803875e-11 -5.10558839e-14 
 1.30000000e-01 -1.12371414e-10 -5.21676421e-14 -9.67521292e-12 -5.09093521e-14 
 1.40000000e-01 -1.11669840e-10 -5.20435587e-14 -8.97363952e-12 -5.07852686e-14 
 1.50000000e-01 -1.11180073e-10 -5.19349450e-14 -8.48387214e-12 -5.06766550e-14 
 1.60000000e-01 -1.10838067e-10 -5.18369887e-14 -8.14186599e-12 -5.05786987e-14 
 1.70000000e-01 -1.10599140e-10 -5.17463856e-14 -7.90293876e-12 -5.04880956e-14 
 1.80000000e-01 -1.10432118e-10 -5.16608534e-14 -7.73591765e-12 -5.04025633e-14 
 1.90000000e-01 -1.10315256e-10 -5.15788274e-14 -7.61905541e-12 -5.03205374e-14 
 2.00000000e-01 -1.10233382e-10 -5.14992263e-14 -7.53718085e-12 -5.02409363e-14 
 2.10000000e-01 -1.10175911e-10 -5.14213052e-14 -7.47971060e-12 -5.01630151e-14 
 2.20000000e-01 -1.10135463e-10 -5.13445530e-14 -7.43926195e-12 -5.00862630e-14 
 2.30000000e-01 -1.10106886e-10 -5.12686184e-14 -7.41068505e-12 -5.00103283e-14 
 2.40000000e-01 -1.10086588e-10 -5.11932563e-14 -7.39038769e-12 -4.99349662e-14 
 2.50000000e-01 -1.10072065e-10 -5.11183009e-14 -7.37586426e-12 -4.98600109e-14 
 2.60000000e-01 -1.10061568e-10 -5.10436367e-14 -7.36536708e-12 -4.97853467e-14 
 2.70000000e-01 -1.10053878e-10 -5.09691839e-14 -7.35767722e-12 -4.97108938e-14 
 2.80000000e-01 -1.10048145e-10 -5.08948880e-14 -7.35194448e-12 -4.96365980e-14 
 2.90000000e-01 -1.10043777e-10 -5.08207106e-14 -7.34757593e-12 -4.95624205e-14 
 3.00000000e-01 -1.10040359e-10 -5.07466258e-14 -7.34415802e-12 -4.94883358e-14 
 3.10000000e-01 -1.10037603e-10 -5.06726157e-14 -7.34140237e-12 -4.94143256e-14 
 3.20000000e-01 -1.10035309e-10 -5.05986662e-14 -7.33910784e-12 -4.93403762e-14 
 3.30000000e-01 -1.10033335e-10 -5.05247709e-14 -7.33713414e-12 -4.92664809e-14 
 3.40000000e-01 -1.10031584e-10 -5.04509210e-14 -7.33538346e-12 -4.91926309e-14 
 3.50000000e-01 -1.10029988e-10 -5.03771133e-14 -7.33378758e-12 -4.91188232e-14 
 3.60000000e-01 -1.10028500e-10 -5.03033438e-14 -7.33229888e-12 -4.90450538e-14 
 3.70000000e-01 -1.10027085e-10 -5.02296113e-14 -7.33088421e-12 -4.89713212e-14 
 3.80000000e-01 -1.10025721e-10 -5.01559125e-14 -7.32952038e-12 -4.88976224e-14 
 3.90000000e-01 -1.10024392e-10 -5.00822466e-14 -7.32819125e-12 -4.88239565e-14 
 4.00000000e-01 -1.10023086e-10 -5.00086125e-14 -7.32688553e-12 -4.87503225e-14 
 4.10000000e-01 -1.10021796e-10 -4.99350090e-14 -7.32559533e-12 -4.86767190e-14 
 4.20000000e-01 -1.10020516e-10 -4.98614343e-14 -7.32431514e-12 -4.86031443e-14 
 4.30000000e-01 -1.10019242e-10 -4.97878891e-14 -7.32304111e-12 -4.85295991e-14 
 4.40000000e-01 -1.10017971e-10 -4.97143710e-14 -7.32177053e-12 -4.84560810e-14 
 4.50000000e-01 -1.10016702e-10 -4.96408812e-14 -7.32050149e-12 -4.83825912e-14 
 4.60000000e-01 -1.10015433e-10 -4.95674168e-14 -7.31923265e-12 -4.83091268e-14 
 4.70000000e-01 -1.10014164e-10 -4.94939777e-14 -7.31796304e-12 -4.82356876e-14 
 4.80000000e-01 -1.10012893e-10 -4.94205632e-14 -7.31669198e-12 -4.81622732e-14 
 4.90000000e-01 -1.10011620e-10 -4.93471725e-14 -7.31541897e-12 -4.80888824e-14 
 5.00000000e-01 -1.10010344e-10 -4.92738052e-14 -7.31414364e-12 -4.80155151e-14 
 5.10000000e-01 -1.10009066e-10 -4.92004594e-14 -7.31286571e-12 -4.79421694e-14 
 5.20000000e-01 -1.10007786e-10 -4.91271354e-14 -7.31158496e-12 -4.78688454e-14 
 5.30000000e-01 -1.10006502e-10 -4.90538307e-14 -7.31030121e-12 -4.77955407e-14 
 5.40000000e-01 -1.10005215e-10 -4.89805460e-14 -7.30901433e-12 -4.77222560e-14 
 5.50000000e-01 -1.10003925e-10 -4.89072798e-14 -7.30772418e-12 -4.76489897e-14 
 5.60000000e-01 -1.10002631e-10 -4.88340298e-14 -7.30643064e-12 -4.75757398e-14 
 5.70000000e-01 -1.10001334e-10 -4.87607964e-14 -7.30513362e-12 -4.75025064e-14 
 5.80000000e-01 -1.10000034e-10 -4.86875778e-14 -7.30383300e-12 -4.74292878e-14 
 5.90000000e-01 -1.09998729e-10 -4.86143729e-14 -7.30252870e-12 -4.73560828e-14 
 6.00000000e-01 -1.09997421e-10 -4.85411811e-14 -7.30122060e-12 -4.72828911e-14 
 6.10000000e-01 -1.09996109e-10 -4.84680009e-14 -7.29990862e-12 -4.72097109e-14 
 6.20000000e-01 -1.09994793e-10 -4.83948304e-14 -7.29859264e-12 -4.71365404e-14 
 6.30000000e-01 -1.09993473e-10 -4.83216683e-14 -7.29727256e-12 -4.70633783e-14 
 6.40000000e-01 -1.09992149e-10 -4.82485137e-14 -7.29594828e-12 -4.69902236e-14 
 6.50000000e-01 -1.09990820e-10 -4.81753651e-14 -7.29461968e-12 -4.69170751e-14 
 6.60000000e-01 -1.09989487e-10 -4.81022216e-14 -7.29328666e-12 -4.68439315e-14 
 6.70000000e-01 -1.09988150e-10 -4.80290794e-14 -7.29194908e-12 -4.67707893e-14 
 6.80000000e-01 -1.09986808e-10 -4.79559388e-14 -7.29060684e-12 -4.66976487e-14 
 6.90000000e-01 -1.09985461e-10 -4.78827969e-14 -7.28925979e-12 -4.66245068e-14 
 7.00000000e-01 -1.09984109e-10 -4.78096525e-14 -7.28790782e-12 -4.65513625e-14 
 7.10000000e-01 -1.09982752e-10 -4.77365036e-14 -7.28655077e-12 -4.64782136e-14 
 7.20000000e-01 -1.09981389e-10 -4.76633485e-14 -7.28518852e-12 -4.64050585e-14 
 7.30000000e-01 -1.09980022e-10 -4.75901841e-14 -7.28382090e-12 -4.63318940e-14 
 7.40000000e-01 -1.09978649e-10 -4.75170090e-14 -7.28244777e-12 -4.62587189e-14 
 7.50000000e-01 -1.09977270e-10 -4.74438204e-14 -7.28106895e-12 -4.61855304e-14 
 7.60000000e-01 -1.09975885e-10 -4.73706157e-14 -7.27968428e-12 -4.61123257e-14 
 7.70000000e-01 -1.09974494e-10 -4.72973933e-14 -7.27829359e-12 -4.60391033e-14 
 7.80000000e-01 -1.09973097e-10 -4.72241494e-14 -7.27689668e-12 -4.59658594e-14 
 7.90000000e-01 -1.09971694e-10 -4.71508805e-14 -7.27549336e-12 -4.58925905e-14 
 8.00000000e-01 -1.09970284e-10 -4.70775859e-14 -7.27408343e-12 -4.58192958e-14 
 8.10000000e-01 -1.09968867e-10 -4.70042596e-14 -7.27266668e-12 -4.57459696e-14 
 8.20000000e-01 -1.09967444e-10 -4.69308999e-14 -7.27124288e-12 -4.56726099e-14 
 8.30000000e-01 -1.09966013e-10 -4.68575025e-14 -7.26981180e-12 -4.55992125e-14 
 8.40000000e-01 -1.09964574e-10 -4.67840641e-14 -7.26837318e-12 -4.55257741e-14 
 8.50000000e-01 -1.09963128e-10 -4.67105790e-14 -7.26692678e-12 -4.54522889e-14 
 8.60000000e-01 -1.09961673e-10 -4.66370448e-14 -7.26547232e-12 -4.53787548e-14 
 8.70000000e-01 -1.09960210e-10 -4.65634553e-14 -7.26400950e-12 -4.53051653e-14 
 8.80000000e-01 -1.09958739e-10 -4.64898067e-14 -7.26253803e-12 -4.52315166e-14 
 8.90000000e-01 -1.09957258e-10 -4.64160926e-14 -7.26105759e-12 -4.51578026e-14 
 9.00000000e-01 -1.09955769e-10 -4.63423079e-14 -7.25956783e-12 -4.50840179e-14 
 9.10000000e-01 -1.09954269e-10 -4.62684460e-14 -7.25806839e-12 -4.50101559e-14 
 9.20000000e-01 -1.09952760e-10 -4.61945007e-14 -7.25655889e-12 -4.49362107e-14 
 9.30000000e-01 -1.09951240e-10 -4.61204650e-14 -7.25503893e-12 -4.48621749e-14 
 9.40000000e-01 -1.09949709e-10 -4.60463309e-14 -7.25350807e-12 -4.47880409e-14 
 9.50000000e-01 -1.09948167e-10 -4.59720896e-14 -7.25196586e-12 -4.47137995e-14 
 9.60000000e-01 -1.09946613e-10 -4.58977332e-14 -7.25041179e-12 -4.46394432e-14 
 9.70000000e-01 -1.09945046e-10 -4.58232516e-14 -7.24884536e-12 -4.45649616e-14 
 9.80000000e-01 -1.09943467e-10 -4.57486339e-14 -7.24726599e-12 -4.44903439e-14 
 9.90000000e-01 -1.09941874e-10 -4.56738693e-14 -7.24567308e-12 -4.44155792e-14 
 1.00000000e+00 -1.09940267e-10 -4.55989455e-14 -7.24406599e-12 -4.43406554e-14 
 1.01000000e+00 -1.09938645e-10 -4.55238484e-14 -7.24244400e-12 -4.42655584e-14 
 1.02000000e+00 -1.09937007e-10 -4.54485629e-14 -7.24080636e-12 -4.41902728e-14 
 1.03000000e+00 -1.09935353e-10 -4.53730728e-14 -7.23915226e-12 -4.41147828e-14 
 1.04000000e+00 -1.09933682e-10 -4.52973605e-14 -7.23748080e-12 -4.40390704e-14 
 1.05000000e+00 -1.09931992e-10 -4.52214053e-14 -7.23579100e-12 -4.39631153e-14 
 1.06000000e+00 -1.09930283e-10 -4.51451868e-14 -7.23408181e-12 -4.38868967e-14 
 1.07000000e+00 -1.09928553e-10 -4.50686788e-14 -7.23235206e-12 -4.38103888e-14 
 1.08000000e+00 -1.09926801e-10 -4.49918558e-14 -7.23060046e-12 -4.37335657e-14 
 1.09000000e+00 -1.09925026e-10 -4.49146862e-14 -7.22882560e-12 -4.36563962e-14 
 1.10000000e+00 -1.09923227e-10 -4.48371375e-14 -7.22702591e-12 -4.35788475e-14 
 1.11000000e+00 -1.09921400e-10 -4.47591704e-14 -7.22519962e-12 -4.35008804e-14 
 1.12000000e+00 -1.09919546e-10 -4.46807433e-14 -7.22334478e-12 -4.34224532e-14 
 1.13000000e+00 -1.09917660e-10 -4.46018075e-14 -7.22145916e-12 -4.33435174e-14 
 1.14000000e+00 -1.09915741e-10 -4.45223072e-14 -7.21954027e-12 -4.32640172e-14 
 1.15000000e+00 -1.09913786e-10 -4.44421803e-14 -7.21758526e-12 -4.31838903e-14 
 1.16000000e+00 -1.09911792e-10 -4.43613548e-14 -7.21559086e-12 -4.31030647e-14 
 1.17000000e+00 -1.09909754e-10 -4.42797479e-14 -7.21355331e-12 -4.30214579e-14 
 1.18000000e+00 -1.09907669e-10 -4.41972639e-14 -7.21146823e-12 -4.29389739e-14 
 1.19000000e+00 -1.09905531e-10 -4.41137920e-14 -7.20933051e-12 -4.28555020e-14 
 1.20000000e+00 -1.09903335e-10 -4.40292026e-14 -7.20713410e-12 -4.27709125e-14 
 1.21000000e+00 -1.09901073e-10 -4.39433421e-14 -7.20487183e-12 -4.26850521e-14 
 1.22000000e+00 -1.09898736e-10 -4.38560318e-14 -7.20253505e-12 -4.25977417e-14 
 1.23000000e+00 -1.09896314e-10 -4.37670554e-14 -7.20011329e-12 -4.25087653e-14 
 1.24000000e+00 -1.09893794e-10 -4.36761574e-14 -7.19759371e-12 -4.24178674e-14 
 1.25000000e+00 -1.09891161e-10 -4.35830271e-14 -7.19496039e-12 -4.23247370e-14 
 1.26000000e+00 -1.09888394e-10 -4.34872864e-14 -7.19219336e-12 -4.22289964e-14 
 1.27000000e+00 -1.09885468e-10 -4.33884746e-14 -7.18926726e-12 -4.21301846e-14 
 1.28000000e+00 -1.09882350e-10 -4.32860185e-14 -7.18614944e-12 -4.20277285e-14 
 1.29000000e+00 -1.09878998e-10 -4.31792037e-14 -7.18279729e-12 -4.19209137e-14 
 1.30000000e+00 -1.09875355e-10 -4.30671277e-14 -7.17915434e-12 -4.18088376e-14 
 1.31000000e+00 -1.09871345e-10 -4.29486391e-14 -7.17514462e-12 -4.16903491e-14 
 1.32000000e+00 -1.09866865e-10 -4.28222549e-14 -7.17066416e-12 -4.15639649e-14 
 1.33000000e+00 -1.09861769e-10 -4.26860301e-14 -7.16556823e-12 -4.14277401e-14 
 1.34000000e+00 -1.09855852e-10 -4.25373911e-14 -7.15965166e-12 -4.12791011e-14 
 1.35000000e+00 -1.09848819e-10 -4.23728773e-14 -7.15261813e-12 -4.11145873e-14 
 1.36000000e+00 -1.09840232e-10 -4.21877614e-14 -7.14403153e-12 -4.09294714e-14 
 1.37000000e+00 -1.09829439e-10 -4.19754822e-14 -7.13323798e-12 -4.07171922e-14 
 1.38000000e+00 -1.09815441e-10 -4.17267655e-14 -7.11924023e-12 -4.04684755e-14 
 1.39000000e+00 -1.09796696e-10 -4.14282743e-14 -7.10049542e-12 -4.01699842e-14 
 1.40000000e+00 -1.09770795e-10 -4.10604521e-14 -7.07459433e-12 -3.98021621e-14 
 1.41000000e+00 -1.09733969e-10 -4.05940815e-14 -7.03776796e-12 -3.93357914e-14 
 1.42000000e+00 -1.09680367e-10 -3.99847072e-14 -6.98416633e-12 -3.87264172e-14 
 1.43000000e+00 -1.09601076e-10 -3.91635338e-14 -6.90487500e-12 -3.79052437e-14 
 1.44000000e+00 -1.09482867e-10 -3.80226121e-14 -6.78666663e-12 -3.67643220e-14 
 1.45000000e+00 -1.09306670e-10 -3.63910188e-14 -6.61046938e-12 -3.51327288e-14 
 1.46000000e+00 -1.09045588e-10 -3.39976606e-14 -6.34938764e-12 -3.27393706e-14 
 1.47000000e+00 -1.08662028e-10 -3.04162594e-14 -5.96582690e-12 -2.91579694e-14 
 1.48000000e+00 -1.08103171e-10 -2.49911411e-14 -5.40697048e-12 -2.37328511e-14 
 1.49000000e+00 -1.07293870e-10 -1.67515940e-14 -4.59766958e-12 -1.54933040e-14 
 1.50000000e+00 -1.06126238e-10 -4.33753073e-15 -3.43003717e-12 -3.07924069e-15 
