 time            v(vin_tg)       v(vout_tg_lv_on) v(vout_tg_hv_on) v(vout_tg_lv_off) v(vout_tg_hv_off)
 0.00000000e+00  7.50000000e-01  7.50000022e-01  7.50000000e-01  8.42710513e-01  7.06344957e-01 
 1.00000000e-07  7.50471239e-01  7.50402669e-01  7.50030781e-01  8.42710513e-01  7.06344957e-01 
 2.00000000e-07  7.50942478e-01  7.50863813e-01  7.50089723e-01  8.42710513e-01  7.06344957e-01 
 4.00000000e-07  7.51884954e-01  7.51803206e-01  7.50258885e-01  8.42710513e-01  7.06344957e-01 
 8.00000000e-07  7.53769895e-01  7.53690076e-01  7.50859989e-01  8.42710513e-01  7.06344957e-01 
 1.60000000e-06  7.57539695e-01  7.57457283e-01  7.52770947e-01  8.42710513e-01  7.06344957e-01 
 3.20000000e-06  7.65078629e-01  7.64996816e-01  7.57936710e-01  8.42710513e-01  7.06344957e-01 
 6.40000000e-06  7.80151162e-01  7.80064862e-01  7.69542034e-01  8.42710513e-01  7.06344957e-01 
 1.28000000e-05  8.10253575e-01  8.10163477e-01  7.93062377e-01  8.42710514e-01  7.06344957e-01 
 2.28000000e-05  8.57075348e-01  8.56972971e-01  8.42012440e-01  8.42710514e-01  7.06344958e-01 
 3.28000000e-05  9.03474544e-01  9.03362596e-01  8.98725290e-01  8.42710514e-01  7.06344958e-01 
 4.28000000e-05  9.49268046e-01  9.49139919e-01  9.47094211e-01  8.42710515e-01  7.06344959e-01 
 5.28000000e-05  9.94275128e-01  9.94135508e-01  9.92754939e-01  8.42710516e-01  7.06344960e-01 
 6.28000000e-05  1.03831817e+00  1.03816216e+00  1.03731491e+00  8.42710517e-01  7.06344961e-01 
 7.28000000e-05  1.08122335e+00  1.08106337e+00  1.08040209e+00  8.42710518e-01  7.06344962e-01 
 8.28000000e-05  1.12282134e+00  1.12265973e+00  1.12221128e+00  8.42710520e-01  7.06344964e-01 
 9.28000000e-05  1.16294798e+00  1.16279973e+00  1.16241359e+00  8.42710521e-01  7.06344965e-01 
 1.02800000e-04  1.20144490e+00  1.20130497e+00  1.20104233e+00  8.42710523e-01  7.06344967e-01 
 1.12800000e-04  1.23816017e+00  1.23803668e+00  1.23778413e+00  8.42710525e-01  7.06344969e-01 
 1.22800000e-04  1.27294890e+00  1.27283363e+00  1.27265143e+00  8.42710528e-01  7.06344971e-01 
 1.32800000e-04  1.30567378e+00  1.30557241e+00  1.30539506e+00  8.42710533e-01  7.06344973e-01 
 1.42800000e-04  1.33620568e+00  1.33611150e+00  1.33598272e+00  8.42710544e-01  7.06344975e-01 
 1.52800000e-04  1.36442409e+00  1.36434243e+00  1.36421480e+00  8.42710572e-01  7.06344978e-01 
 1.62800000e-04  1.39021765e+00  1.39014262e+00  1.39005156e+00  8.42710646e-01  7.06344981e-01 
 1.72800000e-04  1.41348456e+00  1.41342113e+00  1.41332926e+00  8.42710831e-01  7.06344985e-01 
 1.82800000e-04  1.43413301e+00  1.43407586e+00  1.43401339e+00  8.42711254e-01  7.06344992e-01 
 1.92800000e-04  1.45208149e+00  1.45203533e+00  1.45197108e+00  8.42712137e-01  7.06345004e-01 
 2.02800000e-04  1.46725918e+00  1.46721911e+00  1.46717978e+00  8.42713803e-01  7.06345023e-01 
 2.12800000e-04  1.47960617e+00  1.47957668e+00  1.47953524e+00  8.42716635e-01  7.06345056e-01 
 2.22800000e-04  1.48907374e+00  1.48905025e+00  1.48903092e+00  8.42720962e-01  7.06345104e-01 
 2.32800000e-04  1.49562453e+00  1.49561135e+00  1.49558999e+00  8.42726888e-01  7.06345171e-01 
 2.42800000e-04  1.49923267e+00  1.49922549e+00  1.49922459e+00  8.42734146e-01  7.06345253e-01 
 2.52800000e-04  1.49988394e+00  1.49988694e+00  1.49988443e+00  8.42742075e-01  7.06345343e-01 
 2.62800000e-04  1.49757575e+00  1.49758482e+00  1.49760203e+00  8.42749788e-01  7.06345430e-01 
 2.72800000e-04  1.49231723e+00  1.49233646e+00  1.49235285e+00  8.42756454e-01  7.06345505e-01 
 2.82800000e-04  1.48412912e+00  1.48415454e+00  1.48419074e+00  8.42761558e-01  7.06345563e-01 
 2.92800000e-04  1.47304374e+00  1.47307942e+00  1.47311604e+00  8.42765011e-01  7.06345602e-01 
 3.02800000e-04  1.45910483e+00  1.45914692e+00  1.45920435e+00  8.42767064e-01  7.06345626e-01 
 3.12800000e-04  1.44236741e+00  1.44241999e+00  1.44247975e+00  8.42768129e-01  7.06345639e-01 
 3.22800000e-04  1.42289754e+00  1.42295685e+00  1.42303958e+00  8.42768606e-01  7.06345646e-01 
 3.32800000e-04  1.40077204e+00  1.40084225e+00  1.40093026e+00  8.42768785e-01  7.06345650e-01 
 3.42800000e-04  1.37607825e+00  1.37615568e+00  1.37627055e+00  8.42768839e-01  7.06345653e-01 
 3.52800000e-04  1.34891360e+00  1.34900258e+00  1.34912752e+00  8.42768850e-01  7.06345656e-01 
 3.62800000e-04  1.31938533e+00  1.31948226e+00  1.31964085e+00  8.42768850e-01  7.06345658e-01 
 3.72800000e-04  1.28760994e+00  1.28771940e+00  1.28789635e+00  8.42768850e-01  7.06345660e-01 
 3.82800000e-04  1.25371286e+00  1.25383137e+00  1.25405422e+00  8.42768851e-01  7.06345662e-01 
 3.92800000e-04  1.21782785e+00  1.21796032e+00  1.21821714e+00  8.42768852e-01  7.06345664e-01 
 4.02800000e-04  1.18009654e+00  1.18023943e+00  1.18056637e+00  8.42768853e-01  7.06345666e-01 
 4.12800000e-04  1.14066784e+00  1.14082478e+00  1.14123298e+00  8.42768855e-01  7.06345668e-01 
 4.22800000e-04  1.09969734e+00  1.09985808e+00  1.10041175e+00  8.42768856e-01  7.06345669e-01 
 4.32800000e-04  1.05734676e+00  1.05750638e+00  1.05824119e+00  8.42768857e-01  7.06345670e-01 
 4.42800000e-04  1.01378321e+00  1.01392955e+00  1.01500730e+00  8.42768858e-01  7.06345671e-01 
 4.52800000e-04  9.69178632e-01  9.69312619e-01  9.70922679e-01  8.42768859e-01  7.06345672e-01 
 4.62800000e-04  9.23709057e-01  9.23827326e-01  9.26587342e-01  8.42768859e-01  7.06345673e-01 
 4.72800000e-04  8.77553931e-01  8.77660949e-01  8.83068988e-01  8.42768860e-01  7.06345674e-01 
 4.82800000e-04  8.30895409e-01  8.30990263e-01  8.43106692e-01  8.42768860e-01  7.06345674e-01 
 4.92800000e-04  7.83917629e-01  7.84004296e-01  8.02524365e-01  8.42768860e-01  7.06345674e-01 
 5.02800000e-04  7.36805991e-01  7.36883778e-01  7.44749054e-01  8.42768860e-01  7.06345674e-01 
 5.12800000e-04  6.89746425e-01  6.89818336e-01  6.90981596e-01  8.42768859e-01  7.06345674e-01 
 5.22800000e-04  6.42924652e-01  6.42989866e-01  6.43935065e-01  8.42768859e-01  7.06345674e-01 
 5.32800000e-04  5.96525456e-01  5.96586217e-01  5.96910301e-01  8.42768858e-01  7.06345673e-01 
 5.42800000e-04  5.50731954e-01  5.50787307e-01  5.51165884e-01  8.42768857e-01  7.06345673e-01 
 5.52800000e-04  5.05724872e-01  5.05776505e-01  5.05933299e-01  8.42768856e-01  7.06345672e-01 
 5.62800000e-04  4.61681832e-01  4.61728735e-01  4.61945777e-01  8.42768855e-01  7.06345671e-01 
 5.72800000e-04  4.18776653e-01  4.18820299e-01  4.18913912e-01  8.42768853e-01  7.06345670e-01 
 5.82800000e-04  3.77178661e-01  3.77218278e-01  3.77364025e-01  8.42768851e-01  7.06345668e-01 
 5.92800000e-04  3.37052024e-01  3.37088975e-01  3.37150392e-01  8.42768848e-01  7.06345667e-01 
 6.02800000e-04  2.98555104e-01  2.98588640e-01  2.98694856e-01  8.42768841e-01  7.06345665e-01 
 6.12800000e-04  2.61839831e-01  2.61871109e-01  2.61912821e-01  8.42768821e-01  7.06345663e-01 
 6.22800000e-04  2.27051103e-01  2.27079359e-01  2.27160400e-01  8.42768751e-01  7.06345661e-01 
 6.32800000e-04  1.94326216e-01  1.94352462e-01  1.94380566e-01  8.42768524e-01  7.06345659e-01 
 6.42800000e-04  1.63794319e-01  1.63817789e-01  1.63881210e-01  8.42767825e-01  7.06345656e-01 
 6.52800000e-04  1.35575908e-01  1.35597516e-01  1.35615345e-01  8.42765835e-01  7.06345654e-01 
 6.62800000e-04  1.09782348e-01  1.09801331e-01  1.09851524e-01  8.42760636e-01  7.06345651e-01 
 6.72800000e-04  8.65154352e-02  8.65326382e-02  8.65421438e-02  8.42748206e-01  7.06345648e-01 
 6.82800000e-04  6.58669925e-02  6.58816600e-02  6.59213483e-02  8.42721116e-01  7.06345643e-01 
 6.92800000e-04  4.79185103e-02  4.79314390e-02  4.79337933e-02  8.42667438e-01  7.06345636e-01 
 7.02800000e-04  3.27408229e-02  3.27512391e-02  3.27827439e-02  8.42577450e-01  7.06345627e-01 
 7.12800000e-04  2.03938299e-02  2.04025330e-02  2.03978200e-02  8.42434169e-01  7.06345613e-01 
 7.22800000e-04  1.09262590e-02  1.09324946e-02  1.09561483e-02  8.42217019e-01  7.06345593e-01 
 7.32800000e-04  4.37547462e-03  4.37999755e-03  4.36975478e-03  8.41917402e-01  7.06345567e-01 
 7.42800000e-04  7.67329559e-04  7.69381969e-04  7.85919988e-04  8.41552990e-01  7.06345536e-01 
 7.52800000e-04  1.16063554e-04  1.16380953e-04  1.00015282e-04  8.41160174e-01  7.06345502e-01 
 7.62800000e-04  2.42424686e-03  2.42209109e-03  2.43190642e-03  8.40777966e-01  7.06345469e-01 
 7.72800000e-04  7.68277012e-03  7.67885740e-03  7.65641354e-03  8.40446765e-01  7.06345440e-01 
 7.82800000e-04  1.58708804e-02  1.58644629e-02  1.58678797e-02  8.40185702e-01  7.06345417e-01 
 7.92800000e-04  2.69562628e-02  2.69480720e-02  2.69190230e-02  8.40005737e-01  7.06345401e-01 
 8.02800000e-04  4.08951686e-02  4.08844529e-02  4.08806943e-02  8.39901150e-01  7.06345390e-01 
 8.12800000e-04  5.76325872e-02  5.76200500e-02  5.75834979e-02  8.39846062e-01  7.06345383e-01 
 8.22800000e-04  7.71024637e-02  7.70873207e-02  7.70766468e-02  8.39816013e-01  7.06345378e-01 
 8.32800000e-04  9.92279593e-02  9.92109456e-02  9.91643472e-02  8.39798343e-01  7.06345374e-01 
 8.42800000e-04  1.23921755e-01  1.23902072e-01  1.23882866e-01  8.39790655e-01  7.06345371e-01 
 8.52800000e-04  1.51086395e-01  1.51064761e-01  1.51006635e-01  8.39787604e-01  7.06345369e-01 
 8.62800000e-04  1.80614674e-01  1.80590242e-01  1.80560541e-01  8.39786499e-01  7.06345366e-01 
 8.72800000e-04  2.12390056e-01  2.12363539e-01  2.12290256e-01  8.39786135e-01  7.06345364e-01 
 8.82800000e-04  2.46287140e-01  2.46257617e-01  2.46214080e-01  8.39786029e-01  7.06345362e-01 
 8.92800000e-04  2.82172148e-01  2.82140321e-01  2.82045760e-01  8.39786005e-01  7.06345360e-01 
 9.02800000e-04  3.19903458e-01  3.19868291e-01  3.19804897e-01  8.39786005e-01  7.06345358e-01 
 9.12800000e-04  3.59332164e-01  3.59294328e-01  3.59167236e-01  8.39786013e-01  7.06345357e-01 
 9.22800000e-04  4.00302656e-01  4.00260946e-01  4.00165694e-01  8.39786022e-01  7.06345355e-01 
 9.32800000e-04  4.42653245e-01  4.42608303e-01  4.42425003e-01  8.39786031e-01  7.06345354e-01 
 9.42800000e-04  4.86216790e-01  4.86167279e-01  4.86011805e-01  8.39786041e-01  7.06345353e-01 
 9.52800000e-04  5.30821368e-01  5.30768114e-01  5.30466708e-01  8.39786051e-01  7.06345352e-01 
 9.62800000e-04  5.76290943e-01  5.76232526e-01  5.75928448e-01  8.39786061e-01  7.06345351e-01 
 9.72800000e-04  6.22446069e-01  6.22383282e-01  6.21731742e-01  8.39786072e-01  7.06345350e-01 
 9.82800000e-04  6.69104591e-01  6.69035555e-01  6.68123071e-01  8.39786083e-01  7.06345350e-01 
 9.92800000e-04  7.16082371e-01  7.16007686e-01  7.13234853e-01  8.39786093e-01  7.06345350e-01 
 1.00280000e-03  7.63194009e-01  7.63111162e-01  7.56265338e-01  8.39786104e-01  7.06345350e-01 
 1.01280000e-03  8.10253575e-01  8.10162932e-01  7.92958359e-01  8.39786115e-01  7.06345350e-01 
 1.02280000e-03  8.57075348e-01  8.56973576e-01  8.42014184e-01  8.39786127e-01  7.06345350e-01 
 1.03280000e-03  9.03474544e-01  9.03361919e-01  8.98725117e-01  8.39786138e-01  7.06345351e-01 
 1.04280000e-03  9.49268046e-01  9.49140682e-01  9.47094280e-01  8.39786150e-01  7.06345351e-01 
 1.05280000e-03  9.94275128e-01  9.94134652e-01  9.92754902e-01  8.39786162e-01  7.06345352e-01 
 1.06280000e-03  1.03831817e+00  1.03816311e+00  1.03731493e+00  8.39786174e-01  7.06345353e-01 
 1.07280000e-03  1.08122335e+00  1.08106236e+00  1.08040207e+00  8.39786186e-01  7.06345355e-01 
 1.08280000e-03  1.12282134e+00  1.12266074e+00  1.12221130e+00  8.39786199e-01  7.06345356e-01 
 1.09280000e-03  1.16294798e+00  1.16279876e+00  1.16241358e+00  8.39786211e-01  7.06345357e-01 
 1.10280000e-03  1.20144490e+00  1.20130596e+00  1.20104234e+00  8.39786224e-01  7.06345359e-01 
 1.11280000e-03  1.23816017e+00  1.23803574e+00  1.23778412e+00  8.39786237e-01  7.06345361e-01 
 1.12280000e-03  1.27294890e+00  1.27283452e+00  1.27265144e+00  8.39786251e-01  7.06345363e-01 
 1.13280000e-03  1.30567378e+00  1.30557157e+00  1.30539505e+00  8.39786267e-01  7.06345365e-01 
 1.14280000e-03  1.33620568e+00  1.33611230e+00  1.33598273e+00  8.39786289e-01  7.06345368e-01 
 1.15280000e-03  1.36442409e+00  1.36434167e+00  1.36421479e+00  8.39786328e-01  7.06345370e-01 
 1.16280000e-03  1.39021765e+00  1.39014334e+00  1.39005156e+00  8.39786413e-01  7.06345373e-01 
 1.17280000e-03  1.41348456e+00  1.41342044e+00  1.41332926e+00  8.39786609e-01  7.06345378e-01 
 1.18280000e-03  1.43413301e+00  1.43407654e+00  1.43401339e+00  8.39787044e-01  7.06345384e-01 
 1.19280000e-03  1.45208149e+00  1.45203468e+00  1.45197108e+00  8.39787938e-01  7.06345396e-01 
 1.20280000e-03  1.46725918e+00  1.46721974e+00  1.46717979e+00  8.39789614e-01  7.06345416e-01 
 1.21280000e-03  1.47960617e+00  1.47957606e+00  1.47953523e+00  8.39792458e-01  7.06345448e-01 
 1.22280000e-03  1.48907374e+00  1.48905086e+00  1.48903093e+00  8.39796796e-01  7.06345497e-01 
 1.23280000e-03  1.49562453e+00  1.49561076e+00  1.49558999e+00  8.39802735e-01  7.06345564e-01 
 1.24280000e-03  1.49923267e+00  1.49922607e+00  1.49922459e+00  8.39810004e-01  7.06345646e-01 
 1.25280000e-03  1.49988394e+00  1.49988637e+00  1.49988443e+00  8.39817944e-01  7.06345735e-01 
 1.26280000e-03  1.49757575e+00  1.49758538e+00  1.49760203e+00  8.39825669e-01  7.06345822e-01 
 1.27280000e-03  1.49231723e+00  1.49233590e+00  1.49235284e+00  8.39832347e-01  7.06345898e-01 
 1.28280000e-03  1.48412912e+00  1.48415509e+00  1.48419074e+00  8.39837463e-01  7.06345955e-01 
 1.29280000e-03  1.47304374e+00  1.47307887e+00  1.47311604e+00  8.39840927e-01  7.06345994e-01 
 1.30280000e-03  1.45910483e+00  1.45914746e+00  1.45920436e+00  8.39842991e-01  7.06346018e-01 
 1.31280000e-03  1.44236741e+00  1.44241945e+00  1.44247974e+00  8.39844068e-01  7.06346031e-01 
 1.32280000e-03  1.42289754e+00  1.42295739e+00  1.42303958e+00  8.39844555e-01  7.06346038e-01 
 1.33280000e-03  1.40077204e+00  1.40084171e+00  1.40093025e+00  8.39844746e-01  7.06346042e-01 
 1.34280000e-03  1.37607825e+00  1.37615623e+00  1.37627055e+00  8.39844811e-01  7.06346045e-01 
 1.35280000e-03  1.34891360e+00  1.34900203e+00  1.34912752e+00  8.39844833e-01  7.06346048e-01 
 1.36280000e-03  1.31938533e+00  1.31948282e+00  1.31964086e+00  8.39844844e-01  7.06346050e-01 
 1.37280000e-03  1.28760994e+00  1.28771883e+00  1.28789635e+00  8.39844855e-01  7.06346052e-01 
 1.38280000e-03  1.25371286e+00  1.25383194e+00  1.25405423e+00  8.39844866e-01  7.06346054e-01 
 1.39280000e-03  1.21782785e+00  1.21795974e+00  1.21821713e+00  8.39844879e-01  7.06346056e-01 
 1.40280000e-03  1.18009654e+00  1.18024003e+00  1.18056637e+00  8.39844891e-01  7.06346058e-01 
 1.41280000e-03  1.14066784e+00  1.14082411e+00  1.14123297e+00  8.39844903e-01  7.06346060e-01 
 1.42280000e-03  1.09969734e+00  1.09985874e+00  1.10041175e+00  8.39844916e-01  7.06346061e-01 
 1.43280000e-03  1.05734676e+00  1.05750577e+00  1.05824119e+00  8.39844928e-01  7.06346063e-01 
 1.44280000e-03  1.01378321e+00  1.01393009e+00  1.01500731e+00  8.39844940e-01  7.06346064e-01 
 1.45280000e-03  9.69178632e-01  9.69312140e-01  9.70922671e-01  8.39844952e-01  7.06346065e-01 
 1.46280000e-03  9.23709057e-01  9.23827742e-01  9.26587352e-01  8.39844963e-01  7.06346066e-01 
 1.47280000e-03  8.77553931e-01  8.77660586e-01  8.83068973e-01  8.39844975e-01  7.06346066e-01 
 1.48280000e-03  8.30895409e-01  8.30990584e-01  8.43106709e-01  8.39844986e-01  7.06346067e-01 
 1.49280000e-03  7.83917629e-01  7.84004010e-01  8.02524359e-01  8.39844997e-01  7.06346067e-01 
 1.50280000e-03  7.36805991e-01  7.36884035e-01  7.44749054e-01  8.39845008e-01  7.06346067e-01 
 1.51280000e-03  6.89746425e-01  6.89818102e-01  6.90981596e-01  8.39845018e-01  7.06346067e-01 
 1.52280000e-03  6.42924652e-01  6.42990081e-01  6.43935065e-01  8.39845029e-01  7.06346066e-01 
 1.53280000e-03  5.96525456e-01  5.96586018e-01  5.96910301e-01  8.39845039e-01  7.06346066e-01 
 1.54280000e-03  5.50731954e-01  5.50787493e-01  5.51165884e-01  8.39845049e-01  7.06346065e-01 
 1.55280000e-03  5.05724872e-01  5.05776332e-01  5.05933299e-01  8.39845059e-01  7.06346064e-01 
 1.56280000e-03  4.61681832e-01  4.61728898e-01  4.61945777e-01  8.39845069e-01  7.06346063e-01 
 1.57280000e-03  4.18776653e-01  4.18820146e-01  4.18913912e-01  8.39845078e-01  7.06346062e-01 
 1.58280000e-03  3.77178661e-01  3.77218423e-01  3.77364025e-01  8.39845087e-01  7.06346060e-01 
 1.59280000e-03  3.37052024e-01  3.37088837e-01  3.37150392e-01  8.39845095e-01  7.06346059e-01 
 1.60280000e-03  2.98555104e-01  2.98588772e-01  2.98694856e-01  8.39845100e-01  7.06346057e-01 
 1.61280000e-03  2.61839831e-01  2.61870982e-01  2.61912821e-01  8.39845090e-01  7.06346055e-01 
 1.62280000e-03  2.27051103e-01  2.27079482e-01  2.27160400e-01  8.39845032e-01  7.06346053e-01 
 1.63280000e-03  1.94326216e-01  1.94352343e-01  1.94380566e-01  8.39844816e-01  7.06346051e-01 
 1.64280000e-03  1.63794319e-01  1.63817905e-01  1.63881210e-01  8.39844129e-01  7.06346049e-01 
 1.65280000e-03  1.35575908e-01  1.35597403e-01  1.35615345e-01  8.39842155e-01  7.06346046e-01 
 1.66280000e-03  1.09782348e-01  1.09801442e-01  1.09851524e-01  8.39836978e-01  7.06346043e-01 
 1.67280000e-03  8.65154352e-02  8.65325297e-02  8.65421438e-02  8.39824584e-01  7.06346040e-01 
 1.68280000e-03  6.58669925e-02  6.58817667e-02  6.59213483e-02  8.39797558e-01  7.06346035e-01 
 1.69280000e-03  4.79185103e-02  4.79313338e-02  4.79337933e-02  8.39743994e-01  7.06346029e-01 
 1.70280000e-03  3.27408229e-02  3.27513450e-02  3.27827439e-02  8.39654186e-01  7.06346019e-01 
 1.71280000e-03  2.03938299e-02  2.04024286e-02  2.03978200e-02  8.39511184e-01  7.06346005e-01 
 1.72280000e-03  1.09262590e-02  1.09325978e-02  1.09561483e-02  8.39294445e-01  7.06345986e-01 
 1.73280000e-03  4.37547462e-03  4.37989620e-03  4.36975478e-03  8.38995386e-01  7.06345960e-01 
 1.74280000e-03  7.67329559e-04  7.69483242e-04  7.85919988e-04  8.38631646e-01  7.06345928e-01 
 1.75280000e-03  1.16063554e-04  1.16280343e-04  1.00015282e-04  8.38239551e-01  7.06345894e-01 
 1.76280000e-03  2.42424686e-03  2.42219121e-03  2.43190642e-03  8.37858047e-01  7.06345862e-01 
 1.77280000e-03  7.68277012e-03  7.67875760e-03  7.65641354e-03  8.37527460e-01  7.06345833e-01 
 1.78280000e-03  1.58708804e-02  1.58645635e-02  1.58678797e-02  8.37266886e-01  7.06345810e-01 
 1.79280000e-03  2.69562628e-02  2.69479724e-02  2.69190230e-02  8.37087265e-01  7.06345793e-01 
 1.80280000e-03  4.08951686e-02  4.08845528e-02  4.08806943e-02  8.36982888e-01  7.06345782e-01 
 1.81280000e-03  5.76325872e-02  5.76199498e-02  5.75834979e-02  8.36927918e-01  7.06345776e-01 
 1.82280000e-03  7.71024637e-02  7.70874239e-02  7.70766468e-02  8.36897939e-01  7.06345771e-01 
 1.83280000e-03  9.92279593e-02  9.92108412e-02  9.91643472e-02  8.36880315e-01  7.06345767e-01 
 1.84280000e-03  1.23921755e-01  1.23902178e-01  1.23882866e-01  8.36872654e-01  7.06345764e-01 
 1.85280000e-03  1.51086395e-01  1.51064653e-01  1.51006635e-01  8.36869620e-01  7.06345761e-01 
 1.86280000e-03  1.80614674e-01  1.80590351e-01  1.80560541e-01  8.36868528e-01  7.06345759e-01 
 1.87280000e-03  2.12390056e-01  2.12363427e-01  2.12290256e-01  8.36868176e-01  7.06345756e-01 
 1.88280000e-03  2.46287140e-01  2.46257733e-01  2.46214080e-01  8.36868081e-01  7.06345754e-01 
 1.89280000e-03  2.82172148e-01  2.82140202e-01  2.82045760e-01  8.36868068e-01  7.06345752e-01 
 1.90280000e-03  3.19903458e-01  3.19868414e-01  3.19804897e-01  8.36868080e-01  7.06345751e-01 
 1.91280000e-03  3.59332164e-01  3.59294200e-01  3.59167236e-01  8.36868098e-01  7.06345749e-01 
 1.92280000e-03  4.00302656e-01  4.00261080e-01  4.00165694e-01  8.36868118e-01  7.06345747e-01 
 1.93280000e-03  4.42653245e-01  4.42608162e-01  4.42425003e-01  8.36868138e-01  7.06345746e-01 
 1.94280000e-03  4.86216790e-01  4.86167427e-01  4.86011805e-01  8.36868159e-01  7.06345745e-01 
 1.95280000e-03  5.30821368e-01  5.30767957e-01  5.30466708e-01  8.36868180e-01  7.06345744e-01 
 1.96280000e-03  5.76290943e-01  5.76232693e-01  5.75928448e-01  8.36868201e-01  7.06345743e-01 
 1.97280000e-03  6.22446069e-01  6.22383104e-01  6.21731742e-01  8.36868223e-01  7.06345743e-01 
 1.98280000e-03  6.69104591e-01  6.69035745e-01  6.68123071e-01  8.36868244e-01  7.06345742e-01 
 1.99280000e-03  7.16082371e-01  7.16007480e-01  7.13234853e-01  8.36868266e-01  7.06345742e-01 
 2.00280000e-03  7.63194009e-01  7.63111387e-01  7.56265338e-01  8.36868288e-01  7.06345742e-01 
 2.01280000e-03  8.10253575e-01  8.10162684e-01  7.92958359e-01  8.36868310e-01  7.06345742e-01 
 2.02280000e-03  8.57075348e-01  8.56973850e-01  8.42014184e-01  8.36868332e-01  7.06345742e-01 
 2.03280000e-03  9.03474544e-01  9.03361611e-01  8.98725117e-01  8.36868355e-01  7.06345743e-01 
 2.04280000e-03  9.49268046e-01  9.49141027e-01  9.47094280e-01  8.36868378e-01  7.06345744e-01 
 2.05280000e-03  9.94275128e-01  9.94134264e-01  9.92754902e-01  8.36868400e-01  7.06345745e-01 
 2.06280000e-03  1.03831817e+00  1.03816354e+00  1.03731493e+00  8.36868423e-01  7.06345746e-01 
 2.07280000e-03  1.08122335e+00  1.08106191e+00  1.08040207e+00  8.36868447e-01  7.06345747e-01 
 2.08280000e-03  1.12282134e+00  1.12266120e+00  1.12221130e+00  8.36868470e-01  7.06345748e-01 
 2.09280000e-03  1.16294798e+00  1.16279831e+00  1.16241358e+00  8.36868494e-01  7.06345750e-01 
 2.10280000e-03  1.20144490e+00  1.20130641e+00  1.20104234e+00  8.36868517e-01  7.06345752e-01 
 2.11280000e-03  1.23816017e+00  1.23803531e+00  1.23778412e+00  8.36868541e-01  7.06345753e-01 
 2.12280000e-03  1.27294890e+00  1.27283493e+00  1.27265144e+00  8.36868566e-01  7.06345755e-01 
 2.13280000e-03  1.30567378e+00  1.30557119e+00  1.30539505e+00  8.36868593e-01  7.06345758e-01 
 2.14280000e-03  1.33620568e+00  1.33611266e+00  1.33598273e+00  8.36868626e-01  7.06345760e-01 
 2.15280000e-03  1.36442409e+00  1.36434133e+00  1.36421479e+00  8.36868676e-01  7.06345763e-01 
 2.16280000e-03  1.39021765e+00  1.39014367e+00  1.39005156e+00  8.36868772e-01  7.06345766e-01 
 2.17280000e-03  1.41348456e+00  1.41342012e+00  1.41332926e+00  8.36868979e-01  7.06345770e-01 
 2.18280000e-03  1.43413301e+00  1.43407684e+00  1.43401339e+00  8.36869425e-01  7.06345777e-01 
 2.19280000e-03  1.45208149e+00  1.45203438e+00  1.45197108e+00  8.36870329e-01  7.06345788e-01 
 2.20280000e-03  1.46725918e+00  1.46722003e+00  1.46717979e+00  8.36872017e-01  7.06345808e-01 
 2.21280000e-03  1.47960617e+00  1.47957578e+00  1.47953523e+00  8.36874872e-01  7.06345840e-01 
 2.22280000e-03  1.48907374e+00  1.48905113e+00  1.48903093e+00  8.36879222e-01  7.06345889e-01 
 2.23280000e-03  1.49562453e+00  1.49561050e+00  1.49558999e+00  8.36885172e-01  7.06345956e-01 
 2.24280000e-03  1.49923267e+00  1.49922634e+00  1.49922459e+00  8.36892452e-01  7.06346038e-01 
 2.25280000e-03  1.49988394e+00  1.49988612e+00  1.49988443e+00  8.36900405e-01  7.06346128e-01 
 2.26280000e-03  1.49757575e+00  1.49758563e+00  1.49760203e+00  8.36908142e-01  7.06346215e-01 
 2.27280000e-03  1.49231723e+00  1.49233565e+00  1.49235284e+00  8.36914831e-01  7.06346290e-01 
 2.28280000e-03  1.48412912e+00  1.48415534e+00  1.48419074e+00  8.36919958e-01  7.06346348e-01 
 2.29280000e-03  1.47304374e+00  1.47307862e+00  1.47311604e+00  8.36923434e-01  7.06346387e-01 
 2.30280000e-03  1.45910483e+00  1.45914771e+00  1.45920436e+00  8.36925509e-01  7.06346410e-01 
 2.31280000e-03  1.44236741e+00  1.44241920e+00  1.44247974e+00  8.36926597e-01  7.06346424e-01 
 2.32280000e-03  1.42289754e+00  1.42295764e+00  1.42303958e+00  8.36927095e-01  7.06346431e-01 
 2.33280000e-03  1.40077204e+00  1.40084146e+00  1.40093025e+00  8.36927297e-01  7.06346435e-01 
 2.34280000e-03  1.37607825e+00  1.37615648e+00  1.37627055e+00  8.36927372e-01  7.06346438e-01 
 2.35280000e-03  1.34891360e+00  1.34900178e+00  1.34912752e+00  8.36927405e-01  7.06346440e-01 
 2.36280000e-03  1.31938533e+00  1.31948307e+00  1.31964086e+00  8.36927428e-01  7.06346442e-01 
 2.37280000e-03  1.28760994e+00  1.28771858e+00  1.28789635e+00  8.36927450e-01  7.06346445e-01 
 2.38280000e-03  1.25371286e+00  1.25383220e+00  1.25405423e+00  8.36927472e-01  7.06346447e-01 
 2.39280000e-03  1.21782785e+00  1.21795947e+00  1.21821713e+00  8.36927495e-01  7.06346449e-01 
 2.40280000e-03  1.18009654e+00  1.18024030e+00  1.18056637e+00  8.36927519e-01  7.06346450e-01 
 2.41280000e-03  1.14066784e+00  1.14082381e+00  1.14123297e+00  8.36927542e-01  7.06346452e-01 
 2.42280000e-03  1.09969734e+00  1.09985903e+00  1.10041175e+00  8.36927565e-01  7.06346454e-01 
 2.43280000e-03  1.05734676e+00  1.05750549e+00  1.05824119e+00  8.36927588e-01  7.06346455e-01 
 2.44280000e-03  1.01378321e+00  1.01393034e+00  1.01500731e+00  8.36927611e-01  7.06346456e-01 
 2.45280000e-03  9.69178632e-01  9.69311923e-01  9.70922671e-01  8.36927634e-01  7.06346457e-01 
 2.46280000e-03  9.23709057e-01  9.23827931e-01  9.26587352e-01  8.36927656e-01  7.06346458e-01 
 2.47280000e-03  8.77553931e-01  8.77660421e-01  8.83068973e-01  8.36927679e-01  7.06346458e-01 
 2.48280000e-03  8.30895409e-01  8.30990729e-01  8.43106709e-01  8.36927701e-01  7.06346459e-01 
 2.49280000e-03  7.83917629e-01  7.84003880e-01  8.02524359e-01  8.36927723e-01  7.06346459e-01 
 2.50280000e-03  7.36805991e-01  7.36884152e-01  7.44749054e-01  8.36927745e-01  7.06346459e-01 
 2.51280000e-03  6.89746425e-01  6.89817995e-01  6.90981596e-01  8.36927766e-01  7.06346459e-01 
 2.52280000e-03  6.42924652e-01  6.42990179e-01  6.43935065e-01  8.36927788e-01  7.06346459e-01 
 2.53280000e-03  5.96525456e-01  5.96585928e-01  5.96910301e-01  8.36927809e-01  7.06346458e-01 
 2.54280000e-03  5.50731954e-01  5.50787577e-01  5.51165884e-01  8.36927830e-01  7.06346457e-01 
 2.55280000e-03  5.05724872e-01  5.05776253e-01  5.05933299e-01  8.36927851e-01  7.06346457e-01 
 2.56280000e-03  4.61681832e-01  4.61728971e-01  4.61945777e-01  8.36927872e-01  7.06346455e-01 
 2.57280000e-03  4.18776653e-01  4.18820076e-01  4.18913912e-01  8.36927892e-01  7.06346454e-01 
 2.58280000e-03  3.77178661e-01  3.77218488e-01  3.77364025e-01  8.36927912e-01  7.06346453e-01 
 2.59280000e-03  3.37052024e-01  3.37088775e-01  3.37150392e-01  8.36927931e-01  7.06346451e-01 
 2.60280000e-03  2.98555104e-01  2.98588832e-01  2.98694856e-01  8.36927946e-01  7.06346449e-01 
 2.61280000e-03  2.61839831e-01  2.61870925e-01  2.61912821e-01  8.36927948e-01  7.06346448e-01 
 2.62280000e-03  2.27051103e-01  2.27079537e-01  2.27160400e-01  8.36927901e-01  7.06346446e-01 
 2.63280000e-03  1.94326216e-01  1.94352289e-01  1.94380566e-01  8.36927696e-01  7.06346443e-01 
 2.64280000e-03  1.63794319e-01  1.63817957e-01  1.63881210e-01  8.36927022e-01  7.06346441e-01 
 2.65280000e-03  1.35575908e-01  1.35597352e-01  1.35615345e-01  8.36925063e-01  7.06346439e-01 
 2.66280000e-03  1.09782348e-01  1.09801492e-01  1.09851524e-01  8.36919907e-01  7.06346436e-01 
 2.67280000e-03  8.65154352e-02  8.65324805e-02  8.65421438e-02  8.36907549e-01  7.06346432e-01 
 2.68280000e-03  6.58669925e-02  6.58818151e-02  6.59213483e-02  8.36880587e-01  7.06346428e-01 
 2.69280000e-03  4.79185103e-02  4.79312861e-02  4.79337933e-02  8.36827137e-01  7.06346421e-01 
 2.70280000e-03  3.27408229e-02  3.27513930e-02  3.27827439e-02  8.36737510e-01  7.06346411e-01 
 2.71280000e-03  2.03938299e-02  2.04023812e-02  2.03978200e-02  8.36594786e-01  7.06346398e-01 
 2.72280000e-03  1.09262590e-02  1.09326446e-02  1.09561483e-02  8.36378458e-01  7.06346378e-01 
 2.73280000e-03  4.37547462e-03  4.37985022e-03  4.36975478e-03  8.36079955e-01  7.06346352e-01 
 2.74280000e-03  7.67329559e-04  7.69529180e-04  7.85919988e-04  8.35716887e-01  7.06346320e-01 
 2.75280000e-03  1.16063554e-04  1.16234706e-04  1.00015282e-04  8.35325513e-01  7.06346287e-01 
 2.76280000e-03  2.42424686e-03  2.42223663e-03  2.43190642e-03  8.34944712e-01  7.06346254e-01 
 2.77280000e-03  7.68277012e-03  7.67871233e-03  7.65641354e-03  8.34614737e-01  7.06346225e-01 
 2.78280000e-03  1.58708804e-02  1.58646091e-02  1.58678797e-02  8.34354653e-01  7.06346202e-01 
 2.79280000e-03  2.69562628e-02  2.69479272e-02  2.69190230e-02  8.34175376e-01  7.06346185e-01 
 2.80280000e-03  4.08951686e-02  4.08845980e-02  4.08806943e-02  8.34071207e-01  7.06346175e-01 
 2.81280000e-03  5.76325872e-02  5.76199044e-02  5.75834979e-02  8.34016355e-01  7.06346168e-01 
 2.82280000e-03  7.71024637e-02  7.70874707e-02  7.70766468e-02  8.33986446e-01  7.06346163e-01 
 2.83280000e-03  9.92279593e-02  9.92107938e-02  9.91643472e-02  8.33968869e-01  7.06346159e-01 
 2.84280000e-03  1.23921755e-01  1.23902226e-01  1.23882866e-01  8.33961234e-01  7.06346156e-01 
 2.85280000e-03  1.51086395e-01  1.51064604e-01  1.51006635e-01  8.33958217e-01  7.06346153e-01 
 2.86280000e-03  1.80614674e-01  1.80590401e-01  1.80560541e-01  8.33957139e-01  7.06346151e-01 
 2.87280000e-03  2.12390056e-01  2.12363376e-01  2.12290256e-01  8.33956798e-01  7.06346149e-01 
 2.88280000e-03  2.46287140e-01  2.46257785e-01  2.46214080e-01  8.33956714e-01  7.06346147e-01 
 2.89280000e-03  2.82172148e-01  2.82140148e-01  2.82045760e-01  8.33956712e-01  7.06346145e-01 
 2.90280000e-03  3.19903458e-01  3.19868470e-01  3.19804897e-01  8.33956735e-01  7.06346143e-01 
 2.91280000e-03  3.59332164e-01  3.59294142e-01  3.59167236e-01  8.33956764e-01  7.06346141e-01 
 2.92280000e-03  4.00302656e-01  4.00261140e-01  4.00165694e-01  8.33956795e-01  7.06346140e-01 
 2.93280000e-03  4.42653245e-01  4.42608099e-01  4.42425003e-01  8.33956826e-01  7.06346138e-01 
 2.94280000e-03  4.86216790e-01  4.86167495e-01  4.86011805e-01  8.33956858e-01  7.06346137e-01 
 2.95280000e-03  5.30821368e-01  5.30767886e-01  5.30466708e-01  8.33956890e-01  7.06346136e-01 
 2.96280000e-03  5.76290943e-01  5.76232768e-01  5.75928448e-01  8.33956922e-01  7.06346136e-01 
 2.97280000e-03  6.22446069e-01  6.22383023e-01  6.21731742e-01  8.33956954e-01  7.06346135e-01 
 2.98280000e-03  6.69104591e-01  6.69035832e-01  6.68123071e-01  8.33956986e-01  7.06346134e-01 
 2.99280000e-03  7.16082371e-01  7.16007386e-01  7.13234853e-01  8.33957019e-01  7.06346134e-01 
 3.00280000e-03  7.63194009e-01  7.63111489e-01  7.56265338e-01  8.33957052e-01  7.06346134e-01 
 3.01280000e-03  8.10253575e-01  8.10162572e-01  7.92958359e-01  8.33957085e-01  7.06346134e-01 
 3.02280000e-03  8.57075348e-01  8.56973975e-01  8.42014184e-01  8.33957118e-01  7.06346135e-01 
 3.03280000e-03  9.03474544e-01  9.03361472e-01  8.98725117e-01  8.33957151e-01  7.06346135e-01 
 3.04280000e-03  9.49268046e-01  9.49141184e-01  9.47094280e-01  8.33957185e-01  7.06346136e-01 
 3.05280000e-03  9.94275128e-01  9.94134088e-01  9.92754902e-01  8.33957219e-01  7.06346137e-01 
 3.06280000e-03  1.03831817e+00  1.03816373e+00  1.03731493e+00  8.33957252e-01  7.06346138e-01 
 3.07280000e-03  1.08122335e+00  1.08106170e+00  1.08040207e+00  8.33957287e-01  7.06346139e-01 
 3.08280000e-03  1.12282134e+00  1.12266140e+00  1.12221130e+00  8.33957321e-01  7.06346141e-01 
 3.09280000e-03  1.16294798e+00  1.16279812e+00  1.16241358e+00  8.33957355e-01  7.06346142e-01 
 3.10280000e-03  1.20144490e+00  1.20130662e+00  1.20104234e+00  8.33957390e-01  7.06346144e-01 
 3.11280000e-03  1.23816017e+00  1.23803512e+00  1.23778412e+00  8.33957425e-01  7.06346146e-01 
 3.12280000e-03  1.27294890e+00  1.27283511e+00  1.27265144e+00  8.33957460e-01  7.06346148e-01 
 3.13280000e-03  1.30567378e+00  1.30557102e+00  1.30539505e+00  8.33957498e-01  7.06346150e-01 
 3.14280000e-03  1.33620568e+00  1.33611282e+00  1.33598273e+00  8.33957542e-01  7.06346152e-01 
 3.15280000e-03  1.36442409e+00  1.36434117e+00  1.36421479e+00  8.33957603e-01  7.06346155e-01 
 3.16280000e-03  1.39021765e+00  1.39014382e+00  1.39005156e+00  8.33957710e-01  7.06346158e-01 
 3.17280000e-03  1.41348456e+00  1.41341997e+00  1.41332926e+00  8.33957928e-01  7.06346162e-01 
 3.18280000e-03  1.43413301e+00  1.43407698e+00  1.43401339e+00  8.33958384e-01  7.06346169e-01 
 3.19280000e-03  1.45208149e+00  1.45203425e+00  1.45197108e+00  8.33959300e-01  7.06346180e-01 
 3.20280000e-03  1.46725918e+00  1.46722016e+00  1.46717979e+00  8.33960999e-01  7.06346200e-01 
 3.21280000e-03  1.47960617e+00  1.47957565e+00  1.47953523e+00  8.33963865e-01  7.06346233e-01 
 3.22280000e-03  1.48907374e+00  1.48905125e+00  1.48903093e+00  8.33968226e-01  7.06346281e-01 
 3.23280000e-03  1.49562453e+00  1.49561037e+00  1.49558999e+00  8.33974187e-01  7.06346348e-01 
 3.24280000e-03  1.49923267e+00  1.49922645e+00  1.49922459e+00  8.33981480e-01  7.06346430e-01 
 3.25280000e-03  1.49988394e+00  1.49988600e+00  1.49988443e+00  8.33989444e-01  7.06346520e-01 
 3.26280000e-03  1.49757575e+00  1.49758575e+00  1.49760203e+00  8.33997192e-01  7.06346607e-01 
 3.27280000e-03  1.49231723e+00  1.49233554e+00  1.49235284e+00  8.34003893e-01  7.06346682e-01 
 3.28280000e-03  1.48412912e+00  1.48415545e+00  1.48419074e+00  8.34009032e-01  7.06346740e-01 
 3.29280000e-03  1.47304374e+00  1.47307851e+00  1.47311604e+00  8.34012518e-01  7.06346779e-01 
 3.30280000e-03  1.45910483e+00  1.45914782e+00  1.45920436e+00  8.34014605e-01  7.06346803e-01 
 3.31280000e-03  1.44236741e+00  1.44241909e+00  1.44247974e+00  8.34015704e-01  7.06346816e-01 
 3.32280000e-03  1.42289754e+00  1.42295775e+00  1.42303958e+00  8.34016213e-01  7.06346823e-01 
 3.33280000e-03  1.40077204e+00  1.40084135e+00  1.40093025e+00  8.34016425e-01  7.06346827e-01 
 3.34280000e-03  1.37607825e+00  1.37615659e+00  1.37627055e+00  8.34016512e-01  7.06346830e-01 
 3.35280000e-03  1.34891360e+00  1.34900166e+00  1.34912752e+00  8.34016556e-01  7.06346833e-01 
 3.36280000e-03  1.31938533e+00  1.31948318e+00  1.31964086e+00  8.34016589e-01  7.06346835e-01 
 3.37280000e-03  1.28760994e+00  1.28771846e+00  1.28789635e+00  8.34016622e-01  7.06346837e-01 
 3.38280000e-03  1.25371286e+00  1.25383232e+00  1.25405423e+00  8.34016655e-01  7.06346839e-01 
 3.39280000e-03  1.21782785e+00  1.21795935e+00  1.21821713e+00  8.34016689e-01  7.06346841e-01 
 3.40280000e-03  1.18009654e+00  1.18024043e+00  1.18056637e+00  8.34016723e-01  7.06346843e-01 
 3.41280000e-03  1.14066784e+00  1.14082367e+00  1.14123297e+00  8.34016758e-01  7.06346844e-01 
 3.42280000e-03  1.09969734e+00  1.09985917e+00  1.10041175e+00  8.34016792e-01  7.06346846e-01 
 3.43280000e-03  1.05734676e+00  1.05750536e+00  1.05824119e+00  8.34016826e-01  7.06346847e-01 
 3.44280000e-03  1.01378321e+00  1.01393046e+00  1.01500731e+00  8.34016859e-01  7.06346848e-01 
 3.45280000e-03  9.69178632e-01  9.69311824e-01  9.70922671e-01  8.34016893e-01  7.06346849e-01 
 3.46280000e-03  9.23709057e-01  9.23828016e-01  9.26587352e-01  8.34016926e-01  7.06346850e-01 
 3.47280000e-03  8.77553931e-01  8.77660346e-01  8.83068973e-01  8.34016960e-01  7.06346851e-01 
 3.48280000e-03  8.30895409e-01  8.30990795e-01  8.43106709e-01  8.34016993e-01  7.06346851e-01 
 3.49280000e-03  7.83917629e-01  7.84003822e-01  8.02524359e-01  8.34017026e-01  7.06346851e-01 
 3.50280000e-03  7.36805991e-01  7.36884205e-01  7.44749054e-01  8.34017058e-01  7.06346851e-01 
 3.51280000e-03  6.89746425e-01  6.89817947e-01  6.90981596e-01  8.34017091e-01  7.06346851e-01 
 3.52280000e-03  6.42924652e-01  6.42990223e-01  6.43935065e-01  8.34017123e-01  7.06346851e-01 
 3.53280000e-03  5.96525456e-01  5.96585886e-01  5.96910301e-01  8.34017155e-01  7.06346850e-01 
 3.54280000e-03  5.50731954e-01  5.50787615e-01  5.51165884e-01  8.34017187e-01  7.06346850e-01 
 3.55280000e-03  5.05724872e-01  5.05776217e-01  5.05933299e-01  8.34017219e-01  7.06346849e-01 
 3.56280000e-03  4.61681832e-01  4.61729005e-01  4.61945777e-01  8.34017250e-01  7.06346848e-01 
 3.57280000e-03  4.18776653e-01  4.18820045e-01  4.18913912e-01  8.34017282e-01  7.06346847e-01 
 3.58280000e-03  3.77178661e-01  3.77218518e-01  3.77364025e-01  8.34017313e-01  7.06346845e-01 
 3.59280000e-03  3.37052024e-01  3.37088746e-01  3.37150392e-01  8.34017342e-01  7.06346844e-01 
 3.60280000e-03  2.98555104e-01  2.98588859e-01  2.98694856e-01  8.34017369e-01  7.06346842e-01 
 3.61280000e-03  2.61839831e-01  2.61870899e-01  2.61912821e-01  8.34017381e-01  7.06346840e-01 
 3.62280000e-03  2.27051103e-01  2.27079562e-01  2.27160400e-01  8.34017345e-01  7.06346838e-01 
 3.63280000e-03  1.94326216e-01  1.94352265e-01  1.94380566e-01  8.34017152e-01  7.06346836e-01 
 3.64280000e-03  1.63794319e-01  1.63817981e-01  1.63881210e-01  8.34016490e-01  7.06346833e-01 
 3.65280000e-03  1.35575908e-01  1.35597328e-01  1.35615345e-01  8.34014546e-01  7.06346831e-01 
 3.66280000e-03  1.09782348e-01  1.09801514e-01  1.09851524e-01  8.34009412e-01  7.06346828e-01 
 3.67280000e-03  8.65154352e-02  8.65324582e-02  8.65421438e-02  8.33997090e-01  7.06346825e-01 
 3.68280000e-03  6.58669925e-02  6.58818370e-02  6.59213483e-02  8.33970191e-01  7.06346820e-01 
 3.69280000e-03  4.79185103e-02  4.79312644e-02  4.79337933e-02  8.33916854e-01  7.06346813e-01 
 3.70280000e-03  3.27408229e-02  3.27514148e-02  3.27827439e-02  8.33827409e-01  7.06346804e-01 
 3.71280000e-03  2.03938299e-02  2.04023597e-02  2.03978200e-02  8.33684962e-01  7.06346790e-01 
 3.72280000e-03  1.09262590e-02  1.09326658e-02  1.09561483e-02  8.33469044e-01  7.06346770e-01 
 3.73280000e-03  4.37547462e-03  4.37982937e-03  4.36975478e-03  8.33171098e-01  7.06346744e-01 
 3.74280000e-03  7.67329559e-04  7.69550018e-04  7.85919988e-04  8.32808700e-01  7.06346713e-01 
 3.75280000e-03  1.16063554e-04  1.16214004e-04  1.00015282e-04  8.32418047e-01  7.06346679e-01 
 3.76280000e-03  2.42424686e-03  2.42225723e-03  2.43190642e-03  8.32037947e-01  7.06346646e-01 
 3.77280000e-03  7.68277012e-03  7.67869179e-03  7.65641354e-03  8.31708585e-01  7.06346617e-01 
 3.78280000e-03  1.58708804e-02  1.58646298e-02  1.58678797e-02  8.31448989e-01  7.06346594e-01 
 3.79280000e-03  2.69562628e-02  2.69479067e-02  2.69190230e-02  8.31270056e-01  7.06346578e-01 
 3.80280000e-03  4.08951686e-02  4.08846186e-02  4.08806943e-02  8.31166096e-01  7.06346567e-01 
 3.81280000e-03  5.76325872e-02  5.76198838e-02  5.75834979e-02  8.31111361e-01  7.06346560e-01 
 3.82280000e-03  7.71024637e-02  7.70874920e-02  7.70766468e-02  8.31081522e-01  7.06346555e-01 
 3.83280000e-03  9.92279593e-02  9.92107723e-02  9.91643472e-02  8.31063991e-01  7.06346551e-01 
 3.84280000e-03  1.23921755e-01  1.23902248e-01  1.23882866e-01  8.31056382e-01  7.06346548e-01 
 3.85280000e-03  1.51086395e-01  1.51064582e-01  1.51006635e-01  8.31053383e-01  7.06346546e-01 
 3.86280000e-03  1.80614674e-01  1.80590424e-01  1.80560541e-01  8.31052317e-01  7.06346543e-01 
 3.87280000e-03  2.12390056e-01  2.12363353e-01  2.12290256e-01  8.31051989e-01  7.06346541e-01 
 3.88280000e-03  2.46287140e-01  2.46257809e-01  2.46214080e-01  8.31051916e-01  7.06346539e-01 
 3.89280000e-03  2.82172148e-01  2.82140124e-01  2.82045760e-01  8.31051925e-01  7.06346537e-01 
 3.90280000e-03  3.19903458e-01  3.19868495e-01  3.19804897e-01  8.31051958e-01  7.06346535e-01 
 3.91280000e-03  3.59332164e-01  3.59294116e-01  3.59167236e-01  8.31051998e-01  7.06346534e-01 
 3.92280000e-03  4.00302656e-01  4.00261168e-01  4.00165694e-01  8.31052040e-01  7.06346532e-01 
 3.93280000e-03  4.42653245e-01  4.42608070e-01  4.42425003e-01  8.31052082e-01  7.06346531e-01 
 3.94280000e-03  4.86216790e-01  4.86167525e-01  4.86011805e-01  8.31052124e-01  7.06346530e-01 
 3.95280000e-03  5.30821368e-01  5.30767853e-01  5.30466708e-01  8.31052167e-01  7.06346529e-01 
 3.96280000e-03  5.76290943e-01  5.76232803e-01  5.75928448e-01  8.31052210e-01  7.06346528e-01 
 3.97280000e-03  6.22446069e-01  6.22382987e-01  6.21731742e-01  8.31052253e-01  7.06346527e-01 
 3.98280000e-03  6.69104591e-01  6.69035871e-01  6.68123071e-01  8.31052296e-01  7.06346527e-01 
 3.99280000e-03  7.16082371e-01  7.16007344e-01  7.13234853e-01  8.31052339e-01  7.06346527e-01 
 4.00000000e-03  7.50000000e-01  7.49919736e-01  7.44900812e-01  8.31052371e-01  7.06346527e-01 
